-2026.34
-2094.71
-2094.71
-2094.71
1.373
-2094.71
-2094.71
-2094.71
-2094.71
1.439
-2094.6
-2094.6
-2094.6
-2094.6
1.227
-2094.6
-2094.6
-2094.6
-2094.6
1.287
-2094.6
-2094.6
-2094.6
-2094.6
1.403
-2094.6
-2094.6
-2094.6
-2094.6
1.326
-2094.6
-2094.6
-2094.6
-2094.6
1.48
-1976.37
-2094.71
-2094.71
-2094.71
1.434
-2094.81
-2094.81
-2094.81
-2094.81
1.472
-2094.81
-2094.81
-2094.81
-2094.81
1.329
-2094.5
-2094.71
-2094.71
-2094.71
1.398
-2094.6
-2094.6
-2094.6
-2094.6
1.398
-2094.71
-2094.71
-2094.71
-2094.71
1.286
-2060.47
-2094.6
-2094.6
-2094.6
1.327
-2094.6
-2094.6
-2094.6
-2094.6
1.387
-2094.81
-2094.81
-2094.81
-2094.81
1.337
-2094.6
-2094.6
-2094.6
-2094.6
1.313
-2094.71
-2094.71
-2094.71
-2094.71
1.404
-2094.81
-2094.81
-2094.81
-2094.81
1.42
-2094.81
-2094.81
-2094.81
-2094.81
1.412
-2094.71
-2094.71
-2094.71
-2094.71
1.45
-1942.13
-2094.71
-2094.71
-2094.71
1.348
-2094.81
-2094.81
-2094.81
-2094.81
1.347
-2094.71
-2094.71
-2094.71
-2094.71
1.399
-2094.6
-2094.6
-2094.6
-2094.6
1.388
-2094.71
-2094.71
-2094.71
-2094.71
1.37
-2094.71
-2094.71
-2094.71
-2094.71
1.387
-2094.5
-2094.5
-2094.5
-2094.5
1.346
-2060.57
-2094.71
-2094.71
-2094.71
1.345
-2094.6
-2094.6
-2094.6
-2094.6
1.236
-4189.1
-4189.1
-4189.1
-4189.1
2.571
-4155.07
-4189.31
-4189.31
-4189.31
2.688
-4070.76
-4189.09
-4189.1
-4189.1
2.727
-3935.93
-4155.28
-4155.28
-4189.41
2.47
-4189.1
-4189.1
-4189.1
-4189.1
2.779
-4024.37
-4189.61
-4189.62
-4189.62
2.703
-4155.01
-4189.1
-4189.1
-4189.1
2.535
-4052.22
-4188.98
-4188.99
-4189
2.367
-4154.75
-4189.21
-4189.21
-4189.21
2.78
-4032.71
-4188.89
-4189.21
-4189.21
2.603
-4070.73
-4154.96
-4189.1
-4189.1
2.657
-4086.13
-4189.1
-4189.1
-4189.1
2.597
-4087
-4155.38
-4189.52
-4189.52
2.365
-4121.14
-4189.41
-4189.41
-4189.41
2.501
-4189.51
-4189.52
-4189.52
-4189.52
2.522
-3968.25
-4189.1
-4189.1
-4189.1
2.565
-4120.85
-4189.51
-4189.52
-4189.51
2.54
-4121.15
-4189.41
-4189.41
-4189.41
2.53
-4189.28
-4189.41
-4189.41
-4189.41
2.505
-4105.18
-4189.33
-4189.41
-4189.41
2.61
-4188.98
-4189
-4189
-4189
2.538
-4162.64
-4189.41
-4189.41
-4189.41
2.629
-4002.48
-4086.61
-4189.2
-4189.2
2.485
-4121.15
-4189.41
-4189.41
-4189.41
2.555
-4188.89
-4188.89
-4188.89
-4188.89
2.306
-4070.11
-4189.1
-4189.1
-4189.1
2.518
-4189.23
-4189.31
-4189.31
-4189.31
2.522
-4032.82
-4070.97
-4155.17
-4155.17
2.725
-4154.69
-4189
-4189
-4189
2.588
-4023.83
-4189.1
-4189.1
-4189.1
2.449
-10946.2
-11771.5
-11843.3
-11946.4
6.808
-11144.9
-11721.7
-11899
-11990.8
7.405
-11172
-11450.7
-11739.2
-12161
7.735
-10823.5
-11458.4
-11807.8
-11897.8
7.492
-10584.1
-11630.7
-11986.5
-12175.4
7.491
-11274
-11718
-12241.8
-12288.7
7.883
-11284.7
-11820.3
-12034.4
-12123.5
7.486
-10831.9
-11298.9
-11487
-11652.2
7.569
-10854.9
-11625.5
-12115
-12149
7.424
-10889.6
-11611.6
-11858.6
-11836.2
7.503
-11278.6
-11891.4
-11994.4
-12270.8
7.002
-10716.1
-11283.2
-11709.3
-11765.1
7.649
-11215.9
-11864.5
-11948.2
-12082.8
7.339
-11257.4
-11570.9
-11700.5
-12044
6.777
-11667.5
-11975.4
-12088.6
-12269.1
7.24
-10903.1
-10908.9
-11441.5
-11893.4
7.446
-11515
-11836.1
-11891.4
-12029.2
7.703
-11027.3
-11276.3
-11303.6
-11298.3
7.157
-11748.6
-11797.1
-11918.4
-12169.9
7.587
-10763.2
-10999.9
-11657.4
-11779.8
7.391
-11389.8
-11889.1
-11960.2
-12067.3
7.584
-11495
-11811.2
-11841.1
-11891.6
7.411
-10644.6
-10953.8
-11265.3
-11841.2
7.9
-11461.3
-11478.6
-11599.6
-11685.8
7.678
-10865.2
-11848.7
-11896.7
-12068.1
7.523
-11031
-11892.3
-11976.6
-12080.6
6.845
-11242.5
-11547.4
-11762.5
-11873.8
7.372
-11137.9
-11353.9
-11540.4
-11615.5
7.171
-10783.2
-11134.1
-11895.6
-12246.9
7.735
-11534.2
-11881.4
-12011.7
-11961.5
7.788