-2094.49
-2094.7
-2094.71
-2094.71
12.689
-2094.81
-2094.81
-2094.91
-2094.91
12.41
-2094.6
-2094.6
-2094.6
-2094.6
12.876
-2094.81
-2094.81
-2094.81
-2094.81
12.812
-2094.7
-2094.7
-2094.7
-2094.7
12.682
-2094.71
-2094.71
-2094.71
-2094.71
12.68
-2094.59
-2094.6
-2094.6
-2094.6
13.084
-2094.6
-2094.59
-2094.6
-2094.6
12.313
-2094.6
-2094.59
-2094.6
-2094.59
12.974
-2094.49
-2094.6
-2094.6
-2094.81
13.078
-2094.91
-2094.91
-2094.91
-2094.91
12.33
-2094.59
-2094.6
-2094.6
-2094.7
12.427
-2094.91
-2094.91
-2094.91
-2094.91
12.869
-2094.81
-2094.81
-2094.81
-2094.81
12.909
-2094.8
-2094.81
-2094.81
-2094.81
12.696
-2094.81
-2094.81
-2094.81
-2094.81
12.905
-2094.48
-2094.49
-2094.49
-2094.49
12.65
-2094.91
-2094.91
-2094.91
-2094.91
12.946
-2094.81
-2094.81
-2094.91
-2094.91
12.469
-2094.7
-2094.7
-2094.7
-2094.7
12.448
-2094.7
-2094.7
-2094.7
-2094.7
12.841
-2094.71
-2094.7
-2094.71
-2094.7
12.613
-2094.71
-2094.7
-2094.81
-2094.81
12.67
-2094.91
-2094.91
-2094.91
-2094.91
12.318
-2094.6
-2094.6
-2094.6
-2094.59
12.769
-2094.7
-2094.7
-2094.7
-2094.7
12.645
-2094.7
-2094.7
-2094.7
-2094.7
12.903
-2094.6
-2094.59
-2094.6
-2094.59
12.268
-2094.6
-2094.6
-2094.6
-2094.6
12.64
-2094.81
-2094.81
-2094.81
-2094.81
12.668
-4187.44
-4187.87
-4188.95
-4189.15
25.252
-4188.53
-4187.19
-4188.15
-4186.9
25.195
-4186.84
-4184.94
-4187.64
-4187.91
24.902
-4187.51
-4188.27
-4187.52
-4186.28
24.418
-4188.36
-4188.01
-4188.42
-4189.19
24.846
-4188.25
-4188.21
-4188.13
-4187.57
24.219
-4186.81
-4186.66
-4187.76
-4188.01
23.867
-4188.18
-4187.9
-4187.95
-4187.85
25.419
-4188.59
-4187.93
-4189.05
-4188.15
25.282
-4188.02
-4188.86
-4186.31
-4187.77
24.807
-4188.01
-4188.67
-4188.6
-4188.93
24.45
-4188.51
-4188.92
-4187.13
-4188.98
23.933
-4188.4
-4188.35
-4187.41
-4188.48
25.059
-4186.61
-4187.74
-4187.69
-4189.24
24.919
-4188.02
-4188.86
-4188.52
-4187.09
25.131
-4189.1
-4188.51
-4189.03
-4188.98
24.553
-4182.43
-4188
-4188.64
-4188.54
25.374
-4188.99
-4188.33
-4188.9
-4188.49
24.598
-4187.68
-4188.1
-4187.58
-4188.23
24.958
-4187.9
-4188.67
-4188.27
-4189.12
23.828
-4188.25
-4188.17
-4188.52
-4188.44
24.464
-4188.17
-4188.62
-4188.78
-4187.97
24.546
-4187.18
-4188.27
-4188.69
-4187.25
25.124
-4187.38
-4187.81
-4186.94
-4186.35
25.131
-4187.41
-4188.41
-4188.43
-4188.47
25.185
-4188.05
-4188.86
-4188.71
-4188.08
25.406
-4187.09
-4187.89
-4187.01
-4186.64
24.403
-4188.44
-4188.97
-4188.7
-4188.7
25.46
-4187.38
-4187.36
-4188.23
-4188.64
25.043
-4188.39
-4187.8
-4188.81
-4188.65
25.018
-11926.7
-11358.9
-11340
-11486.9
72.964
-11161.7
-11404.3
-11160.7
-11545.8
74.62
-11365.9
-11542.9
-11454
-11914.5
74.038
-11518.7
-11442.5
-11749.9
-11150.1
74.614
-11575.5
-11071.8
-11490.2
-11528.6
75.563
-11533.3
-11159.5
-11440.8
-11663
75.701
-11291.8
-11175.3
-11346.3
-11006.6
76.01
-11578.9
-11853.2
-11641.6
-11628.2
71.672
-11401.7
-11188.8
-11972.9
-11246.8
74.101
-11276
-11408.4
-11583
-11513.7
76.806
-11400.7
-11121.3
-11469.2
-11582.2
74.709
-10780.5
-11313.1
-11336.3
-11624.2
74.624
-11234.2
-11556.1
-11224.6
-11632.6
73.757
-11351.3
-11547.4
-11702.8
-11682.2
74.608
-11355.4
-11312.5
-11251
-11560.1
76.509
-11202.1
-11198.9
-11279.5
-11591.8
73.759
-11490.1
-11565.7
-11274.7
-11526.9
74.684
-11461.8
-11559.7
-11678.8
-11816.8
73.189
-11326.8
-11773
-11676.6
-11879.4
72.793
-11678
-11166
-11323.7
-11399
76.355
-11196.6
-11397.7
-11445.4
-11414.9
75.18
-10938
-11414.3
-11544.6
-11547.2
75.579
-11057
-11387
-11807.7
-11270.3
73.052
-11443.2
-11356.5
-11456.1
-11668
75.191
-11493
-11589
-11487.5
-11438
75.211
-11548.4
-11287.4
-11573.2
-11468.8
72.801
-11735.5
-11101.7
-11774
-11280.7
74.437
-11585.8
-11591.6
-11548.6
-11511.3
71.081
-11690.5
-11773.9
-11059
-11363.5
75.027
-11704.6
-11461.4
-11319.7
-11375.8
76.407