-2094.37
-2094.09
-2094.68
-2094.54
6.466
-2094.76
-2094.2
-2094.57
-2093.76
6.451
-2094.47
-2094.88
-2094.86
-2094.79
6.53
-2094.88
-2094.82
-2094.83
-2094.78
6.774
-2094.44
-2094.49
-2094.16
-2094.69
6.622
-2094.71
-2094.78
-2094.81
-2094.68
6.526
-2094.24
-2094.45
-2094.82
-2094.61
6.765
-2094.58
-2094.61
-2094.61
-2094.53
6.815
-2093.78
-2094.59
-2093.76
-2094.44
6.653
-2094.7
-2094.55
-2094.29
-2094.4
6.534
-2094.54
-2094.71
-2094.75
-2094.81
6.822
-2094.26
-2094.47
-2094.45
-2094.55
6.773
-2094.59
-2094.82
-2094.77
-2094.83
6.39
-2094.57
-2093.8
-2094.33
-2094.83
6.632
-2094.36
-2094.61
-2094.33
-2094.64
6.688
-2094.11
-2094.64
-2094.45
-2094.43
6.596
-2094.1
-2094.57
-2094.85
-2094.76
6.773
-2094.78
-2094.89
-2094.77
-2094.76
6.59
-2094
-2094.27
-2094.63
-2094.13
6.843
-2094.79
-2094.56
-2094.62
-2094.4
6.762
-2094.61
-2094.66
-2094.78
-2094.53
6.546
-2094.56
-2094.64
-2094.81
-2094.86
6.743
-2094.41
-2094.52
-2094.8
-2094.78
6.436
-2094.82
-2094.8
-2094.85
-2094.57
6.71
-2094.7
-2094.74
-2094.39
-2094.8
6.788
-2094.6
-2094.66
-2094.84
-2094.82
6.707
-2094.72
-2094.63
-2094.71
-2094.87
6.527
-2094.9
-2094.87
-2094.71
-2094.83
6.373
-2094.45
-2094.56
-2094.56
-2094.79
6.657
-2094.58
-2094.25
-2094.6
-2094.42
6.566
-4177.14
-4182.42
-4184.81
-4182.91
12.531
-4180.11
-4177.63
-4176.82
-4183.28
12.898
-4185.18
-4177.53
-4174.71
-4180.53
12.795
-4182.47
-4181.66
-4177.42
-4185.95
12.804
-4180.52
-4179.77
-4170.45
-4181.59
12.771
-4182.41
-4165.23
-4180.66
-4181.14
13.003
-4184.26
-4177.24
-4173.32
-4176.78
12.857
-4184.28
-4181.99
-4182.66
-4179.23
12.832
-4181.14
-4177.17
-4184.22
-4175.49
12.823
-4178.84
-4171.5
-4187.46
-4184.36
12.652
-4183.49
-4183.92
-4185.16
-4173
12.684
-4180.33
-4178.7
-4181.11
-4185.65
12.531
-4185.48
-4172.17
-4181.82
-4172.03
12.769
-4187.33
-4184.55
-4184.12
-4183.77
12.791
-4185.07
-4180.07
-4171.45
-4177.1
12.765
-4174.01
-4188.18
-4173.73
-4186.59
12.533
-4179.27
-4185.54
-4179.59
-4172.86
12.912
-4181.32
-4184.36
-4182.85
-4180.83
12.54
-4181.55
-4175.57
-4180.42
-4179.16
12.856
-4180.6
-4185.83
-4180.43
-4177.57
12.644
-4186.96
-4173.47
-4180.98
-4185.92
12.931
-4179.81
-4186.24
-4174.96
-4176.89
12.722
-4181.75
-4177.76
-4178.64
-4179.43
13.501
-4185.62
-4181.04
-4178.79
-4185.63
13.002
-4182.88
-4183.05
-4181.79
-4180.22
13.489
-4178.78
-4179.32
-4172.55
-4181.39
12.553
-4183.82
-4183.36
-4183.79
-4183.2
12.745
-4182.2
-4181.51
-4178.68
-4178.15
12.505
-4183.97
-4177.89
-4174.95
-4181.96
12.838
-4182.34
-4184.01
-4182.77
-4184.9
12.594
-12089.2
-12221.2
-12115.3
-12082.9
37.943
-12231.8
-12128.2
-12137.2
-12164.1
38.838
-11989.3
-12102.8
-12235.8
-12130
38.064
-12205.8
-12153.2
-11932.3
-11855.7
39.04
-11999.6
-11741.1
-11806.1
-11892.9
38.065
-11860.6
-12221.8
-11968.2
-12090.9
38.019
-12113.5
-12038.3
-12116.4
-12294.6
38.617
-12005.9
-12267.5
-12088.6
-12187.5
37.719
-11827.7
-11892.7
-12151.2
-12054.5
40.2
-12101.1
-12212.7
-12226.1
-12026.3
38.105
-12106.9
-12011.3
-12149.3
-12237.2
37.897
-12199.1
-12052.8
-12012.1
-11974.6
39.504
-12031.7
-12085.2
-12013.9
-12094.5
37.791
-12068.9
-12131.6
-12089
-11923.5
37.806
-12089.5
-11834.3
-12029.3
-12146.8
38.943
-11916.9
-12020.6
-11890
-12233.6
37.889
-12045.1
-12162.4
-11995
-11919.9
37.787
-11995.3
-11986.1
-12130.9
-11913.4
39.079
-11972.6
-11665
-11685.4
-11951.2
38.877
-11961.8
-11917.7
-11857.1
-12282.3
37.991
-12162.4
-12084.1
-12036.2
-11890.7
37.483
-12133.6
-12085.7
-12031.9
-12131.2
39.248
-12025.4
-12000.6
-11935.3
-12140.1
38.127
-11988
-12176.5
-11984.6
-11953.2
37.704
-12023.5
-12274.3
-12002.2
-12128.8
37.779
-12113.3
-12217.7
-12183
-11675.3
40.247
-12064.9
-12000.6
-12043.3
-12174.2
37.926
-12069.9
-12135.3
-12025.3
-12122.5
37.816
-12030.7
-12048.9
-11987.7
-11865.9
39.769
-12014.8
-12043.3
-12191.2
-12154.7
38.957