-2094.6
-2094.6
-2094.6
-2094.6
25.754
-2094.91
-2094.91
-2094.91
-2094.91
25.31
-2094.71
-2094.71
-2094.71
-2094.71
23.202
-2094.81
-2094.81
-2094.81
-2094.81
25.567
-2094.81
-2094.81
-2094.81
-2094.81
24.662
-2094.71
-2094.71
-2094.71
-2094.71
25.509
-2094.6
-2094.6
-2094.6
-2094.6
25.457
-2094.81
-2094.81
-2094.81
-2094.81
25.665
-2094.91
-2094.91
-2094.91
-2094.91
25.678
-2094.71
-2094.71
-2094.71
-2094.71
24.847
-2094.71
-2094.7
-2094.7
-2094.71
25.994
-2094.71
-2094.71
-2094.71
-2094.71
24.335
-2094.91
-2094.91
-2094.91
-2094.91
24.287
-2094.71
-2094.71
-2094.71
-2094.71
25.792
-2094.71
-2094.71
-2094.71
-2094.71
26.189
-2094.81
-2094.81
-2094.81
-2094.81
26.252
-2094.6
-2094.6
-2094.6
-2094.6
25.603
-2094.39
-2094.39
-2094.39
-2094.39
26.056
-2094.5
-2094.49
-2094.5
-2094.5
24.893
-2094.6
-2094.6
-2094.6
-2094.6
26.206
-2094.71
-2094.71
-2094.71
-2094.71
24.841
-2094.81
-2094.81
-2094.81
-2094.81
24.378
-2094.5
-2094.5
-2094.5
-2094.49
25.489
-2094.81
-2094.81
-2094.81
-2094.81
25.381
-2094.71
-2094.71
-2094.71
-2094.71
23.287
-2094.6
-2094.6
-2094.6
-2094.6
25.191
-2094.71
-2094.71
-2094.71
-2094.71
25.709
-2094.91
-2094.91
-2094.91
-2094.91
25.899
-2094.71
-2094.71
-2094.71
-2094.71
25.979
-2094.81
-2094.81
-2094.81
-2094.81
24.126
-4188.53
-4187.36
-4185.23
-4188.24
49.579
-4188.09
-4187.2
-4188.07
-4185.71
50.535
-4188.68
-4187.24
-4187.34
-4187.6
47.36
-4188.48
-4189.15
-4187.06
-4187.63
49.966
-4186.85
-4187.8
-4188.39
-4188.23
49.454
-4187.15
-4188.02
-4186.1
-4189.09
47.183
-4186.11
-4188.39
-4189.16
-4188.42
49.949
-4188.42
-4188.09
-4188.45
-4189.4
50.146
-4185.98
-4187.8
-4185.14
-4188.54
49.72
-4187.52
-4185.99
-4188.13
-4186.45
50.43
-4187.41
-4188.48
-4188.8
-4188.64
49.866
-4187.92
-4187.73
-4188.69
-4188.32
50.074
-4187.92
-4188.37
-4186.99
-4188.71
50.052
-4187.65
-4187.58
-4188.07
-4186.9
50.401
-4189.24
-4186.47
-4186.32
-4188.93
50.495
-4187.16
-4187.94
-4187.99
-4188.25
48.114
-4186.68
-4187.55
-4188.35
-4187.24
49.01
-4188.74
-4187.88
-4188.67
-4188.56
49.207
-4187.57
-4187.83
-4185.62
-4188.7
49.936
-4188.73
-4185.57
-4186.54
-4189.29
48.194
-4188.42
-4188.58
-4187.95
-4187.88
51.781
-4187.12
-4188.74
-4185.4
-4188.91
49.745
-4185.92
-4188.43
-4189.38
-4189.09
49.009
-4185.88
-4188.8
-4186.76
-4188.23
51.821
-4186.17
-4188.02
-4188.85
-4186.42
50.265
-4184.96
-4186.87
-4185.92
-4186.09
49.286
-4188.15
-4188.44
-4187.93
-4189.14
50.751
-4188.91
-4188.82
-4188.48
-4187.87
50.067
-4184.95
-4188.97
-4187.91
-4187.84
48.621
-4189.17
-4187.88
-4187.54
-4187.01
50.172
-10861
-10040.5
-10524.8
-10619.3
148.785
-10215.6
-11016.5
-10846.4
-10600
143.816
-11041.2
-10932.1
-10739.4
-10649.7
149.549
-11099.9
-10548.8
-10772.6
-10628.2
144.662
-10626.9
-10409.7
-10643.9
-10980.5
147.726
-10490.7
-11148.5
-10635.6
-10691.7
146.169
-10498.5
-10434.5
-10486.8
-10348.6
144.739
-10809
-10391.3
-10500.5
-10029.7
146.211
-10150.9
-10577.7
-10627.1
-10712.2
153.681
-10726.6
-10683.3
-10110.8
-10904.1
143.162
-10891.3
-10066.7
-10973.8
-10682.6
152.759
-10262.1
-10683.8
-10377.2
-10369.8
145.762
-10693.3
-10830.1
-10743.5
-10430.9
150.875
-10470.7
-11177.1
-10498.7
-10513
147.704
-10241.2
-10401.6
-11348.6
-10770
150.542
-10611.4
-9943.83
-10484.2
-10688.7
149.496
-10578.8
-10487.3
-10708.9
-10605.9
142.985
-9985.24
-10471.1
-10665.5
-10501.4
146.711
-10825
-10683.2
-10761.2
-10921
148.145
-10644.5
-10100.9
-10757.3
-10965.7
143.398
-10251.8
-10631.4
-10778.4
-10216.9
151.626
-10727.7
-10509.4
-10048.8
-10348.4
146.688
-10346.4
-10655.4
-10337.2
-10533.6
147.936
-10138
-11246.4
-11085.6
-9832.16
150.103
-10436
-10590.7
-10775.2
-10868.7
152.01
-10792.7
-10279
-10663.4
-10881.6
150.184
-10651.8
-10256
-10084.8
-10559.1
149.996
-10629.7
-10267.3
-10890.1
-10677.1
146.729
-10179.8
-11091.4
-10281.1
-10530.8
146.646
-10832
-10445.9
-11051.3
-10501.9
151.495