-2094.64
-2094.1
-2094.4
-2093.48
13.295
-2093.93
-2094.41
-2094.49
-2093.42
13.235
-2093.38
-2093.72
-2094.16
-2093.48
12.533
-2094.5
-2094.18
-2093.7
-2093.28
12.693
-2094.38
-2094.28
-2093.56
-2093.22
13.164
-2093.76
-2094.79
-2094.56
-2094.54
13.163
-2094.27
-2094.02
-2094.47
-2094.38
12.951
-2093.75
-2094.06
-2094.08
-2094.16
12.425
-2094.2
-2094.64
-2094.6
-2094.18
12.63
-2094.3
-2094.43
-2094.67
-2094.57
13.063
-2094.82
-2094.36
-2094.72
-2094.19
13.028
-2093.94
-2094.48
-2093.5
-2094.55
12.998
-2093.43
-2094.43
-2094.06
-2094.65
12.563
-2094.59
-2094.3
-2094.64
-2094.49
13.049
-2094.41
-2094.17
-2094.27
-2093.4
13.006
-2094.34
-2094.22
-2093.23
-2094.16
13.18
-2094.7
-2093.88
-2094.63
-2094.12
13.038
-2093.74
-2092.77
-2094.16
-2092.33
12.565
-2093.59
-2092.47
-2094.45
-2094.25
13.156
-2093.92
-2094.36
-2094.8
-2094.08
13.169
-2094.47
-2094.77
-2093.93
-2094.37
12.999
-2094.6
-2094.15
-2094.79
-2094.02
12.555
-2094.66
-2093.69
-2094.06
-2094.84
13.054
-2093.3
-2093.14
-2093.74
-2094.6
12.989
-2094.54
-2094.48
-2093.97
-2094.57
13.068
-2094.09
-2093.54
-2094.6
-2094.23
13.008
-2094.51
-2094.73
-2093.74
-2092.8
13.162
-2093.45
-2093.3
-2094.71
-2094.7
12.7
-2094.58
-2092.68
-2093.92
-2093.01
12.443
-2093.88
-2093.35
-2094.24
-2093.98
12.999
-4177.69
-4180.5
-4167.11
-4179.14
25.524
-4182.75
-4180.77
-4185.45
-4183.25
25.057
-4179.25
-4179.62
-4181.8
-4175.74
25.711
-4179.72
-4179.4
-4175.28
-4184.2
25.029
-4179.94
-4170.44
-4184.46
-4176.01
25.55
-4185.57
-4178.34
-4179.39
-4174.83
25.692
-4174.38
-4182.83
-4185.09
-4170.59
24.846
-4176.77
-4174.08
-4178.2
-4179.76
25.321
-4172.11
-4172.62
-4183.08
-4177.02
25.542
-4163.85
-4173.42
-4177.07
-4180.13
25.382
-4184.86
-4172.35
-4186.61
-4173.97
25.577
-4180.26
-4174.2
-4180.08
-4178.03
25.889
-4180.53
-4176.78
-4182.26
-4180.68
25.845
-4177.92
-4181.92
-4177.15
-4175.3
24.949
-4184.16
-4176.84
-4176.73
-4176.29
25.505
-4177.67
-4172.35
-4182.66
-4179.4
25.395
-4184.27
-4177.24
-4175.15
-4185.38
25.593
-4176.72
-4176.27
-4169.73
-4175.08
25.451
-4173.67
-4171.5
-4180.11
-4174.39
25.465
-4180.34
-4176.45
-4177.88
-4176.64
25.886
-4182.78
-4179.46
-4182.4
-4173.86
25.7
-4177.57
-4171.1
-4181.93
-4181.6
25.419
-4179.99
-4178.59
-4176.73
-4179.29
25.662
-4172.22
-4176.19
-4179.04
-4179.87
25.467
-4176.57
-4176.97
-4175.99
-4178.17
25.468
-4175.1
-4179.86
-4182.18
-4182.07
25.136
-4173.5
-4179.4
-4184.38
-4180.51
25.314
-4172.95
-4173.9
-4166.5
-4182.07
24.978
-4181.06
-4180.11
-4179.89
-4173.32
25.726
-4171.07
-4179.14
-4179.1
-4178.27
24.913
-12229.2
-12092.9
-12166.1
-12234.2
75.647
-12306.5
-12135.2
-12287.2
-12363.7
75.464
-12207.1
-12183.3
-12268
-12354.4
76.072
-12158.3
-12239.5
-12289.8
-12309.6
77.326
-12287.6
-12183.5
-12091.7
-12172.1
76.326
-12270.2
-12116.4
-12304.5
-12167.1
76.093
-12262.5
-12299.7
-12162.6
-12105.1
76.9
-12278.2
-12298.1
-12168.9
-12262.9
76.172
-12117.5
-12175.5
-12269.4
-12286.3
75.707
-12272.7
-12220
-12205.1
-12273.1
75.84
-12318.1
-11876.7
-12065
-12211.3
75.096
-12256.9
-12116.7
-12300.8
-12113.6
76.2
-12290.3
-12274.3
-12207.3
-12319.5
76.062
-12297
-12292.4
-12381.5
-12252.1
76.006
-12294
-12204.5
-12242.5
-12201
76.577
-12154.5
-12118.5
-12341
-12167.6
75.582
-12324.8
-12235.2
-12181.3
-12182.5
76.188
-11982
-12235.4
-12225.4
-12171.7
76.239
-12067.4
-12285.9
-12306.3
-12255.3
76.11
-12137.6
-12141.3
-12212.1
-12207.5
76.575
-12176.4
-12107.9
-12199
-12239.2
76.742
-12200
-12137.8
-12253.3
-12300
76.281
-12338.6
-12360.3
-12194.8
-12394.6
75.83
-12212.6
-12282.9
-12253.1
-12281
76.876
-12203.6
-12164
-12143.4
-12224.1
76.032
-12221.9
-12333.4
-12263.4
-12222.2
75.952
-12348
-12251.8
-12038.3
-12143.2
76.717
-12118.6
-12070.4
-12174.8
-12253.1
75.53
-12353.2
-12261.3
-12319
-12272
75.933
-12298.7
-12147.3
-12154.8
-12155.6
75.863