-2094.6
-2094.6
-2094.6
-2094.6
27.256
-2094.81
-2094.81
-2094.81
-2094.81
27.167
-2094.5
-2094.5
-2094.5
-2094.5
27.268
-2094.6
-2094.6
-2094.6
-2094.6
27.46
-2094.5
-2094.5
-2094.5
-2094.5
28.129
-2094.6
-2094.6
-2094.6
-2094.6
26.18
-2094.6
-2094.6
-2094.6
-2094.6
27.514
-2094.6
-2094.6
-2094.6
-2094.6
26.997
-2094.81
-2094.81
-2094.81
-2094.81
27.321
-2094.71
-2094.71
-2094.71
-2094.71
28.313
-2094.71
-2094.71
-2094.71
-2094.71
26.98
-2094.5
-2094.5
-2094.5
-2094.5
27.321
-2094.6
-2094.6
-2094.6
-2094.6
27.316
-2094.6
-2094.6
-2094.6
-2094.6
27.607
-2094.6
-2094.6
-2094.6
-2094.6
28.604
-2094.81
-2094.81
-2094.81
-2094.81
27.681
-2094.71
-2094.71
-2094.71
-2094.71
28.216
-2094.71
-2094.71
-2094.71
-2094.71
27.345
-2094.71
-2094.71
-2094.71
-2094.71
27.463
-2094.5
-2094.5
-2094.5
-2094.5
27.193
-2094.6
-2094.6
-2094.6
-2094.6
27.707
-2094.71
-2094.71
-2094.71
-2094.71
26.91
-2094.71
-2094.71
-2094.71
-2094.71
26.985
-2094.6
-2094.6
-2094.6
-2094.6
26.637
-2094.81
-2094.81
-2094.81
-2094.81
28.269
-2094.71
-2094.71
-2094.71
-2094.71
27.276
-2094.6
-2094.6
-2094.6
-2094.6
26.312
-2094.81
-2094.81
-2094.81
-2094.81
27.304
-2094.71
-2094.71
-2094.71
-2094.71
26.77
-2094.6
-2094.6
-2094.6
-2094.6
27.13
-4189.62
-4189.62
-4189.62
-4189.62
51.771
-4189.52
-4189.52
-4189.52
-4189.52
50.172
-4189.1
-4189.1
-4189.1
-4189.1
51.885
-4189.41
-4189.41
-4189.41
-4189.41
51.465
-4189.31
-4189.31
-4189.31
-4189.31
52.082
-4188.9
-4188.9
-4188.89
-4188.89
51.082
-4189.62
-4189.62
-4189.62
-4189.62
51.952
-4189
-4189
-4189
-4189
50.32
-4189.41
-4189.41
-4189.41
-4189.41
51.075
-4189.72
-4189.72
-4189.72
-4189.72
51.013
-4189.21
-4189.21
-4189.21
-4189.21
50.112
-4189.41
-4189.41
-4189.41
-4189.41
51.093
-4189.31
-4189.31
-4189.31
-4189.31
51.729
-4189.1
-4189.1
-4189.1
-4189.1
52.365
-4189.31
-4189.31
-4189.31
-4189.31
51.057
-4189.41
-4189.41
-4189.41
-4189.41
48.812
-4189.1
-4189.1
-4189.1
-4189.1
51.048
-4189.41
-4189.41
-4189.41
-4189.41
51.339
-4189.21
-4189.21
-4189.21
-4189.21
51.438
-4189.1
-4189.1
-4189.1
-4189.1
51.818
-4189.1
-4189.1
-4189.1
-4189.1
51.665
-4189.21
-4189.21
-4189.21
-4189.21
52.198
-4189.41
-4189.41
-4189.41
-4189.41
50.24
-4189.1
-4189.1
-4189.1
-4189.1
49.749
-4189.1
-4189.1
-4189.1
-4189.1
50.531
-4189
-4189
-4189
-4189
50.862
-4189.21
-4189.21
-4189.21
-4189.21
52.004
-4189.41
-4189.41
-4189.41
-4189.41
50.647
-4189.51
-4189.51
-4189.51
-4189.51
51.703
-4189.31
-4189.31
-4189.31
-4189.31
52.399
-12519.8
-12529.4
-12510.7
-12490.1
142.127
-12509.3
-12519.5
-12500.4
-12525.1
149.726
-12514.8
-12490.8
-12524.9
-12519.3
148.698
-12436.1
-12493.8
-12522.1
-12485.1
150.625
-12506.3
-12510.1
-12510.7
-12513.1
145.143
-12531.5
-12509.2
-12523.2
-12493
152.182
-12435.8
-12505.5
-12496.3
-12521.4
143.039
-12454.9
-12515.5
-12511
-12509.1
149.464
-12468.6
-12508.1
-12516.8
-12501.7
148.033
-12516.2
-12514.2
-12505.1
-12506.1
151.664
-12473.5
-12502.2
-12517.8
-12506.7
147.346
-12532.1
-12502.3
-12514.4
-12511.8
151.178
-12478.4
-12499.7
-12520.7
-12508.1
148.86
-12511.6
-12514.5
-12506.5
-12513.7
155.352
-12494.7
-12501.9
-12512.8
-12535.2
149.246
-12518.9
-12516.2
-12517.4
-12523.1
153.425
-12505.7
-12527.3
-12508.3
-12525.5
149.623
-12508.7
-12507.2
-12514.4
-12538.4
149.042
-12512
-12525.6
-12505.2
-12488.1
148.289
-12465.8
-12523.6
-12509.3
-12512.1
151.458
-12496.6
-12522.8
-12506
-12510.6
152.549
-12507.5
-12510.5
-12523.2
-12504.5
147.372
-12506.6
-12474.5
-12495.4
-12502.1
149.075
-12500.1
-12533.9
-12522.3
-12509
150.275
-12460.4
-12505.7
-12532.3
-12536.5
151.414
-12509.4
-12519.6
-12537.2
-12495.3
149.067
-12519
-12511.8
-12485.7
-12502.7
156.097
-12517.4
-12506.3
-12527.7
-12495.4
151.006
-12509.9
-12512.5
-12497.3
-12527.3
151.939
-12510.7
-12506.1
-12523.8
-12517.7
144.398