-2094.71
-2094.71
-2094.71
-2094.71
13.868
-2094.71
-2094.71
-2094.71
-2094.71
13.585
-2094.6
-2094.6
-2094.6
-2094.6
12.487
-2094.6
-2094.6
-2094.6
-2094.6
14.156
-2094.5
-2094.5
-2094.5
-2094.5
13.548
-2094.71
-2094.71
-2094.71
-2094.71
13.776
-2094.6
-2094.6
-2094.6
-2094.6
13.409
-2094.71
-2094.71
-2094.71
-2094.71
14.19
-2094.6
-2094.6
-2094.6
-2094.6
13.66
-2094.6
-2094.6
-2094.6
-2094.6
12.875
-2094.71
-2094.71
-2094.71
-2094.71
13.667
-2094.5
-2094.5
-2094.5
-2094.5
13.822
-2094.71
-2094.71
-2094.71
-2094.71
13.64
-2094.81
-2094.81
-2094.81
-2094.81
13.812
-2094.5
-2094.5
-2094.5
-2094.5
13.527
-2094.6
-2094.6
-2094.6
-2094.6
13.855
-2094.6
-2094.6
-2094.6
-2094.6
13.866
-2094.71
-2094.71
-2094.71
-2094.71
13.841
-2094.6
-2094.6
-2094.6
-2094.6
14.043
-2094.6
-2094.6
-2094.6
-2094.6
12.691
-2094.71
-2094.71
-2094.71
-2094.71
13.819
-2094.71
-2094.71
-2094.71
-2094.71
13.657
-2094.81
-2094.81
-2094.81
-2094.81
14.228
-2094.6
-2094.6
-2094.6
-2094.6
13.863
-2094.71
-2094.71
-2094.71
-2094.71
13.846
-2094.71
-2094.71
-2094.71
-2094.71
13.016
-2094.71
-2094.71
-2094.71
-2094.71
13.678
-2094.6
-2094.6
-2094.6
-2094.6
13.774
-2094.6
-2094.6
-2094.6
-2094.6
13.622
-2094.71
-2094.71
-2094.71
-2094.71
13.909
-4189.41
-4189.41
-4189.41
-4189.41
26.249
-4189.31
-4189.31
-4189.31
-4189.31
25.496
-4189.52
-4189.52
-4189.52
-4189.52
25.635
-4189
-4189
-4189
-4189
25.532
-4189.21
-4189.21
-4189.21
-4189.2
26.387
-4189
-4189
-4189
-4189
25.054
-4189.21
-4189.21
-4189.21
-4189.21
25.254
-4189.31
-4189.31
-4189.31
-4189.31
24.841
-4189.41
-4189.41
-4189.41
-4189.41
25.638
-4189.1
-4189.1
-4189.1
-4189.1
26.082
-4189.41
-4189.41
-4189.41
-4189.41
25.53
-4189.21
-4189.21
-4189.21
-4189.21
25.766
-4189.31
-4189.31
-4189.31
-4189.31
25.255
-4189.41
-4189.41
-4189.41
-4189.41
26.101
-4189.51
-4189.51
-4189.51
-4189.51
25.118
-4189
-4189
-4189
-4189
24.359
-4189
-4189
-4189
-4189
26.179
-4189
-4189
-4189
-4189
25.592
-4189.52
-4189.52
-4189.52
-4189.52
25.733
-4189.2
-4189.2
-4189.2
-4189.2
25.635
-4189.31
-4189.31
-4189.31
-4189.31
25.492
-4189.41
-4189.41
-4189.41
-4189.41
25.208
-4189
-4189
-4189
-4189
25.941
-4189.31
-4189.31
-4189.31
-4189.31
25.909
-4189.41
-4189.41
-4189.41
-4189.41
26.708
-4189.21
-4189.21
-4189.21
-4189.21
26.001
-4189.2
-4189.2
-4189.2
-4189.2
27.069
-4189.2
-4189.21
-4189.21
-4189.2
25.838
-4189.52
-4189.52
-4189.52
-4189.52
26.329
-4189.41
-4189.41
-4189.41
-4189.41
26.537
-12281.8
-12426
-12499.7
-12484.2
76.399
-12368.8
-12495.5
-12478.3
-12524.3
73.286
-12467.2
-12470
-12494.4
-12460.8
74.877
-12453.8
-12464.4
-12472.2
-12492.8
76.084
-12384.7
-12486.2
-12490
-12481.2
73.322
-12368
-12488.3
-12522.2
-12500.1
74.874
-12483.6
-12502
-12489.4
-12480
77.15
-12266.6
-12486.9
-12487.9
-12488.1
75.287
-12496.1
-12451.3
-12474.3
-12490
76.131
-12427.9
-12474.1
-12489.4
-12455.6
71.675
-12433.7
-12488.5
-12473.5
-12480.7
76.249
-12251.3
-12456.9
-12478.9
-12473.3
73.494
-12398.5
-12482.6
-12504.9
-12466.8
75.767
-12330.6
-12496
-12496.9
-12497.8
74.192
-12499.9
-12472.9
-12468.1
-12469.4
74.625
-12496
-12516
-12481.5
-12490.4
75.999
-12270.2
-12481.3
-12491.3
-12483.3
76.871
-12479.8
-12521.5
-12480.3
-12476.3
71.635
-12515.5
-12519.3
-12489.2
-12491.1
74.45
-12467.3
-12490.1
-12494.3
-12483
76.124
-12462.9
-12485.7
-12517.1
-12497.8
73.891
-12322.6
-12448.2
-12506.3
-12494.1
75.9
-12227.7
-12340.9
-12508.8
-12490.1
73.511
-12449.2
-12492.8
-12513.4
-12494.2
75.954
-12439.3
-12495.1
-12536.8
-12479
75.6
-12342.1
-12462.2
-12461.5
-12468
76.23
-12443.9
-12499.8
-12437
-12494.6
70.318
-12482.7
-12479.8
-12434.4
-12516.2
76.428
-12431.8
-12481.1
-12505.5
-12499.3
72.737
-12458.1
-12449.8
-12503.3
-12524.1
74.219