-2094.81
-2094.81
-2094.8
-2094.81
24.135
-2094.91
-2094.91
-2094.91
-2094.91
25.063
-2094.81
-2094.81
-2094.81
-2094.81
25.956
-2094.53
-2094.59
-2094.59
-2094.57
25.809
-2094.58
-2094.58
-2094.58
-2094.6
25.332
-2094.6
-2094.7
-2094.71
-2094.7
24.581
-2094.7
-2094.7
-2094.7
-2094.7
23.177
-2094.59
-2094.7
-2094.7
-2094.68
24.87
-2094.81
-2094.81
-2094.81
-2094.79
25.33
-2094.8
-2094.81
-2094.81
-2094.81
24.718
-2094.7
-2094.71
-2094.7
-2094.7
25.421
-2094.81
-2094.81
-2094.81
-2094.81
24.729
-2094.7
-2094.7
-2094.7
-2094.7
24.776
-2094.69
-2094.7
-2094.7
-2094.7
25.303
-2094.7
-2094.7
-2094.69
-2094.7
25.157
-2094.81
-2094.81
-2094.81
-2094.81
24.222
-2094.91
-2094.91
-2094.91
-2094.91
25.29
-2094.91
-2094.91
-2094.91
-2094.91
25.754
-2094.7
-2094.7
-2094.7
-2094.7
23.8
-2094.7
-2094.7
-2094.7
-2094.81
25.21
-2094.59
-2094.59
-2094.59
-2094.58
25.374
-2094.57
-2094.69
-2094.7
-2094.68
24.653
-2094.7
-2094.7
-2094.7
-2094.7
25.506
-2094.59
-2094.59
-2094.59
-2094.58
25.337
-2094.81
-2094.8
-2094.81
-2094.81
23.509
-2094.81
-2094.81
-2094.8
-2094.91
25.584
-2094.8
-2094.81
-2094.81
-2094.8
25.659
-2094.47
-2094.45
-2094.48
-2094.48
25.332
-2094.81
-2094.81
-2094.81
-2094.81
24.092
-2094.69
-2094.68
-2094.7
-2094.7
25.94
-4174.03
-4178.77
-4171.54
-4177.86
50.967
-4183.84
-4180.23
-4175.01
-4179.14
47.409
-4172.41
-4184.25
-4169.75
-4184.7
49.56
-4176.83
-4165.15
-4175.5
-4179.1
51.067
-4175.25
-4164.58
-4182.51
-4177.68
48.884
-4174.87
-4179.16
-4175.06
-4179.56
48.841
-4178.72
-4182.45
-4170.89
-4179.08
47.243
-4169.85
-4175.49
-4182.71
-4184.28
51.053
-4181.16
-4171.39
-4174.4
-4164.49
51.448
-4177.91
-4175.85
-4182.42
-4176.76
48.585
-4181.53
-4170.06
-4166.11
-4178.08
46.593
-4183.35
-4167.17
-4168.19
-4178.51
51.626
-4177.12
-4183.48
-4183.1
-4173.07
46.373
-4176.98
-4180.01
-4167.6
-4167.5
49.084
-4169.65
-4183.42
-4175.24
-4178.26
51.858
-4179.88
-4175.83
-4175.95
-4174.17
50.086
-4176.69
-4180.09
-4178.41
-4178.99
50.104
-4171.44
-4176.22
-4169.92
-4180.73
48.604
-4175.76
-4171.11
-4184.98
-4181.04
49.956
-4177.54
-4179.98
-4182.23
-4168.65
51.127
-4169.52
-4181.84
-4175.86
-4184.95
51.299
-4185.25
-4175.94
-4177.57
-4177.24
48.554
-4175.88
-4175.73
-4179.65
-4181.61
47.978
-4178.27
-4164.99
-4174.64
-4171.83
50.045
-4171.56
-4179.82
-4178.58
-4179.66
49.979
-4172.95
-4167.35
-4173.06
-4179.16
50.226
-4171.57
-4178.3
-4178.82
-4174.91
47.61
-4176.33
-4160.56
-4173.98
-4173.88
48.557
-4172.69
-4160.54
-4168.01
-4173.24
50.41
-4173.71
-4174.02
-4186.23
-4181.26
50.404
-9832.5
-9067.99
-9890.75
-9994.97
147.4
-10667.3
-9927.7
-10182
-9914.84
145.989
-9998.63
-10242.4
-9245.45
-10104.3
150.619
-9813.13
-10306.6
-9749.02
-9882.09
141.694
-9930.93
-9917.53
-9910.92
-10091.4
148.033
-10213.9
-10246.5
-9823.84
-10231.4
150.024
-9795
-9831.98
-9818.22
-9754.04
146.08
-9329.02
-9732.78
-10323.1
-10815.4
150.938
-10259.9
-10545.6
-10245.8
-10110.6
146.28
-9783.87
-10520.8
-10402.4
-9922.56
145.027
-9792.61
-9827.59
-9903.94
-10154.1
148.898
-9568.84
-10151.2
-9768.29
-10427.1
147.429
-9437.46
-9854.88
-9902.31
-10074.9
146.221
-9454.51
-10335.6
-9792.94
-9487.73
144.747
-10389.1
-10266.5
-9813.36
-10314.3
148.127
-9842.23
-9469.72
-10367.1
-10010.3
145.019
-10012.1
-9877.17
-10303.6
-9603.3
146.728
-9439.71
-9387.77
-9701.19
-9823.01
141.524
-10179.7
-9703.47
-9796.01
-10338
145.141
-9639.81
-10255.1
-9733.75
-9967.51
148.152
-9711.72
-9780.38
-9766.44
-9989.26
149.152
-9389.23
-10219.8
-9578.55
-10451.6
147.54
-10166.6
-10350.7
-10118.3
-9886.09
151.098
-10162.4
-10077.5
-10303.2
-10220.5
145.059
-10219
-10027.7
-9814.67
-10772.2
149.833
-9291.93
-9945.7
-9652.98
-9795.72
148.403
-10660.2
-9874.33
-9900.38
-10573.1
144.94
-10035.8
-10156.1
-9627.63
-9458.59
148.51
-9709.43
-10209.3
-9238.51
-10032.4
150.375
-10223.5
-10458.9
-9602.2
-9820.88
150.64