-2094.6
-2094.71
-2094.71
-2094.71
26.004
-2094.7
-2094.71
-2094.71
-2094.7
25.937
-2094.81
-2094.81
-2094.81
-2094.81
25.388
-2094.91
-2094.91
-2094.91
-2094.91
25.359
-2094.71
-2094.81
-2094.81
-2094.81
25.824
-2094.5
-2094.6
-2094.71
-2094.71
24.5
-2094.71
-2094.7
-2094.81
-2094.81
24.576
-2094.91
-2094.91
-2094.91
-2094.91
25.874
-2094.91
-2094.91
-2094.91
-2094.91
24.681
-2094.81
-2094.81
-2094.91
-2094.91
25.245
-2094.6
-2094.71
-2094.91
-2094.91
25.653
-2094.49
-2094.49
-2094.49
-2094.5
25.548
-2094.71
-2094.71
-2094.7
-2094.71
25.79
-2094.81
-2094.91
-2094.91
-2094.91
26.154
-2094.6
-2094.6
-2094.91
-2094.91
25.652
-2094.81
-2094.81
-2094.81
-2094.91
24.81
-2094.71
-2094.71
-2094.7
-2094.7
25.673
-2094.81
-2094.81
-2094.81
-2094.81
25.817
-2094.91
-2094.91
-2094.91
-2094.91
26.12
-2094.91
-2094.91
-2094.91
-2094.91
24.622
-2094.6
-2094.6
-2094.6
-2094.81
24.646
-2094.6
-2094.6
-2094.6
-2094.6
25.108
-2094.91
-2094.91
-2094.91
-2094.91
25.971
-2094.49
-2094.5
-2094.5
-2094.5
25.077
-2094.81
-2094.81
-2094.81
-2094.81
25.191
-2094.71
-2094.81
-2094.81
-2094.91
25.37
-2094.81
-2094.81
-2094.81
-2094.91
25.676
-2094.6
-2094.71
-2094.71
-2094.71
25.531
-2094.71
-2094.71
-2094.71
-2094.71
25.485
-2094.71
-2094.71
-2094.71
-2094.71
25.897
-4188.85
-4189.06
-4188.85
-4188.8
49.891
-4188.37
-4188.41
-4187.96
-4188.56
51.17
-4188
-4188.47
-4188.3
-4187.89
50.299
-4188.21
-4188.52
-4188.2
-4188.19
49.152
-4189.1
-4189.31
-4189.28
-4189.37
51.101
-4188.73
-4188.88
-4188.6
-4189.05
48.499
-4187.99
-4188.54
-4188.7
-4188.77
49.807
-4188.35
-4188.59
-4188.49
-4188.75
49.895
-4188.91
-4188.97
-4189.12
-4189.04
47.869
-4188.42
-4188.64
-4188.91
-4188.69
48.199
-4188.3
-4187.82
-4187.86
-4188.42
49.93
-4188.88
-4188.81
-4188.4
-4188.44
48.079
-4188.72
-4189.11
-4189.15
-4188.56
49.396
-4188.93
-4189.19
-4189.31
-4188.96
48.733
-4188.35
-4188.99
-4188.93
-4189.38
48.723
-4189.22
-4189.4
-4189.26
-4188.89
49.395
-4188.37
-4188.73
-4187.84
-4187.52
50.003
-4188.23
-4188.81
-4188.83
-4188.73
50.969
-4188.89
-4188.94
-4188.57
-4188.94
49.976
-4188.53
-4188.65
-4188.33
-4188.4
49.804
-4188.63
-4189
-4189.09
-4189.15
47.9
-4188.99
-4189.03
-4189.4
-4189.2
49.938
-4187.98
-4188.21
-4188.17
-4187.97
48.298
-4189.2
-4189.28
-4189.24
-4188.82
46.712
-4189.34
-4189.17
-4189.44
-4189.02
50.172
-4188.6
-4188.06
-4188.78
-4189.01
49.628
-4187.6
-4187.59
-4188.58
-4188.18
49.863
-4188.45
-4188.17
-4188.48
-4188.84
46.858
-4189.08
-4188.86
-4189
-4188.93
49.9
-4188.95
-4189.13
-4189.15
-4189.03
49.998
-12015.7
-11627
-12076.3
-11973.1
149.156
-11199.8
-12061.5
-11616.8
-11642.9
148.795
-12038.4
-11636.2
-11822.6
-11689.5
147.184
-11552.3
-11982.8
-11656
-11663.6
148.249
-11997.8
-11836.6
-11970.1
-11383.2
150.552
-11497.1
-11727.5
-11540.1
-11871.3
146.89
-11652.2
-11488.6
-11430
-12009.2
148.872
-11856.9
-11724.7
-11888.7
-11681
145.962
-11557.4
-11550.7
-11610.4
-11787.5
145.623
-11923.2
-11692.4
-11823.8
-11453.9
145.286
-11821.5
-11689.8
-12006.2
-12009.5
147.502
-11910.5
-12033.7
-11553.3
-11674.5
152.593
-11731
-12028.2
-11634.6
-11753.3
146.742
-11805.4
-11378
-11776.5
-11632.5
148.038
-11513.9
-11936
-11733.2
-11725.9
152.805
-11820.8
-11723.3
-11775.5
-11851.3
149.925
-11731
-11799.3
-11936.6
-11713.6
154.981
-11583.9
-11833.7
-11679.4
-11532.1
148.495
-11467.2
-12091.9
-11773.2
-11802.4
152.758
-11792.5
-11762.8
-11667.2
-11908.4
149.485
-11663.6
-11793
-11665.7
-11511.5
154.739
-11959.6
-12090
-11787.2
-11846.2
147.664
-11670
-11873.3
-11792.6
-11769.3
147.413
-11781.5
-11945.5
-11807
-11402.9
147.35
-11900.8
-11840.7
-11706.3
-11505.7
150.606
-11756.3
-11460.7
-11503.5
-11811.6
147.113
-11782.8
-11617
-11838.3
-11696.7
148.435
-11576
-11709.5
-11817.6
-11803.9
147.903
-12027.2
-11716.5
-11589.3
-11876.2
145.701
-11765.4
-11479.9
-11849.4
-11863.3
152.309