-2084.04
-2093.79
-2093.46
-2093.92
1.3
-2055.68
-2092.14
-2093.52
-2093.74
1.314
-2092.94
-2093.13
-2093.15
-2094.13
1.259
-2059.6
-2093.58
-2094.68
-2094.56
1.304
-2094.76
-2094.3
-2094.82
-2092.8
1.33
-1975.72
-2094.23
-2094.46
-2093.4
1.307
-2092.91
-2093
-2093.91
-2094.67
1.3
-2093.53
-2093.87
-2094.07
-2094.65
1.336
-2060.58
-2091.68
-2094.56
-2094.04
1.292
-2094.67
-2094.42
-2094.55
-2094.02
1.244
-2060.28
-2094.19
-2093.79
-2094.07
1.307
-2092.98
-2094.13
-2093.94
-2094.35
1.307
-2024.98
-2057.56
-2094.04
-2094.12
1.265
-2058.23
-2093.9
-2094.59
-2093.79
1.296
-2093.14
-2094.69
-2093.76
-2092.91
1.273
-2059.58
-2093.77
-2092.98
-2093.58
1.297
-2093.89
-2093.22
-2093.7
-2092.71
1.299
-1974.71
-2094.12
-2094
-2094.29
1.311
-2017.95
-2094.2
-2094.78
-2094.3
1.249
-2057.58
-2093.81
-2094.12
-2093.86
1.304
-2094.12
-2092.97
-2094.67
-2094.18
1.314
-2094.25
-2092.8
-2093.29
-2094.61
1.262
-2059.31
-2092.81
-2093.51
-2094.47
1.324
-2093.66
-2093.63
-2094.5
-2093.93
1.303
-2023.77
-2093.29
-2093.98
-2092.81
1.305
-2025.55
-2060.33
-2093.25
-2094.66
1.34
-1975.75
-2094.32
-2094.54
-2093.54
1.294
-2058.36
-2058.9
-2093.65
-2093.19
1.313
-2093.96
-2094.5
-2093.52
-2094.78
1.298
-2093.33
-2094.22
-2093.9
-2094.16
1.243
-3792.42
-3985.68
-4173.45
-4183.31
2.564
-4061.88
-4174.92
-4178.1
-4174.93
2.625
-3981.22
-4153.87
-4179.95
-4167.53
2.518
-3840.44
-4144.29
-4180.07
-4186.11
2.562
-4012.47
-4172.58
-4180.58
-4175.65
2.576
-4176.01
-4176.41
-4177.88
-4179.14
2.509
-3848.7
-4143.13
-4147.2
-4174.02
2.597
-4062.65
-4136.17
-4179.7
-4177.14
2.541
-3986.99
-4121.45
-4177.2
-4178.24
2.62
-4083.19
-4149.83
-4177.81
-4172.23
2.515
-4106.76
-4148.94
-4139.43
-4177.76
2.567
-4096.24
-4179.3
-4177.06
-4176.76
2.486
-3956.56
-4163.71
-4173.98
-4184.18
2.583
-3972.46
-4068.43
-4143.74
-4147.48
2.57
-4054.68
-4073.35
-4145.3
-4182.3
2.558
-3990.51
-4026.23
-4112.24
-4174.4
2.539
-3997.95
-4172.11
-4177.28
-4184.75
2.554
-4088.4
-4183.27
-4183.03
-4180.76
2.556
-4096.99
-4177.42
-4178.16
-4179.58
2.625
-4171.13
-4183.11
-4177.69
-4178.51
2.598
-4026.36
-3992.9
-4162.73
-4183.11
2.569
-4027.29
-4150.3
-4178.97
-4177.82
2.567
-4120.42
-4142.81
-4180.63
-4182.13
2.626
-4067.58
-4141
-4180.76
-4174.42
2.612
-4020.38
-4134.39
-4180.52
-4174.51
2.575
-4062.71
-4122.73
-4180.98
-4176.53
2.522
-4147.38
-4141.48
-4181.8
-4175.57
2.576
-4054.99
-4141.33
-4181.32
-4179.47
2.565
-4097.56
-4181.42
-4170.55
-4183.13
2.565
-4147.76
-4179.24
-4176.75
-4184.17
2.569
-10965
-11375.2
-11938.1
-12163.8
7.661
-11501.4
-11809.3
-11938.1
-12017.2
7.546
-11702.4
-11744.3
-11845.9
-11925.6
7.658
-10691.9
-11049.3
-11273.3
-11596.8
7.516
-11361.5
-11936.7
-12251
-12163.6
7.591
-10693.8
-11342.3
-11627.1
-11825.8
7.527
-11173.2
-12174.3
-12058.6
-12333.9
7.614
-11348.6
-11851.8
-12177.4
-12026.4
7.63
-11241.6
-11797.9
-11862.1
-12096.4
7.534
-11027.6
-11461.4
-11869.2
-12173.7
7.616
-11181.2
-11753.7
-12063.1
-11994.6
7.48
-10956.9
-11576
-11705.9
-11649
7.542
-11829.2
-12012.3
-11970.7
-12161.8
7.59
-11102.8
-11412.6
-12041.5
-11976.9
7.544
-11562.1
-11700.5
-11729.8
-12071.9
7.593
-10671.6
-11597.2
-11732.6
-12031.1
7.553
-11434
-11404.9
-12039.3
-11959.7
7.685
-10707.3
-11357.1
-11649.4
-11968.8
7.486
-11371.4
-12299.8
-12293.1
-12278.2
7.535
-11568
-11851.4
-12123.8
-12192.8
7.54
-11505.7
-11810.1
-12001.8
-11976.2
7.562
-11553.5
-11756
-12095.3
-12200.9
7.588
-11293.4
-11693.7
-11711.2
-11879.3
7.556
-11116.4
-11750.4
-12116.6
-11776.8
7.628
-11449.6
-11619.7
-11815.8
-11871.9
7.527
-11166.6
-11925.7
-12095.4
-12156.1
7.493
-11323.4
-11636.3
-11734.3
-12108.1
7.562
-10953.5
-11384.9
-11556.3
-11709.5
7.616
-10962
-11496.9
-11685.5
-11842
7.625
-11013.6
-11620.7
-11919.3
-12082.9
7.497