-2094.81
-2094.81
-2094.81
-2094.81
12.615
-2094.6
-2094.6
-2094.7
-2094.7
12.673
-2094.5
-2094.5
-2094.5
-2094.5
12.467
-2094.81
-2094.81
-2094.81
-2094.81
12.308
-2094.71
-2094.71
-2094.71
-2094.71
12.507
-2094.71
-2094.71
-2094.71
-2094.7
12.552
-2094.91
-2094.91
-2094.91
-2094.91
12.439
-2094.71
-2094.71
-2094.71
-2094.71
12.519
-2094.81
-2094.81
-2094.81
-2094.81
12.897
-2094.71
-2094.71
-2094.71
-2094.71
12.769
-2094.81
-2094.81
-2094.81
-2094.81
12.343
-2094.6
-2094.6
-2094.71
-2094.71
12.581
-2094.6
-2094.6
-2094.6
-2094.6
11.962
-2094.5
-2094.5
-2094.5
-2094.6
12.99
-2094.91
-2094.91
-2094.91
-2094.91
12.862
-2094.6
-2094.6
-2094.6
-2094.6
12.426
-2094.6
-2094.6
-2094.6
-2094.7
12.237
-2094.91
-2094.91
-2094.91
-2094.91
12.476
-2094.6
-2094.6
-2094.6
-2094.6
12.534
-2094.81
-2094.81
-2094.81
-2094.91
12.529
-2094.7
-2094.81
-2094.81
-2094.81
12.474
-2094.6
-2094.6
-2094.6
-2094.6
12.625
-2094.71
-2094.71
-2094.71
-2094.71
12.826
-2094.71
-2094.71
-2094.71
-2094.71
12.282
-2094.71
-2094.71
-2094.71
-2094.71
12.769
-2094.91
-2094.91
-2094.91
-2094.91
12.927
-2094.6
-2094.6
-2094.6
-2094.6
12.547
-2094.6
-2094.6
-2094.6
-2094.6
12.359
-2094.81
-2094.81
-2094.81
-2094.81
12.49
-2094.71
-2094.71
-2094.71
-2094.71
12.957
-4189.03
-4188.87
-4189.14
-4188.77
24.343
-4188.24
-4188.66
-4187.92
-4188.52
24.43
-4188.73
-4189
-4188.84
-4189.05
25.144
-4189.26
-4188.8
-4189.3
-4189.01
25.173
-4188.73
-4189.23
-4188.92
-4189.08
24.732
-4188.77
-4188.67
-4189.05
-4188.63
24.493
-4189.03
-4188.67
-4188.99
-4189.14
24.417
-4188.88
-4188.85
-4189.08
-4189.42
24.009
-4188.24
-4188.79
-4188.49
-4188.54
25.126
-4188.25
-4188.63
-4188.04
-4188.02
24.821
-4188.21
-4187.85
-4188.42
-4189.01
24.227
-4189.42
-4188.61
-4188.65
-4188.85
24.909
-4188.92
-4188.83
-4188.73
-4188.77
24.825
-4188.14
-4188.22
-4188.08
-4188.73
24.67
-4188.77
-4188.95
-4188.9
-4189.12
24.395
-4189.14
-4188.87
-4189.06
-4188.58
24.509
-4189.62
-4189.51
-4189.49
-4189.48
24.785
-4188.26
-4188.64
-4188.37
-4188.44
24.776
-4188
-4187.43
-4187.84
-4187.95
24.665
-4188.15
-4188.7
-4188.03
-4188.58
25.148
-4187.77
-4189.21
-4188.8
-4188.98
24.971
-4188.13
-4188.57
-4188.81
-4188.97
24.684
-4188.58
-4187.89
-4188.39
-4188.6
25.176
-4188.59
-4188.63
-4189.02
-4188.59
24.383
-4188.16
-4188.88
-4188.33
-4188.49
24.285
-4188.75
-4188.72
-4189.25
-4189.01
24.551
-4189.32
-4189.2
-4189.37
-4189.22
24.787
-4189.14
-4189.14
-4189.06
-4188.96
24.721
-4188.57
-4188.68
-4188.76
-4188.81
24.676
-4188.45
-4188.6
-4189.04
-4188.64
24.408
-11691.2
-11044.6
-11235.4
-10706.8
73.589
-11003
-11604.7
-11196.9
-11314.8
73.56
-11107.9
-11024.4
-11381.7
-11201
74.767
-11404.1
-11249.1
-11785.2
-10928
73.366
-11311.1
-11640.6
-11376.9
-11536.3
73.448
-11237.4
-11566.2
-11271.1
-11559.7
73.125
-11783.5
-11170.8
-11463.1
-11280.3
74.433
-11081.4
-11197.7
-11322.3
-11445.1
72.761
-11262.7
-11181.5
-11187
-10968
73.997
-11682.3
-11229.3
-11392.4
-11406.9
74.747
-11131
-11534.3
-11484.3
-11340.7
73.66
-11738.8
-11395.3
-11141.9
-11438.3
73.871
-11077.2
-11430.5
-11511.7
-11387.5
74.323
-10917.1
-11368.1
-11443.9
-11687.9
73.502
-11592.7
-11656.2
-11632.7
-11452.1
73.483
-11502
-11609.5
-11312.7
-11341.2
74.4
-11340.1
-11678
-11126.2
-11376
73.764
-11422.2
-11386.3
-11133.7
-11437.1
72.443
-11361.8
-11400.8
-11521.6
-11577.5
73.722
-11667.5
-11022.2
-11309.7
-11089.9
74.719
-11226.2
-11679.6
-11534.7
-11266.3
73.716
-11488.6
-11405
-11384
-11451
75.225
-11070.5
-11078.6
-11062.6
-11577.1
72.004
-11086.1
-11265.9
-11246.2
-11678.3
72.584
-11236.3
-11643.5
-10790
-10810.7
73.474
-11342.8
-11459
-11218.5
-11256.9
73.714
-11259.3
-11095.2
-11525.7
-11102.6
73.453
-11557.6
-11211.6
-11634.1
-11694.1
74.648
-11164.6
-11092.3
-11287.6
-11255.2
75.266
-11310.8
-11010.4
-11161.9
-10904.8
73.754