-2094.6
-2094.6
-2094.6
-2094.6
2.55
-2094.7
-2094.7
-2094.7
-2094.7
2.338
-2094.71
-2094.71
-2094.71
-2094.71
2.584
-2094.71
-2094.71
-2094.71
-2094.71
2.575
-2094.7
-2094.71
-2094.71
-2094.71
2.591
-2094.91
-2094.91
-2094.91
-2094.91
2.595
-2094.71
-2094.71
-2094.71
-2094.71
2.362
-2094.6
-2094.6
-2094.6
-2094.6
2.546
-2094.81
-2094.81
-2094.81
-2094.81
2.506
-2094.91
-2094.91
-2094.91
-2094.91
2.362
-2094.6
-2094.6
-2094.6
-2094.6
2.297
-2094.6
-2094.6
-2094.6
-2094.71
2.541
-2094.71
-2094.71
-2094.71
-2094.71
2.576
-2094.71
-2094.71
-2094.71
-2094.71
2.52
-2094.71
-2094.71
-2094.81
-2094.81
2.19
-2094.6
-2094.6
-2094.6
-2094.6
2.531
-2094.81
-2094.81
-2094.81
-2094.81
2.353
-2094.6
-2094.6
-2094.6
-2094.6
2.571
-2094.81
-2094.81
-2094.81
-2094.81
2.613
-2094.6
-2094.6
-2094.6
-2094.6
2.558
-2094.71
-2094.71
-2094.71
-2094.71
2.309
-2094.71
-2094.71
-2094.71
-2094.71
2.666
-2094.81
-2094.81
-2094.81
-2094.81
2.337
-2094.71
-2094.71
-2094.71
-2094.71
2.54
-2094.6
-2094.6
-2094.6
-2094.6
2.63
-2094.81
-2094.81
-2094.81
-2094.81
2.319
-2094.81
-2094.81
-2094.81
-2094.81
2.626
-2094.5
-2094.5
-2094.5
-2094.5
2.512
-2094.91
-2094.91
-2094.91
-2094.91
2.53
-2094.91
-2094.91
-2094.91
-2094.91
2.511
-4189.4
-4189.3
-4189.39
-4189.22
4.879
-4188.55
-4189.06
-4188.91
-4188.94
4.993
-4188.71
-4189.08
-4189.13
-4188.72
4.986
-4153.63
-4188.42
-4188.59
-4188.61
4.944
-4188.48
-4188.12
-4188.42
-4188.3
5.058
-4186.07
-4189.23
-4189.33
-4189.15
4.932
-4188.24
-4189.13
-4189.05
-4189.15
4.942
-4187.56
-4188.21
-4188.76
-4188.36
4.966
-4188.58
-4189.44
-4189.15
-4189.27
4.848
-4187.23
-4188.64
-4188.41
-4188.52
4.866
-4189.22
-4189.29
-4189.45
-4189.41
4.692
-4189.03
-4189.13
-4189.36
-4189.34
4.714
-4189.11
-4189.24
-4189.45
-4189.29
5.102
-4189.13
-4189.33
-4189.44
-4189.42
4.945
-4187.78
-4188.56
-4188.57
-4188.42
4.926
-4160.24
-4188.86
-4188.72
-4188.59
4.907
-4189.08
-4189.19
-4189.06
-4189.18
5.011
-4151.62
-4153.48
-4188.03
-4188.42
5.023
-4188.08
-4189.21
-4188.95
-4188.78
4.946
-4188.93
-4188.69
-4188.8
-4188.91
5.019
-4186.8
-4188.95
-4188.86
-4188.91
5.091
-4188.5
-4188.68
-4188.97
-4189.01
4.719
-4188.56
-4188.88
-4188.92
-4189.04
5.083
-4189.13
-4189.38
-4189.37
-4189.44
5.037
-4154.14
-4188.13
-4187.97
-4188.11
4.971
-4184.07
-4188.58
-4189.05
-4188.8
4.904
-4189.04
-4188.82
-4188.85
-4188.92
4.914
-4188.66
-4189.17
-4189
-4189.07
5.037
-4189.21
-4189.34
-4189.54
-4189.55
4.977
-4189.16
-4189.1
-4189.26
-4189.01
4.605
-10887.8
-11230.3
-10995.6
-11306
14.235
-10649.7
-11372.4
-11530.9
-11109.7
14.532
-11278.2
-11495.1
-11254.3
-11266.1
14.531
-10909
-11617.7
-11670.1
-11561.8
14.889
-11055.4
-11151.9
-11236.7
-11472.3
14.871
-11002.4
-11458.3
-11762.4
-11678.6
14.881
-10633.1
-11576.4
-11435
-11685.9
14.729
-11165.6
-11267
-11468.6
-11543.7
14.9
-11016.7
-11268.6
-11434.7
-11334.7
15.042
-11547.5
-11695.5
-11725.2
-11583.8
14.873
-11040.3
-11469.1
-11256.4
-11594.6
14.342
-11131.9
-11478.4
-11607.1
-11706
15.014
-10917.6
-11061.1
-11333.3
-11385.8
14.518
-11032
-11114.2
-11052.2
-11365
14.91
-10893.4
-11381.3
-11468.3
-11449.5
13.901
-10955.5
-11441.8
-11651.1
-11894.8
15.039
-11145.4
-11225
-11234.4
-11560.5
15.033
-10741.5
-10875.3
-11194.4
-11117.2
14.915
-10657.9
-11074.8
-11208.1
-11241.6
13.681
-10471.9
-11053.5
-11386.8
-11353.1
14.992
-11414.1
-11485.5
-11522.9
-11388
15.076
-11247.3
-11650.4
-11394.1
-11506.5
14.325
-11436.2
-11841.3
-11696.4
-11697.2
15.153
-11529.3
-11637.2
-11475
-11775
14.361
-10956.4
-11041.3
-11220.2
-11295.5
14.455
-11021.3
-11423.9
-11294.2
-11337.1
14.919
-11113.8
-11543.7
-11534.8
-11626.9
13.866
-10609.4
-11106.2
-11374.2
-11820.1
15.167
-11278.2
-11194.8
-11566.6
-11453.8
14.885
-10756
-11078.5
-11286.2
-11623.1
14.383