-2094.6
-2094.6
-2094.6
-2094.6
2.751
-2094.71
-2094.71
-2094.71
-2094.71
2.785
-2094.5
-2094.5
-2094.5
-2094.5
2.706
-2094.71
-2094.71
-2094.71
-2094.71
2.555
-2094.6
-2094.6
-2094.6
-2094.6
2.865
-2094.6
-2094.6
-2094.6
-2094.6
2.938
-2094.4
-2094.4
-2094.4
-2094.4
2.494
-2094.91
-2094.91
-2094.91
-2094.91
2.451
-2094.6
-2094.6
-2094.6
-2094.6
2.764
-2094.71
-2094.71
-2094.71
-2094.71
2.643
-2094.6
-2094.6
-2094.6
-2094.6
2.641
-2094.91
-2094.91
-2094.91
-2094.91
2.925
-2094.71
-2094.71
-2094.71
-2094.71
2.63
-2094.6
-2094.6
-2094.6
-2094.6
2.811
-2094.81
-2094.81
-2094.81
-2094.81
2.446
-2094.6
-2094.6
-2094.6
-2094.6
2.446
-2094.71
-2094.71
-2094.71
-2094.71
2.704
-2094.91
-2094.91
-2094.91
-2094.91
2.352
-2094.5
-2094.5
-2094.5
-2094.5
2.669
-2094.71
-2094.71
-2094.71
-2094.71
2.621
-2094.81
-2094.81
-2094.81
-2094.81
2.623
-2094.5
-2094.5
-2094.5
-2094.5
2.44
-2094.6
-2094.6
-2094.6
-2094.6
2.505
-2094.5
-2094.5
-2094.5
-2094.5
2.829
-2094.6
-2094.6
-2094.6
-2094.6
2.834
-2094.71
-2094.71
-2094.71
-2094.71
2.88
-2094.6
-2094.6
-2094.6
-2094.6
2.852
-2094.6
-2094.6
-2094.6
-2094.6
2.925
-2094.71
-2094.71
-2094.71
-2094.71
2.877
-2094.91
-2094.91
-2094.91
-2094.91
2.466
-4189
-4189
-4189
-4189
5.294
-4189.1
-4189.1
-4189.1
-4189.1
5.266
-4189.2
-4189.21
-4189.21
-4189.21
5.503
-4189.1
-4189.1
-4189.1
-4189.1
4.934
-4189.41
-4189.41
-4189.41
-4189.41
5.383
-4189.1
-4189.1
-4189.1
-4189.1
5.598
-4155.07
-4189.41
-4189.41
-4189.41
5.023
-4189
-4189
-4189
-4189
5.212
-4189.31
-4189.31
-4189.31
-4189.31
5.21
-4189.41
-4189.41
-4189.41
-4189.41
5.127
-4154.86
-4189
-4189
-4189
5.217
-4155.18
-4189.31
-4189.31
-4189.31
5.211
-4188.79
-4188.79
-4188.79
-4188.79
4.901
-4189.31
-4189.31
-4189.31
-4189.31
5.042
-4189.31
-4189.31
-4189.31
-4189.31
5.315
-4189.31
-4189.31
-4189.31
-4189.31
5.038
-4189.31
-4189.31
-4189.31
-4189.31
5.067
-4189.21
-4189.21
-4189.21
-4189.21
5.013
-4189.1
-4189.1
-4189.1
-4189.1
5.369
-4189.41
-4189.41
-4189.41
-4189.41
4.989
-4189.19
-4189.21
-4189.21
-4189.21
5.333
-4189.31
-4189.31
-4189.31
-4189.31
4.958
-4189.1
-4189.1
-4189.1
-4189.1
5.616
-4188.89
-4189
-4189
-4189
5.027
-4175.1
-4189.52
-4189.52
-4189.52
5.356
-4189.72
-4189.72
-4189.72
-4189.72
5.033
-4189.21
-4189.21
-4189.21
-4189.21
5.185
-4179.71
-4189.41
-4189.41
-4189.41
4.956
-4189.52
-4189.52
-4189.52
-4189.52
5.347
-4189.31
-4189.31
-4189.31
-4189.31
5.055
-11413
-11724.2
-11924.8
-11928.3
15.022
-11608.8
-12124.9
-12145.7
-12266.4
14.823
-11995.7
-12176.9
-12293.9
-12412
15.246
-12012.8
-12243.6
-12365.7
-12396.5
14.88
-11144.2
-11810.6
-12019.1
-12299.9
14.586
-11799.5
-12097.2
-12383.7
-12399
14.932
-11760.5
-11964.6
-12341.6
-12415.9
15.12
-11398.2
-11912.3
-12104.6
-12268.6
14.829
-11610.8
-12100
-12161.1
-12221.9
14.812
-11503.2
-12141.7
-12264.1
-12427.3
15.248
-11309.3
-11520.4
-11959.5
-12063.3
14.978
-11641.7
-11815.2
-12149.3
-12351.1
15.048
-11336.5
-11759.7
-11852.5
-12036.1
14.882
-11940.8
-12243.5
-12303.6
-12460.1
15.002
-11637.9
-11968.4
-12093.8
-12230.3
14.463
-11491.3
-12076.8
-12255.5
-12423.9
15.438
-11099.7
-11832.6
-12115.4
-12239.1
15.035
-11506.6
-12115.5
-12228.2
-12404.2
15.313
-11377.9
-11928.2
-12240.1
-12391.6
14.624
-10862.3
-11716.9
-11980.7
-12243.3
15.119
-11915.5
-12043.3
-12224.1
-12355.3
14.149
-10927.9
-11369.7
-11885.1
-12183.9
14.863
-11758.6
-12191.7
-12398.9
-12428.4
14.756
-11521.5
-11921.8
-12107.5
-12133
14.551
-11626.5
-12061.8
-12282.4
-12282.6
14.838
-11534.3
-12088.8
-12228.2
-12470.2
15.279
-12083.5
-12205.6
-12464.2
-12472.8
15.068
-12008.5
-12342.9
-12454.8
-12439.3
15.022
-11709.8
-12173.7
-12329.8
-12352.9
15.674
-11521.2
-12005.4
-12124.9
-12286.6
15.692