-2094.79
-2094.88
-2094.87
-2094.91
16.186
-2094.56
-2094.86
-2094.79
-2094.86
15.555
-2094.57
-2094.67
-2094.68
-2094.76
15.572
-2094.58
-2094.84
-2094.83
-2094.83
14.356
-2094.64
-2094.79
-2094.75
-2094.75
15.228
-2094.78
-2094.54
-2094.87
-2094.89
14.783
-2094.58
-2094.66
-2094.86
-2094.87
15.051
-2094.8
-2094.85
-2094.78
-2094.78
13.526
-2094.8
-2094.77
-2094.87
-2094.9
14.607
-2094.36
-2094.58
-2094.56
-2094.66
12.829
-2094.62
-2094.68
-2094.86
-2094.8
13.855
-2094.37
-2094.87
-2094.88
-2094.88
15.142
-2094.82
-2094.9
-2094.87
-2094.67
14.365
-2094.86
-2094.89
-2094.83
-2094.9
16.192
-2094.72
-2094.89
-2094.86
-2094.87
14.256
-2094.83
-2094.78
-2094.82
-2094.81
13.211
-2094.85
-2094.77
-2094.9
-2094.89
13.532
-2094.73
-2094.6
-2094.91
-2094.87
13.245
-2094.53
-2094.69
-2094.63
-2094.6
13.747
-2094.6
-2094.86
-2094.89
-2094.78
13.378
-2094.88
-2094.85
-2094.86
-2094.88
12.643
-2094.69
-2094.9
-2094.88
-2094.84
13.684
-2094.54
-2094.7
-2094.72
-2094.86
15.228
-2094.88
-2094.79
-2094.84
-2094.87
12.941
-2094.35
-2094.79
-2094.71
-2094.73
13.854
-2094.71
-2094.69
-2094.61
-2094.66
15.097
-2094.64
-2094.72
-2094.62
-2094.68
13.544
-2094.59
-2094.65
-2094.67
-2094.7
12.736
-2094.46
-2094.59
-2094.76
-2094.62
14.247
-2094.66
-2094.57
-2094.59
-2094.74
13.648
-4184.96
-4182.22
-4184.02
-4182.69
26.174
-4181.86
-4180.19
-4185.39
-4184.85
25.866
-4182.54
-4185.59
-4182.9
-4182
26.322
-4186.05
-4181.41
-4185.71
-4180.65
26.285
-4185.93
-4183.65
-4186.01
-4184.38
26.237
-4182.17
-4184.1
-4185.61
-4184.89
26.08
-4184.02
-4184.72
-4185.5
-4186.44
26.09
-4185.03
-4186.79
-4184.34
-4185.17
26.335
-4189.27
-4183.42
-4185.61
-4181.75
26.079
-4188.01
-4183.35
-4185.63
-4184.71
26.269
-4183.77
-4187.44
-4183.56
-4183.03
25.73
-4184.12
-4187.23
-4183.43
-4184.88
26.026
-4183.48
-4184.86
-4182.77
-4187.04
26.29
-4186.68
-4187.45
-4183.99
-4187.24
25.538
-4178.65
-4186.03
-4183.64
-4180.57
26.209
-4183.29
-4184.4
-4179.37
-4181.06
26.252
-4185.12
-4185.39
-4185.58
-4186.89
25.51
-4187.12
-4181.46
-4184.06
-4182.71
26.26
-4177.32
-4185.19
-4184.29
-4187.7
26.259
-4187.63
-4186.28
-4183.57
-4177.83
26.055
-4183.8
-4188.28
-4185.36
-4185.31
26.483
-4181.02
-4185.46
-4186.67
-4185.72
26.251
-4186.97
-4185.88
-4184.94
-4184.33
25.821
-4187.45
-4182.62
-4177.57
-4182.2
26.296
-4182.76
-4183.29
-4186.56
-4184.63
26.379
-4184.8
-4185.27
-4182.71
-4182.9
26.33
-4185.56
-4181.59
-4184.44
-4180.04
26.414
-4184.51
-4187.57
-4182.73
-4187.05
26.256
-4182.1
-4184.15
-4179.9
-4186.09
26.233
-4185.58
-4182.4
-4185.88
-4183.71
25.583
-12183
-12246.1
-12312.7
-12264.7
83.628
-12247.8
-12312.4
-12250
-12333.5
82.719
-12141
-12338.9
-12304.9
-12365.6
85.495
-12339.8
-12244.6
-12285.3
-12194.6
77.046
-12275.4
-12236.4
-12262.2
-12344.1
77.567
-12170.3
-12191.7
-12161.6
-12296.1
77.5
-12221.4
-12205.7
-12235.8
-12338.1
76.943
-12352.6
-12208.5
-12068.6
-12367.1
78.051
-12146.6
-12324.9
-12080.6
-12372.4
83.604
-12172.2
-12311.7
-12341.6
-12237.9
82.647
-12197.9
-12178.2
-12296.6
-12286.5
84.203
-12324
-12285.6
-12339.7
-12377
82.731
-12338.5
-12350.4
-12330.6
-12348.8
85.526
-12268
-12317.4
-12305.3
-12099.9
79.261
-12366.9
-12371.4
-12292.6
-12236.3
77.669
-12225.9
-12284.4
-12318.3
-12251.1
78.078
-12239
-12334.1
-12276.1
-12277.2
85.283
-12341.2
-12337.3
-12169.8
-12271.3
82.838
-12315.9
-12236.9
-12323.8
-12246.2
85.65
-12320
-12338.5
-12336.8
-12200.5
77.637
-12188.6
-12360.5
-12284.8
-12214.9
81.323
-12268
-12251.2
-12180.4
-12363.1
83.005
-12201.1
-12281.8
-12327.1
-12336.3
82.957
-12300.7
-12282.6
-12378.9
-12172.3
84.121
-12186.1
-12296.5
-12240.1
-12233.9
82.86
-12232.1
-12359.8
-12104.8
-12350.6
85.481
-12304.8
-12320.7
-12366.3
-12254.2
83.005
-12281.5
-12347.1
-12321.3
-12256.5
85.056
-12163.4
-12339.5
-12208.7
-12237.7
79.773
-12218.3
-12379.7
-12337.9
-12239.7
82.036