-2094.81
-2094.81
-2094.81
-2094.81
2.618
-2094.6
-2094.59
-2094.6
-2094.6
2.435
-2094.7
-2094.7
-2094.7
-2094.7
2.307
-2094.6
-2094.6
-2094.7
-2094.7
2.662
-2094.81
-2094.81
-2094.81
-2094.81
2.514
-2094.49
-2094.49
-2094.49
-2094.49
2.727
-2094.81
-2094.81
-2094.81
-2094.81
2.633
-2094.7
-2094.7
-2094.71
-2094.71
2.168
-2094.71
-2094.71
-2094.71
-2094.71
2.589
-2094.81
-2094.81
-2094.81
-2094.81
2.062
-2094.91
-2094.91
-2094.91
-2094.91
2.534
-2094.71
-2094.71
-2094.71
-2094.71
2.348
-2094.81
-2094.81
-2094.81
-2094.81
2.186
-2094.81
-2094.81
-2094.81
-2094.81
2.447
-2094.81
-2094.81
-2094.81
-2094.81
2.543
-2094.71
-2094.71
-2094.7
-2094.7
2.536
-2094.71
-2094.71
-2094.71
-2094.71
1.99
-2094.43
-2094.5
-2094.49
-2094.49
2.381
-2094.91
-2094.91
-2094.91
-2094.91
2.642
-2094.7
-2094.7
-2094.71
-2094.7
2.539
-2094.81
-2094.81
-2094.81
-2094.81
2.368
-2094.7
-2094.7
-2094.7
-2094.7
2.287
-2094.81
-2094.81
-2094.81
-2094.81
2.547
-2094.7
-2094.7
-2094.7
-2094.7
2.21
-2094.81
-2094.81
-2094.81
-2094.81
2.547
-2094.81
-2094.81
-2094.81
-2094.81
2.676
-2094.81
-2094.81
-2094.81
-2094.81
2.61
-2094.91
-2094.91
-2094.91
-2094.91
2.744
-2094.69
-2094.71
-2094.71
-2094.71
2.646
-2094.5
-2094.49
-2094.49
-2094.5
2.65
-4032.72
-4154.45
-4188.93
-4189.22
4.642
-4153.75
-4187.75
-4188.95
-4188.84
4.636
-4162.03
-4188.97
-4189.18
-4189.21
4.978
-4069.11
-4153.95
-4188.46
-4188.42
5.274
-4145.05
-4188.39
-4188.39
-4188.2
4.459
-4136.01
-4189.12
-4188.97
-4189.07
4.514
-4154.3
-4188.8
-4188.85
-4188.62
4.485
-3978.08
-4154.19
-4188.82
-4188.77
4.834
-4188.42
-4188.01
-4188.43
-4188
5.072
-4147.02
-4188.96
-4189.1
-4188.93
4.891
-4187.69
-4188.87
-4188.39
-4188.46
4.697
-4152.15
-4154.28
-4188.91
-4188.69
4.399
-4154.11
-4188.4
-4188.36
-4188.5
5.217
-4186.94
-4188.02
-4188.39
-4188
4.601
-4188.5
-4188.23
-4188.21
-4188.46
4.809
-4032.73
-4119.68
-4150.09
-4188.24
4.69
-4180.36
-4188.46
-4187.59
-4188.18
4.624
-4172.97
-4188.83
-4188.75
-4189.14
4.733
-4151.74
-4185.06
-4189.02
-4188.84
4.639
-4188.13
-4188.86
-4188.99
-4188.87
5.304
-4143.66
-4154.56
-4154.71
-4154.49
5.263
-4153.76
-4189
-4188.9
-4188.71
4.983
-4188.8
-4189.04
-4188.72
-4188.84
4.793
-4188.01
-4188.94
-4188.55
-4188.85
4.901
-4148.46
-4188.3
-4188.67
-4188.35
4.825
-4154.47
-4188.9
-4189.09
-4188.89
5.257
-4189.3
-4189.4
-4189.4
-4189.34
5.043
-4188.57
-4188.7
-4188.73
-4188.97
4.532
-4186.7
-4188.89
-4188.88
-4188.78
4.893
-4149.74
-4154.07
-4188.73
-4189.07
4.643
-10337.5
-10910.7
-11122.8
-11309.6
15.291
-10426.5
-10763.3
-10942.9
-11392.6
14.925
-11069.6
-11449.2
-11636.4
-11660.6
14.742
-11030.3
-11459.2
-12014.3
-11681.5
14.544
-10686.3
-11061.5
-11086.3
-11340.6
15.098
-10552.9
-10602.8
-11095.8
-11387.6
15.449
-10950.3
-11290.8
-11725
-11752.8
15.427
-10814.3
-11091.1
-11487.7
-11719.5
14.832
-11059.1
-11380.4
-11353.8
-11569.6
15.323
-10678.9
-11391.2
-11187
-11320.8
14.678
-11096
-11234.2
-11291.3
-11290.4
14.405
-10241.2
-10940.8
-11155.1
-11450.6
14.468
-10743.1
-10746.6
-11117.2
-11361.6
15.162
-11275
-11372.4
-11821.9
-11527.3
15.265
-10403.6
-10875.3
-11216.8
-11377.9
14.163
-10954
-11603.6
-11560
-11758.5
15.155
-10912.5
-11698.5
-11614.9
-11837.6
15.297
-11297.2
-11422.4
-11561.2
-11894.9
14.77
-10884.9
-11761.2
-11780.7
-11545.8
14.756
-10744.3
-11317.1
-11251.2
-11590.6
14.841
-10708.7
-11279.5
-11748.6
-11807.2
14.903
-10609.4
-11404.9
-11501.7
-11700.9
15.398
-11246.6
-11553.4
-11554.7
-11932.9
15.151
-10250.2
-11069.9
-11539
-11688.9
15.183
-11452.8
-11545.7
-11477.5
-11543.2
14.494
-11856.2
-11925.6
-11662.3
-11729.2
14.796
-10943.3
-11255.4
-11561.6
-11680.5
15.035
-11258.5
-11400.3
-11847.6
-12097
14.539
-11230.7
-11205.1
-11202
-11402.4
15.097
-11051.3
-11545.3
-11792.8
-11544.6
15.363