-2094.77
-2093.3
-2094.24
-2093.94
6.557
-2092.74
-2093.1
-2094.37
-2091.64
6.677
-2093.03
-2092.9
-2094.31
-2093.81
6.602
-2093.92
-2093.88
-2092.32
-2094.17
6.566
-2091.38
-2093.5
-2094.45
-2094.69
6.57
-2094.35
-2093.11
-2094.01
-2093.66
6.5
-2093.03
-2093.91
-2094.49
-2093.71
6.518
-2092.82
-2094.56
-2092.09
-2094.6
6.521
-2094.25
-2094.38
-2094.01
-2093.41
6.601
-2093.87
-2093.23
-2094.54
-2094.49
6.474
-2094.24
-2094.26
-2094.3
-2093.75
6.584
-2094.35
-2093.34
-2094.14
-2094.69
6.529
-2092.05
-2094.59
-2094.39
-2092.61
6.566
-2093.11
-2091.75
-2092.12
-2094.59
6.58
-2094.22
-2094.23
-2094.26
-2093.1
6.579
-2094.61
-2094.65
-2084.91
-2093.65
6.57
-2089.62
-2092.18
-2093.37
-2094.46
6.586
-2094.17
-2094.61
-2094.45
-2094.2
6.572
-2092.55
-2093.24
-2094.26
-2094.55
6.488
-2093.4
-2094.51
-2093.73
-2094.04
6.486
-2093.51
-2091.83
-2093.88
-2093.18
6.487
-2094.58
-2094.15
-2094.28
-2094.61
6.533
-2091.18
-2094.13
-2094.23
-2094.51
6.585
-2094.49
-2094
-2093.42
-2093.38
6.631
-2093.78
-2092.88
-2092.72
-2092.18
6.538
-2094.5
-2094.54
-2091.33
-2094.39
5.35
-2092.11
-2094
-2091.21
-2092.04
6.541
-2089.6
-2093.1
-2092.96
-2093.59
6.626
-2092.47
-2093.92
-2093.32
-2094.61
6.584
-2092.27
-2093.4
-2093.15
-2092.96
6.605
-4172.73
-4174.84
-4173.64
-4174.97
12.765
-4180.23
-4186.72
-4176.51
-4174.93
12.6
-4181.48
-4177.32
-4166.73
-4165.6
12.481
-4178.11
-4181.96
-4175.25
-4166.4
12.77
-4173.11
-4170.67
-4168.99
-4174.54
12.775
-4175.66
-4159.11
-4172.73
-4175.26
12.724
-4182.78
-4173.66
-4176.14
-4175.17
13.291
-4165.64
-4174.91
-4179.6
-4176.66
13.104
-4179.33
-4177.57
-4174.52
-4175.63
13.032
-4181.5
-4156.8
-4175.14
-4160.17
12.741
-4177.39
-4166.81
-4170.88
-4169.02
12.754
-4184.8
-4182.39
-4173.97
-4174.02
12.729
-4162.97
-4180.73
-4173.49
-4166.26
13.042
-4179
-4181.78
-4170.01
-4181.33
12.728
-4171.03
-4173.77
-4173.79
-4172.31
13.051
-4180.23
-4176.25
-4173.12
-4168.87
12.693
-4166.67
-4181.78
-4179.9
-4181.05
13.296
-4183.43
-4174.58
-4168.5
-4161.71
12.716
-4170.94
-4162.28
-4178.73
-4180.15
12.769
-4166.88
-4184.26
-4165.97
-4178.09
12.779
-4165.55
-4173.7
-4172.32
-4183.07
12.677
-4166.96
-4175.62
-4180.16
-4179.38
12.734
-4176.3
-4170.32
-4181.16
-4175.91
13.105
-4179.07
-4178.04
-4178.11
-4169.03
12.981
-4165.29
-4175.79
-4173.63
-4173.77
13.079
-4176.49
-4179.79
-4173.39
-4179.24
13.044
-4172.94
-4173.58
-4174.58
-4181.09
12.491
-4179.56
-4169.88
-4169.51
-4182.9
12.646
-4162.84
-4175.41
-4162.03
-4173.13
13.024
-4170.75
-4169.75
-4180.61
-4176.78
12.713
-11983.9
-12085.9
-12171.8
-12004.8
38.712
-11953.5
-12048.3
-12010.1
-12101.4
38.094
-11971.7
-11989.3
-12006.1
-12018.7
37.988
-12077
-11875.4
-12131.6
-12116.6
38.298
-11664.7
-12266.3
-11889.7
-12157.4
38.436
-12121
-11818
-11928.8
-12063.6
38.483
-12193.4
-11652.4
-11989.1
-11897.8
37.777
-12062
-12009.5
-11658.3
-12051.4
38.268
-12075.1
-11832.2
-12037.3
-11990.2
38.092
-12055.7
-11864.4
-11875.1
-11821.1
38.014
-11773.1
-11827.5
-11878.1
-12108.4
38.056
-11675.8
-11973.9
-11945.2
-11982.8
38.217
-11836.8
-11915.9
-11923.6
-11848.2
38.456
-11907.4
-11589.6
-11935.8
-11862.7
38.271
-12185.6
-11783.9
-12054.1
-11872.8
37.897
-11839.7
-12176.8
-12166.6
-11874.4
38.008
-12177.9
-11855.4
-11910.5
-11972.1
38.529
-11781.8
-11833.1
-11885.9
-11802.3
38.038
-12014.8
-11875
-12135.1
-11894.3
37.762
-12178.2
-12098.5
-11290.2
-12031.7
38.768
-11987.1
-11699
-11981.3
-11677.8
38.461
-11767.2
-11652.2
-11980.5
-11884.9
38.828
-12127
-12071.2
-12219.6
-12014.4
38.695
-12242.2
-12230.4
-11774
-11916.9
38.764
-11740.8
-11987
-11679.9
-12067
38.227
-11694.3
-11887
-11856.5
-11926.5
38.321
-11725.2
-12014.7
-12040.5
-12061.3
38.197
-12140.4
-12031.7
-11920.6
-12019.4
38.011
-11992.7
-11503.6
-11720.9
-12165.4
38.109
-12017.6
-11923.6
-11919.1
-11770.2
38.572