-2094.91
-2094.91
-2094.91
-2094.91
24.981
-2094.81
-2094.81
-2094.81
-2094.81
24.61
-2094.81
-2094.81
-2094.81
-2094.81
25.264
-2094.5
-2094.5
-2094.5
-2094.5
25.591
-2094.91
-2094.91
-2094.91
-2094.91
24.494
-2094.91
-2094.91
-2094.91
-2094.91
25.229
-2094.91
-2094.91
-2094.91
-2094.91
24.701
-2094.81
-2094.81
-2094.81
-2094.81
24.373
-2094.71
-2094.71
-2094.81
-2094.81
25.537
-2094.81
-2094.91
-2094.91
-2094.91
24.789
-2094.81
-2094.81
-2094.81
-2094.81
25.8
-2094.81
-2094.81
-2094.81
-2094.81
25.235
-2094.81
-2094.81
-2094.91
-2094.91
25.058
-2094.81
-2094.81
-2094.81
-2094.91
25.401
-2094.81
-2094.81
-2094.81
-2094.81
24.447
-2094.6
-2094.6
-2094.6
-2094.71
25.142
-2094.81
-2094.81
-2094.81
-2094.81
25.685
-2094.81
-2094.81
-2094.81
-2094.81
25.198
-2094.91
-2094.91
-2094.91
-2094.91
24.911
-2094.91
-2094.91
-2094.91
-2094.91
25.364
-2094.81
-2094.81
-2094.81
-2094.81
24.591
-2094.71
-2094.71
-2094.71
-2094.71
24.802
-2094.81
-2094.81
-2094.81
-2094.81
24.682
-2094.81
-2094.81
-2094.91
-2094.91
25.557
-2094.81
-2094.81
-2094.81
-2094.81
25.897
-2094.81
-2094.81
-2094.81
-2094.81
25.54
-2094.71
-2094.81
-2094.91
-2094.91
25.253
-2094.91
-2094.91
-2094.91
-2094.91
25.796
-2094.81
-2094.81
-2094.81
-2094.81
25.563
-2094.6
-2094.6
-2094.71
-2094.81
24.884
-4188.79
-4188.97
-4189.19
-4189.09
48.783
-4188.43
-4188.99
-4187.95
-4188.47
48.931
-4188.99
-4188.94
-4189.19
-4189.3
48.687
-4188.69
-4188.45
-4188.43
-4188.21
49.333
-4189.25
-4189.18
-4189.14
-4189.25
48.648
-4188.69
-4189.03
-4188.99
-4189.11
49.123
-4188.74
-4188.65
-4189.01
-4188.6
47.999
-4188.99
-4188.85
-4189.14
-4189.17
48.903
-4188.74
-4188.9
-4189.13
-4188.94
49.65
-4189.29
-4189.4
-4189.24
-4189.54
49.234
-4189.46
-4189.36
-4189.29
-4189.11
48.903
-4188.28
-4188.64
-4188.47
-4187.73
49.758
-4188.21
-4188.22
-4188.17
-4188.62
49.586
-4188.76
-4188.93
-4189.02
-4189.03
48.69
-4189.05
-4188.92
-4189.16
-4188.78
50.831
-4188.72
-4188.77
-4188.81
-4188.69
50.059
-4188.56
-4188.48
-4188.49
-4188.47
49.226
-4187.93
-4188
-4187.62
-4188.1
50.857
-4189.28
-4188.62
-4189.37
-4189.4
48.896
-4188.2
-4188.7
-4188.04
-4188.81
50.749
-4188.76
-4188.41
-4187.93
-4188.27
49.342
-4188.71
-4188.72
-4188.63
-4188.89
48.859
-4188.39
-4189.06
-4189.06
-4189.31
49.918
-4188.79
-4189.15
-4188.99
-4189.17
50.105
-4188.72
-4188.51
-4188.35
-4188.44
47.727
-4189.29
-4189.21
-4189.42
-4189.43
47.688
-4189.01
-4188.79
-4188.82
-4189.09
49.75
-4188.28
-4188.89
-4188.92
-4188.62
49.083
-4188.86
-4188.98
-4188.69
-4189
48.464
-4189.2
-4188.94
-4189.06
-4189.22
48.559
-11588.7
-11521
-11384.1
-11672.9
149.25
-11545.9
-11681.8
-11640.3
-11289
141.395
-11380.1
-11634.2
-11646.1
-11529
149.526
-11491
-11471.9
-11726.4
-11536
150.883
-11577.7
-11738.7
-11618.5
-11722.9
144.375
-11106.4
-11647.6
-11556.4
-11386
146.24
-11522.1
-11675.8
-11540.1
-11600.8
146.194
-11554.6
-11621.4
-11490.3
-11321.3
143.855
-11595.3
-11515.6
-11457
-11719.6
150.191
-11295.1
-11708.6
-11464.1
-11487
141.516
-11128.4
-11697
-11927.1
-11253.3
146.828
-11788.8
-11739.2
-11443.5
-11569.5
147.4
-11436.2
-11498.9
-11497.8
-11325.5
146.279
-11175.2
-11455.9
-11323
-11503.4
147.311
-11682.7
-11591.4
-11510.5
-11374.1
147.149
-11519.5
-11490.6
-11675.4
-11657.6
147.516
-11665.8
-11594.8
-11750.3
-11304
147.256
-11563.8
-11523.8
-11492.2
-11595.4
146.178
-11616.2
-11539.3
-11575.1
-11705.6
149.452
-11702
-11077.1
-11506.7
-11705.3
146.293
-11477.2
-11617
-11742.7
-11645.7
150.297
-11664.6
-11194.6
-11542.2
-11796.8
151.059
-11452.6
-11196.2
-11708.6
-11390.2
145.111
-11315.4
-11660.5
-11459.7
-11834
150.039
-11765.3
-11617.7
-11075.3
-11493.5
144.044
-11495.6
-11513.3
-11961.5
-11910
149.259
-11845.7
-11403.9
-11534.3
-11363.8
145.845
-11336.1
-11092.1
-11435.8
-11415
146.142
-11591.4
-11564.6
-11323.1
-11314.9
141.546
-11365
-11683.7
-11329.4
-11496.6
146.541