-2094.6
-2094.6
-2094.6
-2094.6
2.507
-2094.81
-2094.81
-2094.81
-2094.81
2.642
-2094.71
-2094.71
-2094.71
-2094.71
2.352
-2094.81
-2094.81
-2094.81
-2094.81
2.579
-2094.71
-2094.71
-2094.71
-2094.71
2.398
-2094.6
-2094.6
-2094.6
-2094.6
2.653
-2094.71
-2094.71
-2094.71
-2094.71
2.497
-2094.71
-2094.71
-2094.71
-2094.71
2.641
-2094.81
-2094.81
-2094.81
-2094.81
2.573
-2094.6
-2094.6
-2094.6
-2094.6
2.675
-2094.6
-2094.6
-2094.6
-2094.6
2.396
-2094.81
-2094.81
-2094.81
-2094.81
2.662
-2094.81
-2094.81
-2094.81
-2094.81
2.344
-2094.91
-2094.91
-2094.91
-2094.91
2.659
-2094.91
-2094.91
-2094.91
-2094.91
2.433
-2094.91
-2094.91
-2094.91
-2094.91
2.625
-2094.71
-2094.7
-2094.71
-2094.71
2.456
-2094.71
-2094.71
-2094.71
-2094.71
2.511
-2094.81
-2094.81
-2094.81
-2094.81
2.496
-2094.71
-2094.71
-2094.71
-2094.71
2.574
-2094.71
-2094.71
-2094.71
-2094.71
2.626
-2094.49
-2094.5
-2094.49
-2094.5
2.552
-2094.71
-2094.71
-2094.71
-2094.71
2.516
-2094.71
-2094.71
-2094.71
-2094.71
2.484
-2094.81
-2094.81
-2094.81
-2094.81
2.545
-2094.71
-2094.71
-2094.71
-2094.71
2.568
-2094.81
-2094.81
-2094.81
-2094.81
2.554
-2094.49
-2094.5
-2094.49
-2094.5
2.622
-2094.71
-2094.71
-2094.71
-2094.71
2.52
-2094.6
-2094.6
-2094.6
-2094.6
2.541
-4188.44
-4187.14
-4186.84
-4185.66
4.767
-4185.68
-4188.57
-4187.77
-4186.05
5.13
-4187.55
-4186.9
-4189.22
-4187.79
4.613
-4146.59
-4184.73
-4185.43
-4188.34
4.557
-4147.3
-4187.11
-4185.6
-4188.51
4.525
-4188.05
-4187.99
-4189.19
-4187.48
4.725
-4066.95
-4186.59
-4187.05
-4185.63
5.148
-4127.35
-4183.36
-4184.9
-4187.64
5.061
-4171.01
-4187.39
-4185.72
-4184.94
5.143
-4117.15
-4186.34
-4186.72
-4188.5
5.075
-4026.77
-4152.29
-4184.02
-4186.95
4.914
-4178.49
-4182.33
-4185.57
-4187.04
5.266
-4146.18
-4186.44
-4187.39
-4187.98
4.538
-4186.52
-4189.04
-4186.24
-4188.81
5.047
-4147.33
-4152.79
-4186.97
-4186.68
4.84
-4184.03
-4187.26
-4186.79
-4187.59
4.735
-4185.67
-4186.43
-4185.97
-4186.46
4.524
-4175.03
-4187.47
-4186.64
-4187.42
5.061
-4151.47
-4147.93
-4186.5
-4185.77
4.632
-4187.08
-4186.02
-4184.88
-4188.28
4.726
-4186.39
-4187.91
-4187.66
-4187.96
4.723
-4148.45
-4188.63
-4188.56
-4184.19
4.798
-4184.93
-4187.69
-4185.67
-4187.68
4.821
-4179.48
-4187.38
-4187.85
-4188.79
4.57
-4187.63
-4186.58
-4188.34
-4186.23
4.363
-4096.81
-4186.32
-4188.27
-4187.86
5.119
-4149.97
-4185.83
-4186.68
-4185.24
4.767
-4186.01
-4186.48
-4187.29
-4186.1
5.228
-4032.68
-4152.49
-4187.14
-4187.57
5.118
-4185.89
-4185.59
-4185.4
-4187.5
5.24
-10690
-10547.3
-10637.4
-10207
14.651
-10254.7
-10527.3
-10974.7
-11025
15.004
-10180.5
-10067.7
-10922.5
-10668.2
14.681
-10513.4
-10604.4
-10630
-11387.6
14.705
-9646.17
-10311.6
-10387.1
-10505.7
15.189
-10239
-10681.8
-10889.8
-10829.8
14.641
-10609.4
-11177.6
-10813
-10741.3
14.89
-10496.3
-11021.9
-10889.5
-10372
15.108
-9894.07
-10303.7
-10790.4
-10462.4
14.881
-10474.9
-10877.3
-10868.3
-10746.5
14.477
-10635.3
-10119.8
-10143.3
-10330
14.839
-10209.7
-10259.2
-10182.8
-10702.8
14.732
-10791.7
-10336.2
-10768.7
-10881.4
15.138
-9832.33
-10419.4
-10333.5
-11233.8
14.699
-10271.8
-11086.6
-10625.9
-10788.7
14.774
-10238.8
-10848.4
-10843
-10178.3
14.953
-11042.2
-10277.5
-10356.9
-10198.6
15.066
-9863.28
-10573.9
-10347.1
-11269.7
15.422
-10176.4
-10173.1
-10367.8
-10611.7
14.257
-10048.8
-10503.2
-10368.2
-10213.9
14.866
-10371.8
-10030.9
-11136.2
-10447.9
14.67
-10515.7
-10223.8
-10587.1
-10228.5
15.119
-10477.3
-10548.3
-10490.7
-10444.6
14.867
-10226.1
-10849.4
-10714.1
-11357.1
15.352
-10273
-10075.7
-10213.1
-10970.2
14.917
-10727.6
-10358.6
-11196.3
-10538.5
14.696
-10688.3
-10542.5
-10107.6
-10662.5
15.122
-10163.7
-10896.6
-10610.7
-10608.9
14.709
-10398.7
-10210.9
-10747.7
-10346.3
14.935
-10253
-9918.72
-10426.2
-10522.1
15.059