-2094.39
-2094.39
-2094.39
-2094.39
1.341
-2094.6
-2094.6
-2094.6
-2094.6
1.351
-2094.5
-2094.5
-2094.5
-2094.5
1.327
-2094.6
-2094.6
-2094.6
-2094.6
1.241
-2060.47
-2094.71
-2094.71
-2094.71
1.28
-2094.52
-2094.6
-2094.6
-2094.6
1.342
-2094.71
-2094.71
-2094.71
-2094.71
1.248
-2094.6
-2094.6
-2094.6
-2094.6
1.286
-2094.71
-2094.71
-2094.71
-2094.71
1.124
-2094.6
-2094.6
-2094.6
-2094.6
1.361
-2094.71
-2094.71
-2094.71
-2094.71
1.358
-2060.47
-2094.6
-2094.6
-2094.71
1.329
-2094.28
-2094.71
-2094.71
-2094.71
1.326
-2094.6
-2094.6
-2094.6
-2094.6
1.231
-2094.6
-2094.6
-2094.6
-2094.6
1.325
-2094.6
-2094.6
-2094.6
-2094.6
1.336
-2094.91
-2094.91
-2094.91
-2094.91
1.283
-2066.87
-2094.71
-2094.71
-2094.71
1.243
-2094.81
-2094.81
-2094.81
-2094.81
1.212
-2094.6
-2094.6
-2094.6
-2094.6
1.332
-2094.6
-2094.6
-2094.6
-2094.6
1.291
-2094.6
-2094.6
-2094.6
-2094.6
1.174
-2094.6
-2094.6
-2094.6
-2094.6
1.25
-2060.51
-2094.81
-2094.81
-2094.81
1.253
-2094.7
-2094.71
-2094.71
-2094.71
1.296
-2094.7
-2094.71
-2094.71
-2094.71
1.3
-2094.81
-2094.81
-2094.81
-2094.81
1.327
-2094.6
-2094.6
-2094.6
-2094.6
1.23
-2094.6
-2094.6
-2094.6
-2094.6
1.321
-2094.91
-2094.91
-2094.91
-2094.91
1.14
-3952.86
-4119.8
-4154.09
-4188.42
2.281
-3903.2
-4023.17
-4188.82
-4188.99
2.634
-3980.89
-4159.14
-4188.7
-4188.53
2.554
-4035.95
-4189.12
-4189.05
-4189.38
2.602
-4120.08
-4120.25
-4152.1
-4189.2
2.296
-4066.13
-4188.86
-4189.11
-4188.74
2.412
-4106.88
-4154.85
-4189.14
-4189.36
2.585
-4117.17
-4189.15
-4189.19
-4189.08
2.276
-4062.53
-4188.86
-4188.87
-4188.92
2.476
-4080.57
-4116
-4154.69
-4186.91
2.454
-4188.47
-4188.69
-4188.76
-4188.92
2.519
-4053.67
-4188.48
-4188.6
-4188.77
2.561
-4066.75
-4188.99
-4188.94
-4189.08
2.485
-4043.64
-4188.99
-4189.21
-4189.07
2.611
-4120.05
-4188.87
-4188.84
-4189.19
2.627
-4044.96
-4084.9
-4153.36
-4187.82
2.659
-4068.19
-4189.14
-4189.12
-4188.98
2.494
-3994.02
-4188.51
-4188.4
-4188.59
2.382
-4120.2
-4154.67
-4155.15
-4189.4
2.524
-4189.01
-4189.04
-4188.94
-4188.81
2.42
-4083.82
-4154.75
-4188.89
-4188.99
2.471
-3998.58
-4187.53
-4188.79
-4188.55
2.422
-3988.26
-4189.02
-4189.11
-4189.16
2.506
-4153.75
-4189.28
-4189.33
-4189.08
2.632
-3862.62
-4150.29
-4188.72
-4188.82
2.55
-3944.56
-4070.95
-4154.93
-4154.77
2.598
-4187.59
-4188.9
-4188.19
-4188.38
2.57
-3852.33
-4064.8
-4189.05
-4189.3
2.635
-4153.85
-4153.79
-4188.14
-4188.43
2.551
-4187.07
-4189.04
-4189.23
-4189.13
2.554
-10997.6
-11566
-11824.5
-11860.2
7.398
-10191.8
-10802.7
-10717.3
-11479.3
7.129
-11269.7
-11381.1
-11827.3
-11979.4
7.108
-11253.2
-11349.9
-11642.5
-11756.3
7.398
-10916.9
-11721.7
-11326.8
-11517.7
7.279
-11238.9
-11323.2
-11236.3
-11638.1
7.087
-10312
-11243.4
-11655.6
-11434.9
7.436
-10953.5
-11392.2
-11682.3
-11484
7.176
-10652.6
-11156.7
-11330.1
-11440.3
7.379
-10952
-11581.3
-11623.6
-11359.2
7.506
-10441.9
-10538.6
-10702.7
-10749.3
7.516
-11010
-11495.3
-11712.3
-11574.5
6.785
-11525.4
-11212.2
-11169.4
-11699.3
7.24
-10905.1
-11477.2
-11977
-11782.9
7.547
-10928.6
-11272.9
-11710.1
-11785.9
7.309
-11114.6
-11548.6
-11486.2
-11736.3
7.365
-10621.1
-10616.4
-11366.2
-11443.7
7.352
-11300
-11314.7
-11690.2
-11258.3
7.195
-10383.6
-11311.4
-11590.2
-11781.7
7.635
-10551.9
-11045.5
-11389.8
-11497.7
7.21
-10750.5
-11377.9
-11570.8
-11796.2
7.596
-11250.8
-11333.9
-11612.7
-11473
7.493
-10412.1
-11592.5
-11599.8
-11769.3
7.359
-10708.7
-11137.7
-11415.7
-11487.7
7.267
-10995.6
-11431.2
-11566.4
-11477.1
7.551
-10837.2
-11065.9
-11625.4
-11897.6
7.162
-10543.9
-11587.8
-11125.4
-11974.1
7.295
-10650.2
-11204.2
-11631.1
-11392.1
7.263
-10786.7
-11583.1
-11701.2
-11786.6
7.349
-10450.8
-11081.4
-11462.2
-11935.4
7.564