-2094.81
-2094.81
-2094.81
-2094.81
12.308
-2094.7
-2094.7
-2094.7
-2094.7
12.142
-2094.81
-2094.81
-2094.81
-2094.81
11.903
-2094.91
-2094.91
-2094.91
-2094.91
12.519
-2094.81
-2094.81
-2094.81
-2094.81
12.505
-2094.6
-2094.7
-2094.71
-2094.71
12.508
-2094.81
-2094.81
-2094.81
-2094.81
12.519
-2094.7
-2094.7
-2094.79
-2094.81
11.763
-2094.71
-2094.7
-2094.7
-2094.7
12.97
-2094.71
-2094.71
-2094.7
-2094.81
12.393
-2094.6
-2094.59
-2094.6
-2094.6
12.343
-2094.7
-2094.7
-2094.7
-2094.71
12.8
-2094.81
-2094.81
-2094.81
-2094.81
12.533
-2094.6
-2094.68
-2094.7
-2094.7
12.457
-2094.69
-2094.81
-2094.81
-2094.81
11.807
-2094.59
-2094.6
-2094.6
-2094.59
12.504
-2094.81
-2094.91
-2094.91
-2094.91
12.381
-2094.6
-2094.6
-2094.6
-2094.6
13.009
-2094.7
-2094.71
-2094.7
-2094.7
13.054
-2094.81
-2094.81
-2094.81
-2094.81
12.17
-2094.7
-2094.71
-2094.7
-2094.71
12.074
-2094.81
-2094.81
-2094.81
-2094.81
12.627
-2094.7
-2094.71
-2094.71
-2094.7
12.132
-2094.48
-2094.49
-2094.49
-2094.48
12.223
-2094.38
-2094.38
-2094.37
-2094.38
12.815
-2094.81
-2094.81
-2094.81
-2094.81
12.818
-2094.6
-2094.6
-2094.59
-2094.6
12.459
-2094.7
-2094.7
-2094.71
-2094.7
12.82
-2094.6
-2094.6
-2094.59
-2094.59
12.032
-2094.6
-2094.6
-2094.59
-2094.6
12.763
-4183.88
-4188.24
-4188.66
-4188.67
25.078
-4187.88
-4187.95
-4188.63
-4188.01
25.019
-4187.38
-4188.55
-4188.62
-4187.89
25.55
-4186.12
-4184.75
-4186.42
-4185.89
23.782
-4187.08
-4186.87
-4188.15
-4186.44
25.423
-4188.47
-4186.86
-4187.68
-4187.98
23.89
-4186.99
-4187.58
-4187.38
-4187.83
24.6
-4183.63
-4186.69
-4188.15
-4188.1
25.06
-4188.69
-4187.2
-4187.25
-4187.91
25.307
-4184.88
-4188.54
-4188.63
-4188.09
25.11
-4186.89
-4186.93
-4188.77
-4188.86
24.516
-4186.59
-4188.26
-4188.62
-4185.49
24.636
-4188.36
-4188.32
-4188.59
-4189.38
24.451
-4183.14
-4185.73
-4185.92
-4182.84
25.005
-4186.78
-4185.72
-4187.1
-4188.32
24.491
-4185
-4187.93
-4187.46
-4183.49
23.98
-4187.69
-4188.2
-4188.92
-4188.37
24.403
-4188.08
-4186.99
-4187.65
-4187.75
24.709
-4185.08
-4185.56
-4186.42
-4187.51
25.078
-4186.41
-4187.04
-4186.75
-4184.43
25.398
-4186.18
-4188.58
-4186.48
-4185.31
25.27
-4187.27
-4188.16
-4187.51
-4186.85
24.012
-4186.8
-4187.95
-4188.66
-4188.11
24.625
-4188.01
-4188.39
-4187.93
-4187.08
24.627
-4186.04
-4185.7
-4188.31
-4188.81
25.645
-4188.62
-4188.27
-4186.68
-4187.87
24.486
-4185.94
-4187.35
-4186.92
-4185.56
24.255
-4187.35
-4188.12
-4187.78
-4186.58
24.492
-4185.22
-4187.76
-4186.5
-4187.7
24.458
-4188.41
-4187.93
-4185.49
-4186.3
24.774
-10736.3
-11574.9
-10991.4
-10703.5
74.153
-10313.1
-11139.6
-10844.9
-11319.4
74.533
-10757.5
-10415
-11001.8
-11466.2
72.768
-11124.7
-10840.1
-10780.2
-11242.6
72.296
-11107.8
-11254
-11505.2
-10944.7
74.388
-11407.2
-10467.9
-10712.4
-11296.3
73.697
-11128.7
-11200.1
-10687.2
-11037.2
72.608
-11099.6
-10965
-10785.3
-10645.7
73.753
-10694.3
-10940.3
-11024.8
-10604.5
72.833
-10957.1
-10727.5
-10764.6
-10889.7
74.26
-10943.1
-11193.3
-10018.7
-10993.7
73.975
-11005.8
-10400.8
-11028.2
-10836.6
73.429
-10942.4
-10886.5
-10674.7
-10523.5
74.091
-10705.6
-11012.6
-11352
-11002.5
72.984
-10937.4
-11101
-11108.5
-11052.9
73.837
-10493.7
-11478.2
-10207.3
-10864.9
73.448
-10791.3
-10982.2
-10388.1
-10974.5
73.014
-10815.2
-10966.1
-11139
-11038.2
74.563
-10636.5
-11244.4
-10940
-10863.2
73.754
-11171.9
-11012.9
-11125.2
-10882.6
74.434
-11461.2
-10841.3
-11471.7
-11359.2
74.323
-11141.8
-11062.8
-10693.8
-10886.5
73.405
-10726.2
-11240.3
-10966.9
-10981.6
73.703
-10534.7
-11244.5
-10457.7
-11004.5
73.958
-11271.2
-11648.3
-10696.8
-10964
73.742
-11074.1
-10697.3
-11678.3
-10762.4
74.088
-10775.1
-10578
-11060.2
-11371.2
74.543
-10807.3
-11221.7
-10971.9
-10917.1
72.964
-11265.6
-11083.3
-10758.9
-10780.9
73.763
-11302.2
-10353.3
-11411.6
-10790.3
74.016