-2094.81
-2094.81
-2094.81
-2094.81
2.752
-2094.71
-2094.71
-2094.71
-2094.71
2.455
-2094.81
-2094.81
-2094.81
-2094.81
2.822
-2094.71
-2094.71
-2094.71
-2094.71
2.446
-2094.71
-2094.71
-2094.71
-2094.71
2.477
-2094.71
-2094.71
-2094.71
-2094.71
2.662
-2094.71
-2094.71
-2094.71
-2094.71
2.589
-2094.71
-2094.71
-2094.71
-2094.71
2.654
-2094.5
-2094.5
-2094.5
-2094.5
2.728
-2094.6
-2094.6
-2094.6
-2094.6
2.862
-2094.4
-2094.4
-2094.4
-2094.4
2.892
-2094.6
-2094.6
-2094.6
-2094.6
2.682
-2094.6
-2094.6
-2094.6
-2094.6
2.801
-2094.6
-2094.6
-2094.6
-2094.6
2.706
-2094.81
-2094.81
-2094.81
-2094.81
2.695
-2094.81
-2094.81
-2094.81
-2094.81
2.417
-2094.71
-2094.71
-2094.71
-2094.71
2.614
-2094.6
-2094.6
-2094.6
-2094.6
2.981
-2094.6
-2094.6
-2094.6
-2094.6
2.806
-2094.71
-2094.71
-2094.71
-2094.71
2.788
-2094.5
-2094.5
-2094.5
-2094.5
2.698
-2094.6
-2094.6
-2094.6
-2094.6
2.661
-2094.6
-2094.6
-2094.6
-2094.6
2.964
-2094.71
-2094.71
-2094.71
-2094.71
2.589
-2094.71
-2094.71
-2094.71
-2094.71
2.873
-2094.81
-2094.81
-2094.81
-2094.81
2.547
-2094.81
-2094.81
-2094.81
-2094.81
2.901
-2094.6
-2094.6
-2094.6
-2094.6
2.841
-2094.71
-2094.71
-2094.71
-2094.71
2.851
-2094.71
-2094.71
-2094.71
-2094.71
2.988
-4189.52
-4189.52
-4189.52
-4189.52
5.352
-4189.21
-4189.21
-4189.21
-4189.21
5.45
-4189.31
-4189.31
-4189.31
-4189.31
5.577
-4189.31
-4189.31
-4189.31
-4189.31
5.041
-4189.41
-4189.41
-4189.41
-4189.41
5.57
-4189.72
-4189.72
-4189.72
-4189.72
5.536
-4189.1
-4189.1
-4189.1
-4189.1
4.548
-4189.31
-4189.31
-4189.31
-4189.31
4.926
-4189.52
-4189.52
-4189.52
-4189.52
4.721
-4189.62
-4189.62
-4189.62
-4189.62
5.394
-4189.51
-4189.52
-4189.51
-4189.52
4.891
-4189.31
-4189.31
-4189.31
-4189.31
5.201
-4189.52
-4189.52
-4189.52
-4189.52
5.407
-4189.41
-4189.41
-4189.41
-4189.41
5.437
-4189.31
-4189.31
-4189.31
-4189.31
4.969
-4189.2
-4189.2
-4189.2
-4189.2
5.384
-4154.86
-4189
-4189
-4189
5.162
-4189.52
-4189.52
-4189.52
-4189.52
5.225
-4189.41
-4189.41
-4189.41
-4189.41
5.06
-4189.3
-4189.31
-4189.31
-4189.31
4.983
-4155.07
-4188.86
-4189.21
-4189.2
5.315
-4189.21
-4189.21
-4189.21
-4189.21
4.715
-4189.3
-4189.31
-4189.31
-4189.31
5.463
-4155.28
-4189.41
-4189.41
-4189.41
4.995
-4189.31
-4189.31
-4189.31
-4189.31
4.833
-4189.62
-4189.62
-4189.62
-4189.62
5.101
-4189.19
-4189.21
-4189.21
-4189.21
5.258
-4189.52
-4189.52
-4189.52
-4189.52
5.425
-4189.2
-4189.21
-4189.21
-4189.21
5.312
-4189.52
-4189.52
-4189.52
-4189.52
4.889
-11943.7
-12280.9
-12459.6
-12498.9
14.838
-11528.6
-11683.1
-11969.3
-12169.7
14.601
-11014.8
-11698.1
-11917.9
-12130.5
14.239
-11453.5
-11761.1
-11925.5
-12293.3
14.75
-12013.4
-12115.8
-12181.1
-12269.4
14.863
-11587.2
-12090.9
-12187.7
-12347.3
13.873
-11792.4
-11946.3
-12144.7
-12319.3
14.848
-11404.4
-12008.6
-12207.1
-12249.7
15.345
-11341.7
-12067.1
-12198.3
-12273.9
14.884
-11302.6
-12033.9
-12245.6
-12382.1
14.838
-10755.3
-11303
-11687.9
-11901.6
14.58
-11727.4
-11995.6
-12124.9
-12234.8
14.526
-10991
-11514.3
-11763.4
-11953.3
14.814
-11931.6
-12225.4
-12362.6
-12501.2
14.315
-11825.4
-12094.5
-12162.7
-12204.7
14.65
-11665.8
-11724.6
-11875.5
-12011.7
15.551
-11388.5
-12188.5
-12297
-12308.4
15.348
-11462.9
-11908.9
-12009.2
-12168.1
15.363
-11534
-11857.1
-12027.5
-12287.3
15.338
-11739.9
-12096.5
-12268.6
-12423.3
14.328
-11779.4
-12050.3
-12194.8
-12289.5
15.073
-12134.6
-12414.6
-12398.7
-12445.2
14.579
-11581.6
-11735
-11950.1
-12211.6
14.224
-11459.9
-11696
-11982.4
-12065.5
14.56
-11727.3
-12150.8
-12195.6
-12292.3
15.156
-11730.8
-12048.2
-12358.3
-12356
15.652
-11371.4
-11795.9
-12122.6
-12354
15.456
-11618.6
-11942.3
-12245.9
-12345.8
14.655
-11621.7
-12057.1
-12257.6
-12368.8
14.208
-11438.7
-11793.3
-12135.9
-12247.3
14.956