-2094.59
-2094.59
-2094.59
-2094.59
2.321
-2094.8
-2094.81
-2094.91
-2094.91
2.497
-2094.7
-2094.7
-2094.71
-2094.7
2.251
-2094.59
-2094.59
-2094.59
-2094.58
2.562
-2094.91
-2094.9
-2094.91
-2094.91
2.471
-2094.7
-2094.7
-2094.69
-2094.81
2.589
-2094.53
-2094.58
-2094.59
-2094.58
2.596
-2094.81
-2094.81
-2094.81
-2094.81
2.529
-2094.59
-2094.58
-2094.59
-2094.59
2.412
-2094.8
-2094.8
-2094.81
-2094.81
2.511
-2094.91
-2094.91
-2094.91
-2094.91
2.528
-2094.57
-2094.58
-2094.56
-2094.58
2.422
-2094.8
-2094.8
-2094.81
-2094.79
2.437
-2094.81
-2094.81
-2094.81
-2094.81
2.472
-2094.7
-2094.7
-2094.68
-2094.7
2.5
-2094.57
-2094.58
-2094.59
-2094.59
2.701
-2094.91
-2094.91
-2094.91
-2094.91
2.368
-2094.48
-2094.47
-2094.47
-2094.46
2.448
-2094.69
-2094.7
-2094.69
-2094.7
2.552
-2094.69
-2094.7
-2094.69
-2094.7
2.675
-2094.91
-2094.91
-2094.91
-2094.91
2.548
-2094.7
-2094.69
-2094.7
-2094.7
2.435
-2094.91
-2094.91
-2094.91
-2094.91
2.557
-2094.58
-2094.6
-2094.59
-2094.59
2.608
-2094.81
-2094.8
-2094.8
-2094.79
2.512
-2094.68
-2094.71
-2094.69
-2094.7
2.366
-2094.6
-2094.57
-2094.59
-2094.57
2.565
-2094.81
-2094.81
-2094.81
-2094.87
2.42
-2094.81
-2094.81
-2094.81
-2094.81
2.395
-2094.8
-2094.8
-2094.8
-2094.8
2.42
-4137.39
-4178.4
-4169.12
-4172.72
4.582
-4176.28
-4171.96
-4175.75
-4181.24
4.58
-4045.45
-4059.75
-4179.49
-4174
4.637
-4179.66
-4180.03
-4171.1
-4171.65
4.974
-4094.02
-4180.47
-4176.13
-4166.81
4.808
-4175.37
-4168.66
-4179.1
-4173.8
5.312
-4178.31
-4181.59
-4169.81
-4174.94
4.943
-4169.8
-4172.18
-4175.12
-4181.3
4.821
-4126.34
-4179.67
-4180.68
-4176.8
4.924
-4172.45
-4174.9
-4180.14
-4174.28
4.663
-4056.97
-4180.92
-4176.35
-4170.57
4.682
-4058.59
-4176.14
-4185.98
-4176.63
5.12
-3967.23
-4176.34
-4169.81
-4174.75
5.116
-4172.93
-4180.69
-4184.21
-4166.97
5.022
-4181.55
-4185.44
-4173.47
-4178.19
5.203
-4136.42
-4176.22
-4173.62
-4173.87
5.135
-4173.24
-4171.13
-4174.45
-4177.88
4.873
-4183.32
-4173.33
-4180.9
-4182.28
5.322
-4042.62
-4159.66
-4183.28
-4179.33
5.049
-4065.22
-4095.53
-4183.69
-4175.37
4.893
-4160.37
-4174.4
-4171.98
-4177.67
5.09
-4134.07
-4178.46
-4180.34
-4173.88
4.83
-4139.26
-4175.8
-4183.88
-4172.45
5.142
-3996.61
-4174.5
-4183.51
-4164.83
5.034
-4150.97
-4175.79
-4170.73
-4179.33
5.187
-4170.87
-4163.27
-4186.13
-4174.24
4.918
-4161.88
-4171.98
-4177.55
-4173.96
4.833
-4180.87
-4179.06
-4180.6
-4179.68
4.961
-4098.86
-4173.86
-4183.13
-4174.46
5.109
-4138.6
-4170.46
-4166.4
-4175.29
4.938
-9245.53
-10135.8
-10466.3
-9616.31
14.964
-9102.43
-10159.3
-9584.39
-9702.49
15.01
-9413.63
-10389.8
-10525.1
-9715.61
14.82
-9826.52
-9585.68
-9952.28
-10824.2
14.791
-9531.21
-10038.2
-10196.4
-10223.4
14.28
-9491.99
-9311.98
-9556.33
-10606.1
14.625
-9924.69
-9979.85
-9774.55
-9984.34
14.825
-10265.4
-9475.52
-9512.24
-10102.5
14.925
-9515.7
-9691.94
-11041.9
-9318.26
14.118
-10179.9
-9635.81
-9574.29
-10786.5
14.477
-9589.5
-10110.6
-10088.8
-10181.8
13.886
-9975.49
-9676.15
-9540.67
-10053
15.209
-10026.5
-10156.5
-9806.04
-9374.67
14.489
-9693.14
-10216.3
-9607.33
-9971.83
15.029
-9321.99
-9537.84
-9661.27
-9876.05
14.95
-9800.43
-9777.22
-9746.06
-9830.87
14.984
-9607.59
-9617.97
-10096.1
-9565.46
14.72
-9877.04
-9992.87
-9625.46
-10003.1
14.518
-9728.97
-10436.2
-9391.81
-10081.9
14.209
-9809.98
-9734.63
-9445.84
-9890.1
14.235
-9736.2
-9970.85
-9882.95
-10429.1
14.222
-10354.4
-9861.79
-9896.44
-9432.27
14.697
-9856.92
-9552.17
-10217.5
-9699.76
14.154
-9792.3
-10240.8
-10416.8
-10305.7
14.314
-9908.77
-9536.24
-9826.39
-9864.82
14.597
-10391.2
-9273.33
-10354.1
-10045.7
13.527
-10194.8
-9798.85
-9851.53
-9855.48
14.962
-9450.06
-10020.6
-9882.59
-10220.4
14.548
-9472.25
-9877.83
-9850.89
-10744.4
15.303
-9710.82
-10474
-9814.78
-10089.9
14.832