-2094.91
-2094.91
-2094.91
-2094.91
24.897
-2094.81
-2094.81
-2094.91
-2094.91
24.979
-2094.81
-2094.91
-2094.91
-2094.91
25.374
-2094.81
-2094.81
-2094.91
-2094.91
25.067
-2094.71
-2094.81
-2094.81
-2094.81
24.821
-2094.71
-2094.81
-2094.91
-2094.91
25.407
-2094.81
-2094.81
-2094.81
-2094.91
25.001
-2094.81
-2094.91
-2094.91
-2094.91
25.455
-2094.7
-2094.71
-2094.81
-2094.91
24.893
-2094.6
-2094.7
-2094.71
-2094.91
25.276
-2094.81
-2094.91
-2094.91
-2094.91
25.273
-2094.6
-2094.6
-2094.81
-2094.81
25.058
-2094.81
-2094.81
-2094.81
-2094.81
24.883
-2094.7
-2094.71
-2094.81
-2094.91
25.496
-2094.7
-2094.71
-2094.91
-2094.91
24.971
-2094.91
-2094.91
-2094.91
-2094.91
25.142
-2094.6
-2094.6
-2094.6
-2094.6
24.778
-2094.81
-2094.91
-2094.91
-2094.91
25.486
-2094.91
-2094.91
-2094.91
-2094.91
25.32
-2094.71
-2094.7
-2094.7
-2094.7
25.362
-2094.7
-2094.71
-2094.81
-2094.81
25.345
-2094.81
-2094.81
-2094.91
-2094.91
25.459
-2094.7
-2094.7
-2094.7
-2094.7
24.946
-2094.91
-2094.91
-2094.91
-2094.91
25.082
-2094.71
-2094.81
-2094.81
-2094.81
24.925
-2094.81
-2094.91
-2094.91
-2094.91
25.337
-2094.7
-2094.91
-2094.91
-2094.91
24.942
-2094.81
-2094.81
-2094.81
-2094.81
25.337
-2094.91
-2094.91
-2094.91
-2094.91
24.717
-2094.7
-2094.81
-2094.91
-2094.91
25.052
-4186.03
-4188.41
-4188.17
-4188.68
47.911
-4187.35
-4186.29
-4187.17
-4187.24
47.94
-4187.77
-4187.41
-4188.04
-4188.98
49.462
-4186.44
-4189.01
-4188.95
-4187.77
48.337
-4187.48
-4187.68
-4188.32
-4187.37
49.601
-4187.13
-4186.82
-4189.09
-4187.82
49.64
-4188.44
-4186.38
-4186.18
-4187.01
49.626
-4188.57
-4187.56
-4186.7
-4186.49
50.018
-4187.14
-4187.2
-4186.25
-4187.43
50.439
-4188.11
-4187.28
-4188.67
-4188.25
49.741
-4181.91
-4187.74
-4187.76
-4188.74
50.296
-4187.3
-4188.34
-4186.01
-4187.87
48.135
-4188.23
-4188.87
-4188.43
-4187.88
50.523
-4187.18
-4187.05
-4187.38
-4186.83
49.476
-4186.91
-4188.42
-4187.43
-4188.06
48.228
-4186.58
-4186.5
-4188.99
-4188.72
50.317
-4187.69
-4186.59
-4186.7
-4186.75
48.437
-4187.16
-4187.19
-4187.43
-4186.18
49.198
-4188.03
-4187.98
-4187.14
-4185.66
49.641
-4186.92
-4188.02
-4187.53
-4188.43
49.919
-4188.34
-4186
-4188.1
-4188.44
48.925
-4187.05
-4188.17
-4188.07
-4188.54
49.631
-4187.02
-4187.34
-4187.6
-4187.83
50.198
-4188.22
-4188.16
-4187.59
-4188.67
49.703
-4188.43
-4188.29
-4186.2
-4188.73
49.899
-4186.23
-4185.7
-4188
-4187.45
50.336
-4186.27
-4188.08
-4187.03
-4188.64
49.382
-4188.44
-4187.5
-4188.31
-4187.62
50.187
-4187.85
-4186.75
-4186.14
-4188.85
48.918
-4188.11
-4187.97
-4188.37
-4187.9
49.009
-11557.3
-11221.5
-11368.5
-10741.9
149.614
-10968
-11146.1
-11472.4
-10967.2
151.265
-10909.1
-10829.3
-10996.7
-11370
145.702
-11327.8
-11181.3
-11205.5
-10862.7
145.738
-11649.3
-11685.9
-11153
-11335.6
148.319
-11405
-11636.3
-11062.7
-11039.1
148.468
-11034.7
-11540.7
-11081.5
-11003.2
147.832
-11331.3
-11291.4
-11510
-11463.1
149.264
-11158.2
-11149.5
-11156.7
-11688.8
148.699
-11295.6
-11336.7
-11503.5
-11207.7
148.941
-11161.2
-11431.7
-11314.9
-11069.6
147.194
-11040
-11618.2
-11392.2
-11140.3
149.414
-11336.3
-11231.4
-11386.1
-11521.4
148.079
-11278.7
-11312
-10960.7
-11535.9
146.046
-11074.5
-11099.1
-10984.1
-11083.5
149.35
-11180.8
-11204.7
-11512.3
-11175.3
145.789
-11337.2
-11344.2
-11415.7
-10672.3
149.257
-11191.6
-11019.9
-11250.5
-11168.2
148.372
-11110.1
-11217.9
-11181.1
-11406.9
147.847
-10996.1
-11712.1
-11482.9
-11319.2
149.011
-11376.1
-11320.5
-11383.9
-11263.2
148.488
-11433.1
-11653.1
-11141.9
-11099.6
149.866
-10929.6
-11372.7
-11566.7
-11322.6
148.63
-11408.4
-11050.4
-10706.7
-11663.2
148.553
-11365
-11123.1
-10920.8
-10876.9
148.164
-11127.1
-11401
-11306
-10995.4
147.673
-11154.1
-11429.7
-11100.3
-11115.5
147.269
-11400.2
-11147.9
-11244.3
-11154.9
151.235
-11322.1
-11318.4
-11122.5
-11276.5
150.184
-11251.7
-11296.8
-10867.8
-11242.4
148.98