-2094.7
-2094.71
-2094.71
-2094.71
1.324
-2094.7
-2094.7
-2094.7
-2094.71
1.291
-2094.6
-2094.71
-2094.7
-2094.7
1.182
-2094.7
-2094.71
-2094.7
-2094.7
1.298
-2060.34
-2094.6
-2094.59
-2094.6
1.119
-2094.42
-2094.49
-2094.49
-2094.5
1.264
-2094.81
-2094.81
-2094.81
-2094.81
1.278
-2094.7
-2094.7
-2094.7
-2094.69
1.261
-2094.48
-2094.7
-2094.71
-2094.7
1.303
-2060.53
-2094.81
-2094.81
-2094.81
1.094
-2094.59
-2094.6
-2094.6
-2094.6
1.304
-2094.38
-2094.59
-2094.59
-2094.59
1.27
-2060.34
-2094.46
-2094.49
-2094.49
1.344
-2060.25
-2094.49
-2094.49
-2094.49
1.154
-2060.56
-2094.7
-2094.7
-2094.7
1.245
-2094.7
-2094.7
-2094.7
-2094.7
1.24
-2094.51
-2094.6
-2094.6
-2094.6
1.204
-2094.91
-2094.91
-2094.91
-2094.91
1.259
-1976.27
-2094.7
-2094.71
-2094.7
1.259
-2094.48
-2094.49
-2094.49
-2094.49
1.226
-2094.37
-2094.37
-2094.38
-2094.38
1.205
-2094.7
-2094.7
-2094.71
-2094.71
1.06
-2094.7
-2094.7
-2094.69
-2094.7
1.198
-1976.27
-2060.27
-2094.6
-2094.6
1.253
-2094.7
-2094.7
-2094.7
-2094.7
1.142
-2094.69
-2094.69
-2094.71
-2094.7
1.345
-2094.81
-2094.81
-2094.81
-2094.81
1.198
-2060.57
-2094.7
-2094.7
-2094.7
1.077
-2094.7
-2094.7
-2094.7
-2094.7
1.337
-2060.3
-2094.49
-2094.49
-2094.49
1.049
-4149.77
-4152.75
-4187.01
-4186.28
2.523
-4150.72
-4187.42
-4186.89
-4187.36
2.586
-4186.35
-4187.91
-4187.86
-4187.38
2.383
-4184.66
-4186.64
-4187.68
-4186.86
2.326
-3998.49
-4151.42
-4186.08
-4187.93
2.672
-4069.69
-4151.62
-4186.63
-4187.42
2.576
-3998.24
-4111.64
-4119.33
-4152.61
2.635
-4065.55
-4069.43
-4187.34
-4188.47
2.601
-3799.69
-3961.04
-4117.71
-4185.83
2.35
-3794.67
-3997.27
-4118.11
-4150.46
2.534
-3842.3
-4184.85
-4186.71
-4187.44
2.486
-4187.45
-4187.5
-4188.51
-4186.93
2.321
-4081.2
-4118.82
-4184.81
-4185.66
2.392
-3707.22
-3998.86
-4000.01
-4078.42
2.509
-4070.16
-4185.38
-4188.41
-4188.07
2.313
-3862.93
-4049.13
-4151.54
-4186.98
2.593
-3743.99
-4015.7
-4065.81
-4153.26
2.574
-3881.6
-3881.58
-4055.82
-4117.89
2.59
-4154.77
-4152.47
-4186.22
-4187.6
2.553
-3938.34
-4149.48
-4187.37
-4186.87
2.596
-4183.94
-4187.89
-4188.75
-4188.12
2.581
-3996.89
-4118.24
-4118.09
-4119.37
2.526
-3995.54
-4145.11
-4152.58
-4153.66
2.592
-3998.44
-4034.87
-4117.83
-4118.21
2.381
-3911.36
-4153.52
-4184.95
-4187.33
2.531
-4186.98
-4188.75
-4187.72
-4187.45
2.596
-4012.24
-4084.22
-4117.26
-4118.65
2.286
-4013.84
-4055.1
-4186.61
-4187.06
2.591
-3950.96
-4153.09
-4188.41
-4189.42
2.323
-3993.23
-4152.59
-4188.08
-4187.41
2.207
-10303.3
-10987.3
-11122.7
-11172.8
7.328
-10624.1
-11367.2
-11362.7
-11121.4
6.681
-10285.4
-10922.2
-11192.2
-11373.3
7.403
-10280
-11159.3
-11517.2
-11320.2
7.44
-10361.7
-10770.6
-11303.2
-11621.1
7.316
-10083.8
-10690.2
-11170.1
-11291.6
7.269
-11012.8
-10852.7
-10951.4
-10752.2
7.514
-10824.1
-11040
-11513
-11350.4
7.571
-11081.2
-11204.1
-11150.1
-11557
7.818
-10763.5
-10431.3
-11092.5
-12087.3
7.6
-10318.9
-10750.6
-10923
-10969.7
7.519
-10739.5
-11107.4
-11004.8
-11586.4
7.119
-11042.4
-11238
-11074.3
-11571.7
7.258
-10879.8
-11048.1
-11429.3
-11735.1
7.614
-10347.5
-10739.1
-11360
-11457.4
6.978
-10503.1
-11082.4
-11385.2
-11472.6
7.822
-10701.6
-11190.7
-11264.5
-10931.7
7.332
-10653.5
-10731.8
-10968.3
-11345.2
7.205
-10394.7
-11323.1
-11705.4
-11422.1
7.429
-10365.9
-10929.6
-10993.3
-11380.1
7.502
-10587.5
-10847.7
-10967.9
-11239.8
6.926
-10850.8
-10971.3
-11258.5
-11120.5
7.261
-11018.8
-11065.8
-11244.9
-11240.2
7.23
-10634.7
-10840.3
-11419.7
-11689.6
6.96
-10486.3
-11351.2
-11822.1
-11790.6
6.962
-10899.6
-11569.5
-11279.4
-11504.5
7.703
-11180.1
-11166.3
-11552
-11510.9
7.334
-10561
-11293.1
-11186.3
-11378.3
7.314
-10464.6
-11119.7
-11524.4
-11582
7.415
-10605.1
-10825.6
-11343.7
-11367.5
6.758