-2094.71
-2094.71
-2094.71
-2094.71
1.368
-2094.71
-2094.71
-2094.71
-2094.71
1.381
-2060.47
-2094.6
-2094.6
-2094.6
1.257
-2094.5
-2094.5
-2094.5
-2094.5
1.389
-2094.71
-2094.71
-2094.71
-2094.71
1.353
-2060.37
-2094.5
-2094.5
-2094.5
1.495
-2094.6
-2094.6
-2094.6
-2094.6
1.345
-2094.71
-2094.71
-2094.71
-2094.71
1.244
-2094.6
-2094.6
-2094.6
-2094.6
1.426
-2094.71
-2094.71
-2094.71
-2094.71
1.434
-2094.91
-2094.91
-2094.91
-2094.91
1.476
-2094.6
-2094.6
-2094.6
-2094.6
1.493
-1976.27
-2094.6
-2094.6
-2094.6
1.473
-2094.6
-2094.6
-2094.6
-2094.6
1.389
-2094.6
-2094.6
-2094.6
-2094.6
1.311
-2094.5
-2094.5
-2094.5
-2094.5
1.416
-2094.6
-2094.6
-2094.6
-2094.6
1.258
-2060.26
-2060.26
-2094.4
-2094.4
1.384
-2094.81
-2094.81
-2094.81
-2094.81
1.504
-2060.37
-2094.5
-2094.5
-2094.5
1.374
-2094.81
-2094.81
-2094.81
-2094.81
1.238
-2094.6
-2094.6
-2094.6
-2094.6
1.324
-2060.49
-2094.71
-2094.71
-2094.71
1.471
-2094.5
-2094.5
-2094.5
-2094.5
1.346
-2094.6
-2094.6
-2094.6
-2094.6
1.437
-2094.81
-2094.81
-2094.81
-2094.81
1.484
-1976.26
-2060.47
-2094.6
-2094.6
1.365
-2094.5
-2094.5
-2094.5
-2094.5
1.259
-2094.5
-2094.5
-2094.5
-2094.5
1.266
-2094.71
-2094.71
-2094.71
-2094.71
1.387
-4070.73
-4189.31
-4189.31
-4189.31
2.668
-4155.07
-4189.31
-4189.31
-4189.31
2.492
-4120.87
-4155.07
-4189.21
-4189.21
2.616
-4155.38
-4189.52
-4189.52
-4189.52
2.388
-4155.16
-4189.41
-4189.41
-4189.41
2.455
-4120.94
-4189.21
-4189.21
-4189.2
2.587
-4189.1
-4189.1
-4189.1
-4189.1
2.706
-4086.7
-4189.2
-4189.21
-4189.21
2.575
-4188.99
-4189
-4189
-4189
2.61
-4021.92
-4189.31
-4189.31
-4189.31
2.467
-4155.03
-4189.31
-4189.31
-4189.31
2.68
-4154.84
-4189.21
-4189.21
-4189.21
2.674
-4189.52
-4189.52
-4189.52
-4189.52
2.533
-3989.73
-4189.1
-4189.1
-4189.1
2.569
-4070.85
-4189.41
-4189.41
-4189.41
2.618
-4189.41
-4189.41
-4189.41
-4189.41
2.487
-4086.8
-4155.28
-4189.41
-4189.41
2.537
-4036.95
-4189.51
-4189.52
-4189.52
2.426
-4155.17
-4189.31
-4189.31
-4189.31
2.567
-4120.82
-4154.97
-4189.21
-4189.21
2.383
-4189.09
-4189.1
-4189.1
-4189.1
2.481
-4189.3
-4189.31
-4189.31
-4189.31
2.387
-3910.46
-4071.08
-4189.52
-4189.52
2.376
-4155.38
-4189.52
-4189.52
-4189.52
2.49
-3836.9
-4189.41
-4189.41
-4189.41
2.67
-4155.07
-4155.07
-4189.31
-4189.31
2.509
-4189.2
-4189.21
-4189.21
-4189.21
2.401
-4189.41
-4189.41
-4189.41
-4189.41
2.563
-4101.8
-4189.52
-4189.52
-4189.52
2.569
-4155.49
-4189.72
-4189.72
-4189.72
2.477
-11249.7
-11719.6
-11859.2
-12089.2
7.336
-11420.8
-11884.1
-12132.4
-12171.7
7.296
-11119.1
-11816.3
-11847.4
-11963.6
7.479
-11681.2
-11852
-11915.2
-11989.1
7.515
-11733
-11902.6
-12116.5
-12194
7.08
-11187.8
-11522.6
-11842.5
-12019.1
7.825
-10578.5
-10998.3
-11285.4
-11411.8
7.852
-10846.6
-11506.8
-11811.9
-12128.1
7.556
-11236.3
-11970.4
-12030.8
-12195.3
6.849
-11378.1
-11819.5
-12352.7
-12360.3
7.587
-11222.2
-11596.2
-11989.8
-12065.9
7.567
-11353.6
-11695.2
-12022.3
-12059.8
7.421
-10654.1
-11736.6
-12067.2
-12142.5
7.648
-11271.5
-11422.7
-11813
-12034.4
6.881
-10964.4
-11858.1
-12096.5
-12135.7
7.072
-11609.8
-11734.7
-11947.3
-12120.7
7.682
-10979.9
-11446.1
-11839.3
-11921.4
7.249
-10958.9
-11554.8
-11876
-11893.5
7.525
-11514.3
-12028.4
-12135.2
-12269.4
7.359
-11113.7
-11918.9
-12242.9
-12224.9
7.328
-11160.5
-11373.8
-11443.4
-11648.1
7.574
-11259.5
-11600.4
-12019.8
-12109
6.866
-11381.6
-11789.3
-11987.8
-12185.9
7.493
-10889.6
-11634.1
-11618.4
-11689.3
7.606
-11212.3
-11540.2
-11663.7
-11811
6.82
-11319.9
-11697.4
-11920.4
-12155.6
7.69
-11342.1
-11693.8
-11807.8
-11908.6
6.956
-10991.9
-11317.1
-11854.9
-12013.2
7.314
-10711.9
-11372.5
-11735.9
-11873.3
7.629
-10549.5
-11334.8
-11494.9
-11724
7.232