-2094.6
-2094.6
-2094.6
-2094.6
1.248
-2094.5
-2094.5
-2094.5
-2094.5
1.205
-2094.81
-2094.81
-2094.81
-2094.81
1.226
-2094.6
-2094.6
-2094.6
-2094.6
1.234
-2060.47
-2094.71
-2094.71
-2094.71
1.159
-2094.71
-2094.71
-2094.7
-2094.71
1.183
-1976.27
-1976.27
-2094.81
-2094.81
1.166
-2094.71
-2094.71
-2094.71
-2094.71
1.3
-2094.81
-2094.81
-2094.81
-2094.81
1.251
-2094.7
-2094.71
-2094.71
-2094.71
1.181
-2060.34
-2094.5
-2094.5
-2094.5
1.174
-2094.81
-2094.81
-2094.81
-2094.81
1.302
-2060.57
-2094.81
-2094.81
-2094.81
1.175
-2094.91
-2094.91
-2094.91
-2094.91
1.257
-2094.5
-2094.5
-2094.5
-2094.5
1.231
-2094.71
-2094.71
-2094.71
-2094.71
1.238
-2094.71
-2094.71
-2094.71
-2094.71
1.262
-2094.81
-2094.81
-2094.81
-2094.81
1.17
-2094.7
-2094.71
-2094.71
-2094.71
1.224
-2026.23
-2094.49
-2094.5
-2094.5
1.242
-1976.37
-2094.71
-2094.71
-2094.71
1.313
-2060.45
-2094.6
-2094.6
-2094.6
1.245
-2094.6
-2094.6
-2094.6
-2094.6
1.248
-2094.71
-2094.71
-2094.71
-2094.71
1.145
-2094.6
-2094.6
-2094.6
-2094.6
1.223
-2094.71
-2094.71
-2094.71
-2094.71
1.197
-2094.6
-2094.6
-2094.6
-2094.6
1.207
-2094.91
-2094.91
-2094.91
-2094.91
1.209
-2094.81
-2094.81
-2094.81
-2094.81
1.226
-2094.6
-2094.6
-2094.6
-2094.6
1.244
-4153.57
-4152.86
-4188.3
-4188.53
2.525
-4150.08
-4154.03
-4184.55
-4189.2
2.28
-4154.07
-4187.68
-4188.93
-4188.98
2.383
-4035.67
-4154.29
-4188.25
-4188.67
2.391
-4019.82
-4153.64
-4188.13
-4188.98
2.451
-4188.31
-4188.18
-4188.49
-4188.5
2.388
-4009.41
-4051.79
-4186.91
-4189.25
2.508
-3829.57
-4081.22
-4119.54
-4154.12
2.634
-4119.22
-4187.77
-4189.2
-4189.26
2.525
-3950.23
-3987.1
-4152.77
-4153.34
2.443
-4116.43
-4188.68
-4189.11
-4188.9
2.336
-4000.03
-4034.58
-4117.7
-4187.75
2.454
-4151.47
-4154.58
-4188.92
-4189.25
2.557
-4083.52
-4188.89
-4189.15
-4189.01
2.336
-3961.82
-4187.81
-4189.26
-4189.37
2.279
-3916.14
-4035.51
-4070.53
-4153.43
2.475
-4154.25
-4188.84
-4188.96
-4188.76
2.471
-4158.42
-4187.51
-4187.88
-4188.27
2.324
-4111
-4153.64
-4188.97
-4189.33
2.402
-4116.46
-4154.19
-4154.15
-4154.62
2.533
-4069.8
-4188.57
-4187.95
-4188.9
2.504
-3998.83
-4185.56
-4188.28
-4188.48
2.609
-4153.75
-4153.71
-4188.08
-4187.94
2.447
-3967.47
-4116.81
-4187.41
-4189.07
2.409
-4034.14
-4160.42
-4188.07
-4188.77
2.632
-4079.19
-4188.1
-4188.83
-4188.8
2.544
-4118.94
-4153.05
-4188.36
-4188.01
2.222
-4038.25
-4152.07
-4188.37
-4187.92
2.398
-4146.56
-4188.22
-4188.84
-4188.23
2.4
-4145.81
-4188.38
-4188.68
-4188.53
2.505
-10468.4
-11357.4
-11282.1
-11327.6
7.176
-10629.6
-11026.1
-11526.6
-11521
7.104
-10956.3
-11459.1
-11047.1
-10709.5
7.313
-10862.9
-11257.7
-11299.9
-11411.8
7.181
-10308.4
-11109.7
-11581.8
-11523.3
7.37
-10490
-11134.4
-11126.4
-11553.5
7.424
-11035.8
-11225.1
-11330.9
-11688
7.704
-10882.6
-11474.2
-10984.5
-11126.9
7.359
-11031.2
-11508.6
-11180.7
-11504.6
7.319
-10797.3
-11201.9
-11453.9
-11375.3
7.375
-10381.3
-11357.2
-11178.6
-11414.3
7.358
-10898.1
-11020.8
-10967
-11140.3
7.158
-10673.1
-10597.3
-10943.1
-11121.5
7.19
-11008.9
-10763.9
-11040.9
-11176.5
7.32
-9627.24
-11577.3
-11244.1
-11132
7.409
-11407.6
-11535.9
-11162.2
-11394.5
7.304
-10268.4
-10982.8
-11116.5
-11292.9
7.33
-10435.7
-11313.9
-10932.8
-11502.5
7.716
-10582.6
-10926.5
-11514.4
-10570.4
7.757
-11394.3
-11520.1
-11682.1
-11595
7.349
-11012.6
-11412.7
-11523.1
-11273.4
7.486
-10507.2
-11050.9
-11495.5
-11096.4
7.351
-10861.9
-10903.4
-10936.9
-11391.8
7.411
-10818.5
-10975.5
-11179.6
-11190.7
7.396
-10962.9
-11149.8
-11153.6
-10986.2
7.493
-10841.9
-11163.4
-10983.8
-11087.8
7.23
-10854.9
-11274.4
-10980.8
-11410.3
7.276
-10484
-11078.5
-10803.9
-11482
7.19
-10935.6
-10675.5
-10871.9
-11678.8
7.139
-10393.9
-10581.2
-11205.1
-10962.4
7.343