-2094.8
-2094.91
-2094.91
-2094.91
12.183
-2094.69
-2094.67
-2094.65
-2094.69
12.2
-2094.81
-2094.8
-2094.79
-2094.8
12.318
-2094.81
-2094.8
-2094.8
-2094.81
12.615
-2094.81
-2094.81
-2094.8
-2094.79
11.772
-2094.33
-2094.3
-2094.31
-2094.24
12.79
-2094.46
-2094.46
-2094.48
-2094.39
11.646
-2094.7
-2094.7
-2094.69
-2094.7
12.096
-2094.7
-2094.69
-2094.7
-2094.68
12.939
-2094.69
-2094.7
-2094.69
-2094.7
12.543
-2094.75
-2094.8
-2094.8
-2094.91
12.137
-2094.69
-2094.7
-2094.7
-2094.68
12.317
-2094.69
-2094.69
-2094.67
-2094.67
12.371
-2094.59
-2094.54
-2094.56
-2094.55
12.39
-2094.67
-2094.7
-2094.7
-2094.68
11.496
-2094.8
-2094.8
-2094.81
-2094.8
12.456
-2094.67
-2094.69
-2094.7
-2094.7
12.322
-2094.7
-2094.8
-2094.81
-2094.8
12.332
-2094.7
-2094.68
-2094.69
-2094.7
13.02
-2094.69
-2094.71
-2094.68
-2094.67
13.31
-2094.56
-2094.58
-2094.57
-2094.57
12.9
-2094.91
-2094.91
-2094.91
-2094.91
11.845
-2094.91
-2094.91
-2094.91
-2094.91
12.706
-2094.58
-2094.58
-2094.54
-2094.57
11.737
-2094.59
-2094.69
-2094.68
-2094.69
12.254
-2094.7
-2094.7
-2094.69
-2094.69
11.618
-2094.68
-2094.69
-2094.7
-2094.8
12.675
-2094.69
-2094.67
-2094.67
-2094.68
13.349
-2094.67
-2094.69
-2094.7
-2094.71
12.959
-2094.7
-2094.69
-2094.7
-2094.69
12.971
-4167.06
-4182.32
-4179.47
-4174.47
24.598
-4165.96
-4160.48
-4176.43
-4166.99
23.829
-4177.36
-4173.05
-4176.79
-4179.45
23.786
-4180.92
-4170.64
-4162.8
-4170.46
23.83
-4166.84
-4155.86
-4174.07
-4165.07
23.574
-4172.02
-4169.04
-4167.1
-4160.79
24.635
-4154.52
-4151.98
-4184.42
-4177.7
26.373
-4182.54
-4169.46
-4158.66
-4165.27
24.557
-4178.58
-4169.59
-4172.79
-4171.07
23.804
-4180.1
-4167.95
-4173.86
-4164.32
26.081
-4164.69
-4174.2
-4163.32
-4168.88
24.054
-4164.42
-4162.4
-4183.18
-4174.76
26.121
-4172.24
-4168.14
-4181.74
-4160.46
24.448
-4163.16
-4170.52
-4176.85
-4161.64
26.498
-4168.66
-4175.88
-4168.93
-4160.15
25.901
-4167.62
-4177.17
-4161.12
-4163.54
25.238
-4169.37
-4161.07
-4158.6
-4153.54
24.044
-4175.3
-4175.21
-4178.53
-4167.4
26.237
-4162.47
-4167.01
-4176.49
-4174.74
23.859
-4170.72
-4170.93
-4174.3
-4169.57
24.539
-4165.74
-4171.6
-4178.19
-4175.18
24.695
-4171.69
-4170.32
-4165.9
-4168.06
23.983
-4168.81
-4169.35
-4183.74
-4171.87
25.336
-4166.57
-4180.82
-4151.54
-4163.42
23.748
-4175.28
-4179.33
-4156.82
-4176.74
24.707
-4178.72
-4171.32
-4173.63
-4173.64
23.87
-4166.82
-4182.3
-4177.91
-4159.64
23.477
-4185.52
-4175.68
-4164.17
-4180.6
23.816
-4159.62
-4174.65
-4164.94
-4156.77
24.671
-4173.13
-4165.78
-4162.47
-4162.32
24.981
-8941.23
-9460.76
-9290.27
-9187.16
75.575
-9936.42
-9602.48
-9603.87
-9356.85
73.363
-9584.34
-8792.79
-9757.8
-9134.62
73.679
-9557.6
-9080.27
-9401.47
-9156.07
74.552
-9164.31
-9490.43
-9591.64
-9796.16
75.02
-9228.8
-8743.26
-8675.69
-9743.85
72.735
-9489.9
-9209.23
-9387.67
-9620.67
72.862
-9465.11
-9352.25
-9535.27
-8590.66
72.392
-9056.18
-9390.81
-9518.27
-8810.34
76.061
-9388
-9335.07
-9049.68
-9654.3
72.51
-8854.32
-9120.35
-9220.65
-9910.92
73.314
-10488.2
-9986.42
-9268.33
-9400.92
75.976
-8722.52
-9133.52
-9200.78
-8662.25
72.472
-9012.46
-10076.7
-9402.3
-9331.97
72.017
-9330.44
-9654.62
-9206.48
-9159.89
70.319
-9022.97
-9508.37
-10155.8
-9445.59
72.479
-9150.29
-9448.27
-9121.68
-8630.1
73.4
-9228.94
-8888.66
-9827.69
-9248.02
72.755
-9437.54
-9092.94
-9080.68
-9357.83
73.468
-9078.23
-9373.56
-9326.61
-9504
71.814
-9298.09
-9383.18
-9255.07
-8829.44
75.993
-9603.99
-9415.02
-9880.19
-9462.04
73.374
-8735.79
-9087.42
-9732.74
-9464.35
73.523
-9050.42
-9418.24
-9650.89
-8729.12
74.69
-8913.1
-9082.89
-10292.7
-9722.57
75.977
-9487.41
-8808.85
-9312.71
-9928.58
73.012
-9721.58
-9024.4
-9289.37
-9942.96
76.45
-9458.02
-9569.32
-9530.24
-9610.55
73.904
-9336.99
-9679.55
-8877.48
-9172.55
71.687
-9188.27
-9553.75
-9008.31
-9554.07
73.874