-2094.7
-2094.7
-2094.7
-2094.7
1.239
-2060.15
-2094.47
-2094.48
-2094.49
1.197
-2094.59
-2094.6
-2094.6
-2094.59
1.302
-2094.49
-2094.47
-2094.5
-2094.47
1.254
-2094.81
-2094.81
-2094.81
-2094.81
1.238
-2060.33
-2094.49
-2094.49
-2094.49
1.204
-2094.59
-2094.6
-2094.58
-2094.59
1.253
-2094.51
-2094.6
-2094.6
-2094.6
1.225
-2094.67
-2094.81
-2094.81
-2094.81
1.312
-2094.7
-2094.7
-2094.7
-2094.7
1.238
-2094.7
-2094.7
-2094.7
-2094.7
1.233
-2094.7
-2094.7
-2094.7
-2094.7
1.214
-2094.81
-2094.81
-2094.81
-2094.81
1.158
-2094.7
-2094.7
-2094.7
-2094.7
1.225
-2059.4
-2094.71
-2094.71
-2094.81
1.21
-2094.81
-2094.81
-2094.81
-2094.81
1.194
-2094.91
-2094.91
-2094.91
-2094.91
1.287
-2060.35
-2094.59
-2094.6
-2094.6
1.189
-2060.25
-2094.32
-2094.37
-2094.37
1.234
-2094.6
-2094.59
-2094.6
-2094.6
1.181
-2094.81
-2094.81
-2094.81
-2094.81
1.207
-2021.94
-2094.6
-2094.57
-2094.6
1.211
-2094.7
-2094.7
-2094.7
-2094.7
1.239
-2094.59
-2094.6
-2094.6
-2094.6
1.178
-2094.7
-2094.7
-2094.7
-2094.71
1.221
-2094.48
-2094.49
-2094.49
-2094.49
1.189
-2094.51
-2094.7
-2094.7
-2094.7
1.226
-2094.91
-2094.91
-2094.91
-2094.91
1.211
-2059.66
-2060.68
-2060.68
-2094.91
1.266
-2060.57
-2094.81
-2094.81
-2094.81
1.204
-4030.95
-4060.89
-4070.25
-4151.47
2.427
-4100.22
-4186.26
-4186.5
-4186.26
2.413
-4020.72
-4151.2
-4185.94
-4186.34
2.442
-3953.56
-4115.6
-4147.27
-4187.56
2.456
-3990.12
-4145.35
-4185.46
-4186.64
2.422
-4182.83
-4185.97
-4188.26
-4186.08
2.312
-3877.38
-4028.45
-4175.22
-4185.16
2.439
-4062.14
-4150.43
-4151.51
-4149.97
2.446
-4186.59
-4186.59
-4186.13
-4188.33
2.449
-3995.57
-4083.33
-4152.01
-4185.96
2.399
-4067.65
-4068.46
-4185.8
-4184.08
2.398
-4064.62
-4174.71
-4183.38
-4188.18
2.437
-3945.13
-4086.89
-4187.53
-4186.77
2.371
-4100.73
-4145.51
-4182.34
-4186.45
2.407
-4144.01
-4157.84
-4187.82
-4187.22
2.334
-4187.72
-4183.71
-4185.79
-4185.5
2.472
-4069
-4147.4
-4186.09
-4188.11
2.427
-4067.39
-4150.97
-4186.72
-4187.33
2.459
-3796.32
-4027.05
-4188.67
-4187.08
2.486
-3910.76
-4115.84
-4152.62
-4163.29
2.32
-4150.26
-4185.6
-4187.13
-4185.51
2.449
-4013.69
-4184.62
-4186.63
-4187.57
2.395
-4187.92
-4188.76
-4186.83
-4187.67
2.414
-4034.02
-4033.8
-4152.81
-4162.58
2.174
-4166.14
-4186.76
-4185.49
-4187.17
2.239
-4028.86
-4030.92
-4112.48
-4185.55
2.342
-4023.77
-4149.97
-4150.9
-4183.22
2.288
-4028.77
-4035.66
-4117.63
-4186.86
2.392
-4184.86
-4185.94
-4186.92
-4183.83
2.232
-3935.36
-4150.54
-4186.24
-4187.06
2.253
-10588.7
-10685.2
-11339.3
-11247.6
7.2
-10560.5
-10754
-10345.8
-10782.1
6.97
-10515.2
-11175.8
-10922.8
-10813
7.149
-10403.8
-11163.3
-10952.9
-11068.6
7.276
-10613.4
-10223.8
-10893.9
-10828.8
7.406
-10139.3
-10957
-10668.6
-10607.6
6.973
-10932.7
-11142.5
-10967.3
-10564.9
7.4
-10908
-11144.4
-11323.7
-10851.4
7.383
-10224.1
-10703.3
-10494.4
-10827.5
6.89
-10177
-10724.2
-10890.6
-10754.6
7.43
-10380.2
-10628
-10855.8
-11573.3
7.155
-10923.2
-10997.4
-11043.8
-10687
6.942
-10659.8
-10987.6
-10669.6
-10711.6
7.245
-10592.2
-10609.9
-11150.7
-11262.3
6.854
-10052.5
-10515.9
-10853.3
-10851
7.393
-10515.7
-10659.6
-10728
-11138.8
7.073
-10189.5
-10938.3
-10951.9
-11425.9
7.271
-10513.2
-11163.8
-10611.4
-10629.9
7.383
-10753.9
-10675.8
-10913.7
-11247.4
7.334
-10453.2
-10927.3
-10782.1
-10769.4
7.218
-10642.6
-10622.5
-11029.7
-11119.1
6.865
-10476.9
-11072.5
-10845.6
-11533.3
7.268
-10615.2
-10964.1
-10426.1
-10771.5
7.324
-11316.4
-10849
-11086.7
-11091.5
7.242
-10483.3
-11151.3
-11321.4
-11380.4
7.292
-10627.6
-10865.2
-10605
-10429.4
7.152
-10858.2
-10889.2
-10818
-11549
6.845
-10872.5
-11147.8
-10645.2
-10760.2
7.122
-10898.6
-11080.8
-11073.9
-10947.3
7.261
-10607.3
-10970.6
-11008.2
-11160.9
7.149