-2094.91
-2094.91
-2094.91
-2094.91
24.581
-2094.91
-2094.91
-2094.91
-2094.91
25.026
-2094.91
-2094.91
-2094.91
-2094.91
25.212
-2094.71
-2094.81
-2094.81
-2094.81
25.385
-2094.81
-2094.81
-2094.81
-2094.81
24.851
-2094.71
-2094.71
-2094.81
-2094.91
25.33
-2094.71
-2094.71
-2094.81
-2094.81
25.294
-2094.81
-2094.81
-2094.81
-2094.81
25.869
-2094.6
-2094.6
-2094.6
-2094.6
24.915
-2094.91
-2094.91
-2094.91
-2094.91
25.1
-2094.81
-2094.81
-2094.91
-2094.91
23.205
-2094.91
-2094.91
-2094.91
-2094.91
25.469
-2094.81
-2094.81
-2094.81
-2094.81
24.42
-2094.81
-2094.81
-2094.81
-2094.81
24.802
-2094.71
-2094.81
-2094.81
-2094.81
26.1
-2094.6
-2094.6
-2094.6
-2094.6
25.31
-2094.81
-2094.81
-2094.81
-2094.81
25.362
-2094.91
-2094.91
-2094.91
-2094.91
25.739
-2094.91
-2094.91
-2094.91
-2094.91
25.331
-2094.71
-2094.81
-2094.81
-2094.81
23.19
-2094.81
-2094.81
-2094.81
-2094.81
25.057
-2094.6
-2094.6
-2094.6
-2094.6
25.094
-2094.71
-2094.71
-2094.71
-2094.71
25.064
-2094.81
-2094.81
-2094.81
-2094.81
25.889
-2094.71
-2094.71
-2094.71
-2094.71
24.744
-2094.71
-2094.71
-2094.91
-2094.91
25.906
-2094.81
-2094.81
-2094.91
-2094.91
24.862
-2094.81
-2094.91
-2094.91
-2094.91
25.91
-2094.91
-2094.91
-2094.91
-2094.91
25.973
-2094.81
-2094.81
-2094.81
-2094.81
25.905
-4189.43
-4189.49
-4189.47
-4189.46
49.248
-4189.26
-4189.25
-4189.19
-4189.22
48.894
-4189.37
-4189.36
-4189.4
-4189.27
49.498
-4189.1
-4189.1
-4189.05
-4189.1
51.142
-4189.13
-4189.24
-4189.22
-4189.21
49.257
-4189.27
-4189.23
-4189.14
-4189.18
50.781
-4189.19
-4189.23
-4188.9
-4189.3
50.652
-4189.45
-4189.42
-4189.46
-4189.52
50.086
-4188.88
-4189.14
-4189.08
-4189.12
51.6
-4188.42
-4188.41
-4188.54
-4188.26
47.656
-4189.2
-4189.26
-4189.19
-4189.15
51.578
-4189.06
-4189.05
-4189.02
-4189.02
48.764
-4189.74
-4189.75
-4189.78
-4189.76
51.21
-4189.52
-4189.5
-4189.5
-4189.52
47.863
-4189.07
-4189.1
-4189.24
-4189.28
47.363
-4189.22
-4189.23
-4189.14
-4189.32
46.492
-4188.97
-4189.05
-4188.97
-4188.85
49.952
-4189.4
-4189.35
-4189.37
-4189.33
51.581
-4189.05
-4189.1
-4188.92
-4189.05
49.208
-4189.31
-4189.34
-4189.33
-4189.29
48.523
-4189.08
-4189.1
-4189.05
-4189.13
49.048
-4188.65
-4188.86
-4188.82
-4188.88
49.053
-4189.35
-4189.4
-4189.38
-4189.33
50.782
-4189
-4189.07
-4189.12
-4188.98
50.289
-4188.97
-4188.86
-4188.88
-4188.86
49.546
-4189.44
-4189.55
-4189.58
-4189.62
49.486
-4189.47
-4189.48
-4189.5
-4189.48
49.691
-4188.87
-4188.93
-4189.01
-4188.84
48.86
-4189.42
-4189.49
-4189.49
-4189.51
48.275
-4188.87
-4188.86
-4188.96
-4188.89
49.537
-11899.4
-12075.2
-12151.4
-12142.3
151.925
-12065.8
-12078.1
-12122.9
-12235.8
151.577
-12025.3
-12056.3
-11981
-12029.2
151.415
-11910.9
-11966.6
-12072.9
-12002.3
149.653
-12079.7
-12184.3
-12077.8
-12125.4
149.93
-11842.1
-12137.6
-12036.7
-12033.2
150.538
-11839.1
-12152.2
-12113.1
-12222.8
150.913
-11752.1
-11990.8
-12109
-12043.9
150.538
-12177.7
-12245
-12019.7
-12181.1
152.504
-12039.9
-12160.1
-12007.2
-11963.3
150.316
-12107.3
-12126.9
-12126.2
-12112.7
149.874
-11902.1
-11890.1
-12084.8
-11950.5
149.907
-12090
-12101.6
-12138.3
-12080.4
150.101
-11708.6
-11907.6
-12030.6
-12134.9
151.863
-12165.1
-11869.5
-12232.4
-12134
150.649
-11811.2
-12193.9
-12105.7
-12132.1
150.895
-12052.3
-12108.6
-11949.5
-11781.9
149.851
-11792
-11798.1
-12126.9
-12051.5
150.261
-11569.9
-12304.2
-12054.2
-12222.1
149.978
-11843.5
-12009.3
-12181.1
-12109
150.786
-12053.1
-12116.3
-12145.3
-12108.6
152.006
-12004.8
-12214.4
-11941.6
-11895.4
149.017
-11728.5
-12197.4
-12143.7
-12105.5
150.218
-12061.6
-11899
-12110.1
-12103.7
150.842
-11920.1
-11942
-12127.9
-12248.2
150.586
-11947
-12180.6
-12027.1
-12247.4
151.046
-12017.4
-12201
-11818.5
-12067.3
150.707
-12222.2
-12057.1
-12090
-11946.8
149.714
-11789.8
-12220.8
-12260.1
-12095.7
152.317
-11979.1
-12080.8
-12075
-12128.8
151.578