-2094.71
-2094.8
-2094.8
-2094.8
1.257
-2060.57
-2094.8
-2094.81
-2094.79
1.29
-2060.29
-2094.47
-2094.45
-2094.48
1.259
-2094.76
-2094.8
-2094.8
-2094.81
1.118
-2094.16
-2094.3
-2094.28
-2094.35
1.256
-2060.64
-2094.67
-2094.91
-2094.91
1.25
-2094.59
-2094.54
-2094.58
-2094.58
1.251
-2094.58
-2094.57
-2094.58
-2094.58
1.28
-2094.69
-2094.69
-2094.67
-2094.69
1.286
-2094.7
-2094.69
-2094.65
-2094.69
0.97
-2094.8
-2094.81
-2094.81
-2094.8
1.232
-2094.8
-2094.91
-2094.91
-2094.91
1.282
-2094.8
-2094.81
-2094.8
-2094.8
1.192
-2094.7
-2094.66
-2094.67
-2094.69
1.323
-2094.91
-2094.9
-2094.91
-2094.91
1.299
-1976.36
-2094.8
-2094.8
-2094.8
1.315
-2094.59
-2094.59
-2094.56
-2094.59
1.299
-2094.66
-2094.7
-2094.69
-2094.7
1.244
-2094.66
-2094.69
-2094.7
-2094.69
1.127
-1976.34
-2094.68
-2094.7
-2094.69
1.215
-2094.8
-2094.79
-2094.81
-2094.81
1.272
-2094.8
-2094.79
-2094.81
-2094.81
1.274
-2060.34
-2094.55
-2094.54
-2094.58
1.155
-2094.53
-2094.6
-2094.57
-2094.58
1.295
-2094.79
-2094.81
-2094.81
-2094.81
1.375
-2094.56
-2094.55
-2094.51
-2094.57
1.079
-2060.32
-2094.47
-2094.42
-2094.42
1.224
-2094.66
-2094.8
-2094.8
-2094.81
1.065
-2060.63
-2091.78
-2094.91
-2094.91
1.173
-2094.66
-2094.69
-2094.68
-2094.7
1.393
-4128.5
-4149.02
-4175.73
-4165.95
2.437
-4164.8
-4185.21
-4181.71
-4146.46
2.436
-3740.12
-3972.47
-3983.39
-4061.2
2.453
-4102.58
-4157.78
-4181.97
-4166.88
2.353
-4034.66
-4126.22
-4150.33
-4166.57
2.696
-3988.73
-4109.46
-4173.92
-4163.07
2.426
-3939.68
-4127.62
-4131.41
-4139.31
2.415
-3919.06
-4185.88
-4183.14
-4176.98
2.593
-4161.29
-4146.24
-4179.56
-4172.55
2.382
-3963.83
-4114.96
-4143.39
-4163.2
2.099
-4089.51
-4135.25
-4165.41
-4144.25
2.329
-4119.79
-4162.23
-4166.82
-4167.82
2.359
-4062.5
-4022.84
-4120.54
-4132.57
2.28
-3902.88
-4116.3
-4111.54
-4166.48
2.462
-3937.98
-4111.1
-4127.72
-4172.08
2.57
-4126.34
-4127.06
-4169.18
-4163.29
2.184
-3950.99
-4163.95
-4163.84
-4165.68
2.444
-3781.13
-3878.71
-4019.35
-4109.29
2.391
-4001.47
-4138.14
-4168.15
-4178.2
2.466
-3861.84
-4057.48
-4167.88
-4179.81
2.671
-3775.04
-3820.49
-3968.49
-4061.58
2.194
-4093.27
-4179.8
-4161.84
-4174.27
2.383
-4066.98
-4079.01
-4177.03
-4153.85
2.625
-4005.49
-4151.45
-4134.09
-4142.14
2.446
-4060.55
-4168.71
-4163.48
-4161.82
2.229
-3890.78
-4027.14
-4176.14
-4180.87
2.351
-3880.86
-3898.61
-4132.31
-4185.56
2.682
-4027.84
-4170.2
-4168.14
-4171.9
2.381
-4089.18
-4182.54
-4177.95
-4171.25
2.364
-3900.04
-3999.37
-4115.28
-4137.31
2.366
-9194.23
-8964.64
-8880.32
-9061.85
7.076
-9252.01
-9291.62
-10011.8
-9555.01
7.465
-9115.96
-9180.32
-9488.21
-9573.76
7.199
-9813.59
-9419.09
-8609.05
-9212.3
7.678
-9374.46
-9116.98
-9041.48
-9416.91
7.494
-8830.74
-9297.62
-9856.15
-10490.2
7.258
-9630.98
-9767.61
-10227.5
-9286.2
7.638
-8935.36
-9831.75
-9553.25
-9667.6
7.634
-9762.25
-9152.5
-9311.6
-8941.52
7.332
-8931.71
-9534.56
-9559.34
-9511.7
7.088
-9810.21
-9658.83
-9010.57
-9013.21
6.823
-9376.49
-9571.46
-8788.15
-9054.46
7.557
-9282.96
-9529.11
-8582.71
-9072.54
7.011
-9009.78
-9052.36
-10099.8
-9357.06
6.826
-9756.76
-9434.25
-9249.62
-9458.46
7.639
-9411.74
-9145
-9692.15
-9245.93
7.648
-9083.69
-9508.27
-8705.85
-9753.09
7.101
-10478
-9634.33
-9118.31
-9100.89
7.546
-9228.09
-9123.49
-9381.04
-8638.28
6.794
-8753.42
-9347.89
-9278.6
-9358.96
6.909
-9275.7
-9054.58
-9861.32
-9338.14
7.448
-9097.76
-9562.55
-9352.95
-9710.66
7.16
-8940.4
-8917.83
-9693.37
-8725.34
7.318
-9797.77
-9046.06
-9661.73
-9355.59
7.243
-9054.4
-9241.56
-10310.7
-9541.96
7.784
-9377.57
-9807.19
-9585.13
-9084.44
7.221
-8513.4
-9181.54
-9221.94
-9330.06
7.211
-9295.02
-8773.66
-9316.82
-8716.37
7.769
-9071.64
-9974.9
-9133.1
-9891.13
7.055
-9002.03
-9217.05
-9253.15
-9264.1
6.778