-2094.5
-2094.5
-2094.5
-2094.5
28.125
-2094.81
-2094.81
-2094.81
-2094.81
28.036
-2094.6
-2094.6
-2094.6
-2094.6
26.56
-2094.6
-2094.6
-2094.6
-2094.6
27.726
-2094.6
-2094.6
-2094.6
-2094.6
26.518
-2094.5
-2094.5
-2094.5
-2094.5
27.561
-2094.71
-2094.71
-2094.71
-2094.71
28.392
-2094.81
-2094.81
-2094.81
-2094.81
28.025
-2094.91
-2094.91
-2094.91
-2094.91
26.397
-2094.71
-2094.71
-2094.71
-2094.71
26.731
-2094.81
-2094.81
-2094.81
-2094.81
27.739
-2094.81
-2094.81
-2094.81
-2094.81
27.513
-2094.6
-2094.6
-2094.6
-2094.6
28.343
-2094.71
-2094.71
-2094.71
-2094.71
28.008
-2094.71
-2094.71
-2094.71
-2094.71
27.624
-2094.6
-2094.6
-2094.6
-2094.6
26.922
-2094.71
-2094.71
-2094.71
-2094.71
27.463
-2094.81
-2094.81
-2094.81
-2094.81
27.351
-2094.71
-2094.71
-2094.71
-2094.71
26.688
-2094.91
-2094.91
-2094.91
-2094.91
27.742
-2094.71
-2094.71
-2094.71
-2094.71
27.751
-2094.91
-2094.91
-2094.91
-2094.91
27.63
-2094.71
-2094.71
-2094.71
-2094.71
26.696
-2094.71
-2094.71
-2094.71
-2094.71
28.111
-2094.6
-2094.6
-2094.6
-2094.6
27.795
-2094.6
-2094.6
-2094.6
-2094.6
26.942
-2094.71
-2094.71
-2094.71
-2094.71
27.522
-2094.6
-2094.6
-2094.6
-2094.6
27.826
-2094.6
-2094.6
-2094.6
-2094.6
26.759
-2094.81
-2094.81
-2094.81
-2094.81
27.335
-4189.62
-4189.62
-4189.62
-4189.62
47.513
-4189.1
-4189.1
-4189.1
-4189.1
51.92
-4189.2
-4189.21
-4189.21
-4189.2
50.853
-4189.41
-4189.41
-4189.41
-4189.41
51.361
-4189.21
-4189.21
-4189.21
-4189.21
52.066
-4189.41
-4189.41
-4189.41
-4189.41
51.023
-4189.31
-4189.31
-4189.31
-4189.31
52.004
-4189.1
-4189.1
-4189.1
-4189.1
51.268
-4189.1
-4189.1
-4189.1
-4189.1
50.88
-4189
-4189
-4189
-4189
52.192
-4189.1
-4189.1
-4189.1
-4189.1
52.592
-4189.2
-4189.2
-4189.2
-4189.2
53.305
-4189
-4189
-4189
-4189
52.286
-4189.2
-4189.2
-4189.21
-4189.2
53.101
-4189.31
-4189.31
-4189.31
-4189.31
48.91
-4189.31
-4189.31
-4189.31
-4189.31
52.093
-4189.31
-4189.31
-4189.31
-4189.31
50.983
-4189.31
-4189.31
-4189.31
-4189.31
49.598
-4189.31
-4189.31
-4189.31
-4189.31
50.412
-4189.31
-4189.31
-4189.31
-4189.31
52.246
-4189.21
-4189.21
-4189.2
-4189.2
51.451
-4189.1
-4189.1
-4189.1
-4189.1
51.731
-4189.41
-4189.41
-4189.41
-4189.41
50.507
-4189.31
-4189.31
-4189.31
-4189.31
50.542
-4189.1
-4189.1
-4189.1
-4189.1
52.152
-4189.41
-4189.41
-4189.41
-4189.41
51.92
-4189.62
-4189.62
-4189.62
-4189.62
51.152
-4189.31
-4189.31
-4189.31
-4189.31
51.064
-4189.41
-4189.41
-4189.41
-4189.41
53.098
-4189
-4189
-4189
-4189
53.282
-12464.5
-12476.7
-12491.2
-12483.6
151.668
-12435.9
-12485.9
-12487
-12482.6
153.934
-12488.2
-12498.9
-12466.7
-12466.2
151.391
-12465.9
-12504.9
-12470.2
-12485.5
153.156
-12460.5
-12515.5
-12505.2
-12463.3
146.979
-12469.4
-12485.9
-12473.6
-12498.8
149.107
-12484.4
-12470.2
-12483.5
-12496
147.582
-12481.8
-12504.3
-12485
-12489.9
151.995
-12488.5
-12493.1
-12502.4
-12477.7
148.34
-12377
-12503
-12466.8
-12493.9
150.885
-12483.4
-12485.8
-12499.5
-12481.4
148.229
-12495.1
-12481.5
-12457.9
-12460.2
152.987
-12447.7
-12473.9
-12482.7
-12474.3
149.279
-12468.9
-12474.5
-12474.3
-12490.1
148.464
-12434.6
-12517.2
-12506.8
-12479.8
151.994
-12461.2
-12497.1
-12472
-12479
151.11
-12491
-12495
-12500.8
-12472.6
153.26
-12489.9
-12476.6
-12478.9
-12486.1
151.259
-12466.6
-12474.8
-12463.5
-12490.9
145.944
-12433.1
-12480.4
-12473.5
-12437.1
151.491
-12511.9
-12474.8
-12502
-12477.4
150.899
-12476.6
-12485.9
-12499.3
-12479.9
151.246
-12501.2
-12515.4
-12472.5
-12492.1
151.653
-12445.1
-12487.7
-12494.7
-12490.7
150.936
-12490.8
-12470.6
-12479.9
-12494.5
146.228
-12495.1
-12468.7
-12486.7
-12441.4
152.801
-12454.9
-12501.7
-12470.8
-12475.4
151.265
-12405.5
-12498.6
-12493.3
-12460.9
150.752
-12439.5
-12464.8
-12485.9
-12456.3
154.534
-12469.3
-12495.5
-12476.1
-12496
150.897