-2094.52
-2094.46
-2094.48
-2094.58
1.272
-2093.61
-2094.32
-2094.22
-2094.38
1.31
-2025.34
-2090.92
-2094.22
-2094.29
1.334
-2025.2
-2075.96
-2094.05
-2094.32
1.306
-2094.55
-2094.56
-2094.47
-2094.59
1.321
-2094.46
-2094.65
-2094.64
-2094.63
1.364
-2094.79
-2094.87
-2094.88
-2094.85
1.375
-2094.61
-2094.5
-2094.63
-2094.57
1.297
-2094.43
-2094.29
-2094.28
-2094.46
1.304
-2056.82
-2094.65
-2094.73
-2094.72
1.342
-2094.49
-2094.55
-2094.61
-2094.52
1.314
-2094.76
-2094.8
-2094.79
-2094.77
1.307
-2094.53
-2094.47
-2094.64
-2094.58
1.336
-2059.15
-2094.4
-2094.4
-2094.48
1.348
-2094.27
-2094.62
-2094.46
-2094.76
1.283
-2055.64
-2094.57
-2094.2
-2094.51
1.306
-2058.63
-2094.47
-2094.29
-2094.44
1.326
-2094.62
-2094.53
-2094.63
-2094.51
1.341
-2060.17
-2094.56
-2094.61
-2094.53
1.334
-2094.59
-2094.74
-2094.37
-2094.67
1.247
-2059.89
-2094.27
-2094.47
-2094.46
1.26
-2094.51
-2094.59
-2094.4
-2094.5
1.339
-2060.01
-2094.85
-2094.83
-2094.85
1.353
-2059.59
-2094.6
-2094.61
-2094.55
1.254
-2093.4
-2094.29
-2094.26
-2094.18
1.272
-2060.42
-2094.69
-2094.78
-2094.66
1.304
-2094.08
-2094.46
-2094.57
-2094.19
1.311
-2059.76
-2067.59
-2094.68
-2094.63
1.263
-2060.32
-2094.84
-2094.8
-2094.83
1.308
-1976.43
-2094.6
-2094.74
-2094.73
1.257
-4036.93
-4121.14
-4174.63
-4182.28
2.505
-4102.27
-4147.89
-4182.58
-4182.31
2.508
-3923.35
-4146.53
-4186.43
-4181.71
2.551
-3959.64
-4111.22
-4183.12
-4183.08
2.591
-3948.06
-4024.25
-4135.42
-4179.97
2.594
-4182.44
-4181.36
-4184.61
-4185.34
2.586
-3942.98
-4115.22
-4149.01
-4142.74
2.581
-4111.17
-4150.39
-4182.99
-4185.39
2.539
-4041.32
-4075.42
-4177.47
-4184.84
2.547
-4117
-4148.72
-4181.06
-4182.15
2.497
-4103.59
-4115.84
-4150.37
-4185.15
2.558
-4116.21
-4147.17
-4183.54
-4182.95
2.564
-4109.63
-4178.91
-4184.74
-4184.16
2.6
-4138.41
-4186.37
-4181.59
-4184.22
2.474
-4181.19
-4185.17
-4185.74
-4177.09
2.552
-4065.17
-4150.25
-4182.68
-4183.6
2.556
-4148.7
-4181.24
-4178.31
-4183.98
2.569
-3980.95
-4028.63
-4146.33
-4144.88
2.546
-4092.15
-4150.79
-4184.83
-4185.75
2.578
-4146.16
-4180.5
-4182.03
-4184.79
2.512
-4026.51
-4133.65
-4183.11
-4180.5
2.597
-4083.94
-4183.23
-4182.41
-4181.68
2.547
-3959.3
-4087.09
-4147.76
-4150.97
2.536
-4115.09
-4185.82
-4180.68
-4182.3
2.558
-4059.99
-4180.29
-4186.41
-4184.12
2.529
-4052.82
-4185.41
-4182.35
-4183.84
2.597
-4186.41
-4182.11
-4180.95
-4183.14
2.533
-4066.51
-4184.67
-4187.69
-4185.95
2.523
-3798.04
-4184.5
-4184.17
-4184.91
2.595
-4023.32
-4166.97
-4183.78
-4182.61
2.502
-10698.5
-11593.5
-11813.6
-12143.4
7.602
-11568.5
-12003.7
-11991.9
-12197.2
7.652
-11560.6
-11676.9
-11683.1
-12017.3
7.528
-10819.2
-11454.3
-11795.4
-12020.7
7.542
-11660.4
-12276.7
-12283.8
-12316.1
7.613
-11208
-11895.1
-12178.1
-12146.4
7.635
-11412.5
-11684.5
-11689.6
-12056.3
7.701
-10957.8
-11741.5
-11919.6
-12211.1
7.643
-11551.9
-12033.6
-12202.8
-12228.7
7.555
-11314.6
-11650.6
-11866.6
-11918.5
7.537
-11094
-11620.8
-11978.7
-12201.3
7.545
-11414.2
-11636
-11916.1
-11892.3
7.636
-11105.9
-11513.2
-11721.1
-11937.3
7.552
-11460.1
-11979.4
-11825
-12025.7
7.516
-11171.4
-11590.4
-11728.5
-12221
7.63
-11163.6
-11446.6
-11683.1
-11958.5
7.694
-11319.1
-11968.6
-12066.8
-12025.5
7.579
-11084.4
-11399.9
-11801.4
-12169.8
7.627
-11799.7
-11974.4
-12125.7
-12043.9
7.547
-11121.6
-11919.8
-11971.1
-12155.4
7.596
-10876.3
-11109.9
-11899.5
-12206.5
7.542
-10509.7
-11325.9
-11317.9
-11539.6
7.636
-11323.1
-11365.4
-11657.8
-11817.1
7.475
-11310.7
-11940.3
-12018.5
-12085.3
7.584
-11502.7
-12020.6
-12083.5
-12299.4
7.509
-11409.6
-11727.5
-12044.1
-11926.5
7.557
-11759.2
-12018.4
-12177.2
-12124.8
7.655
-10545.5
-11520.5
-11740.3
-12039.4
7.591
-11044
-11868
-12186.9
-12138.5
7.492
-11070.6
-11354.3
-11718
-11783.1
7.717