-2094.81
-2094.81
-2094.81
-2094.81
12.376
-2094.6
-2094.6
-2094.6
-2094.6
14.071
-2094.5
-2094.5
-2094.5
-2094.5
14.074
-2094.71
-2094.71
-2094.71
-2094.71
13.19
-2094.6
-2094.6
-2094.6
-2094.6
13.468
-2094.5
-2094.5
-2094.5
-2094.5
13.498
-2094.6
-2094.6
-2094.6
-2094.6
13.877
-2094.81
-2094.81
-2094.81
-2094.81
14.197
-2094.71
-2094.71
-2094.71
-2094.71
13.314
-2094.71
-2094.71
-2094.71
-2094.71
13.357
-2094.4
-2094.4
-2094.4
-2094.4
13.871
-2094.71
-2094.71
-2094.71
-2094.71
13.129
-2094.6
-2094.6
-2094.6
-2094.6
13.334
-2094.4
-2094.4
-2094.4
-2094.4
13.643
-2094.71
-2094.71
-2094.71
-2094.71
13.819
-2094.6
-2094.6
-2094.6
-2094.6
13.035
-2094.6
-2094.6
-2094.6
-2094.6
14.219
-2094.6
-2094.6
-2094.6
-2094.6
12.965
-2094.71
-2094.71
-2094.71
-2094.71
13.353
-2094.81
-2094.81
-2094.81
-2094.81
13.99
-2094.6
-2094.6
-2094.6
-2094.6
13.479
-2094.71
-2094.71
-2094.71
-2094.71
13.19
-2094.6
-2094.6
-2094.6
-2094.6
13.279
-2094.71
-2094.71
-2094.71
-2094.71
13.681
-2094.6
-2094.6
-2094.6
-2094.6
13.771
-2094.5
-2094.5
-2094.5
-2094.5
13.453
-2094.81
-2094.81
-2094.81
-2094.81
13.609
-2094.81
-2094.81
-2094.81
-2094.81
13.371
-2094.5
-2094.5
-2094.5
-2094.5
14.26
-2094.4
-2094.4
-2094.4
-2094.4
12.7
-4189.31
-4189.31
-4189.31
-4189.31
26.238
-4189.31
-4189.31
-4189.31
-4189.31
25.769
-4189.52
-4189.52
-4189.52
-4189.52
25.134
-4189.21
-4189.2
-4189.2
-4189.21
25.755
-4188.89
-4188.89
-4188.89
-4188.89
26.426
-4189
-4189
-4189
-4189
26.115
-4189.2
-4189.2
-4189.2
-4189.2
25.766
-4189.41
-4189.41
-4189.41
-4189.41
25.367
-4189.1
-4189.1
-4189.1
-4189.1
25.324
-4189.1
-4189.1
-4189.21
-4189.21
25.755
-4189.1
-4189.1
-4189.1
-4189.1
25.758
-4189.62
-4189.62
-4189.62
-4189.62
25.592
-4189.31
-4189.31
-4189.31
-4189.31
25.22
-4189.1
-4189.1
-4189.1
-4189.1
25.6
-4189.21
-4189.21
-4189.21
-4189.2
25.815
-4189.31
-4189.31
-4189.31
-4189.31
24.639
-4189.52
-4189.52
-4189.52
-4189.52
25.157
-4189
-4189
-4189
-4189
25.958
-4189.62
-4189.62
-4189.62
-4189.62
25.248
-4189.31
-4189.31
-4189.31
-4189.31
26.309
-4189.31
-4189.31
-4189.31
-4189.31
26.211
-4189.31
-4189.31
-4189.31
-4189.31
24.869
-4189.41
-4189.41
-4189.41
-4189.41
25.709
-4188.99
-4189
-4188.99
-4188.99
24.458
-4189.52
-4189.52
-4189.52
-4189.52
25.168
-4189.52
-4189.51
-4189.51
-4189.51
26.502
-4189
-4189
-4188.99
-4188.99
25.42
-4189.1
-4189.1
-4189.1
-4189.1
26.397
-4189.31
-4189.31
-4189.31
-4189.31
26.402
-4189.41
-4189.41
-4189.41
-4189.41
26.288
-12245.9
-12449.7
-12432.2
-12448.2
76.293
-12401.7
-12474
-12386
-12469.8
75.249
-12472.3
-12488.9
-12457.3
-12438.4
74.18
-12455.9
-12466.4
-12435.4
-12442.4
76.135
-12336.9
-12459.6
-12431.4
-12430.7
73.474
-12318.3
-12472.7
-12431.9
-12484.2
76.001
-12318.4
-12474.8
-12453.4
-12456.2
75.113
-12328.8
-12477.1
-12461
-12474
75.991
-12397.4
-12446.1
-12482.3
-12480.2
76.638
-12343.8
-12447.6
-12489.9
-12441.1
72.973
-12439.3
-12427.7
-12453.1
-12466.8
73.668
-12250.1
-12447.7
-12408.7
-12468
75.441
-12443.8
-12459.8
-12404.9
-12483.5
74.139
-12179.3
-12361
-12514.2
-12436.9
76.21
-12375.9
-12474.9
-12463.7
-12480.8
72.776
-12317.4
-12369.8
-12448.9
-12386.6
75.331
-12224.4
-12446
-12456
-12442.7
75.167
-12354.6
-12472.1
-12447.7
-12458.4
75.16
-12242
-12433.9
-12479.2
-12460.3
74.249
-12370.7
-12460.4
-12457
-12386.4
76.896
-12346
-12433.6
-12475.4
-12455.7
75.767
-12416.6
-12434.1
-12486.1
-12379
74.068
-12317.4
-12436.8
-12472.1
-12485.1
74.941
-12281.9
-12444.6
-12422.3
-12482.8
73.763
-12440.4
-12486.5
-12454.6
-12486.4
75.94
-12233.1
-12449.1
-12441.1
-12454.9
73.749
-12408.2
-12371
-12427.8
-12416.5
75.754
-12458.3
-12495.8
-12495.3
-12480.7
76.947
-12339
-12419.4
-12451.8
-12478
75.74
-12301.5
-12439.9
-12458.1
-12400.7
74.336