-2094.71
-2094.71
-2094.71
-2094.71
11.89
-2094.6
-2094.6
-2094.6
-2094.6
12.466
-2094.81
-2094.81
-2094.81
-2094.81
11.993
-2094.5
-2094.5
-2094.5
-2094.5
12.596
-2094.6
-2094.6
-2094.6
-2094.71
12.538
-2094.71
-2094.81
-2094.81
-2094.81
12.678
-2094.5
-2094.5
-2094.5
-2094.5
12.883
-2094.5
-2094.5
-2094.5
-2094.5
12.881
-2094.71
-2094.71
-2094.81
-2094.81
12.204
-2094.91
-2094.91
-2094.91
-2094.91
12.645
-2094.71
-2094.71
-2094.71
-2094.71
12.679
-2094.71
-2094.71
-2094.71
-2094.81
12.464
-2094.71
-2094.71
-2094.71
-2094.71
12.523
-2094.7
-2094.7
-2094.7
-2094.7
12.534
-2094.71
-2094.71
-2094.71
-2094.71
12.502
-2094.71
-2094.71
-2094.71
-2094.81
12.904
-2094.71
-2094.71
-2094.71
-2094.71
12.027
-2094.71
-2094.71
-2094.71
-2094.71
12.46
-2094.71
-2094.71
-2094.71
-2094.71
12.582
-2094.81
-2094.81
-2094.81
-2094.81
12.009
-2094.71
-2094.71
-2094.81
-2094.81
12.795
-2094.6
-2094.6
-2094.6
-2094.6
12.535
-2094.6
-2094.6
-2094.6
-2094.6
11.959
-2094.71
-2094.71
-2094.71
-2094.71
12.528
-2094.6
-2094.6
-2094.6
-2094.6
12.309
-2094.81
-2094.81
-2094.81
-2094.81
12.848
-2094.71
-2094.71
-2094.7
-2094.71
12.824
-2094.71
-2094.71
-2094.71
-2094.71
12.487
-2094.6
-2094.6
-2094.6
-2094.6
12.521
-2094.81
-2094.81
-2094.81
-2094.81
12.088
-4188.53
-4188.42
-4188.51
-4188.76
25.417
-4188.92
-4188.73
-4188.57
-4187.63
23.876
-4189.4
-4189.36
-4189.46
-4189.46
25.641
-4189.22
-4188.95
-4188.86
-4189
24.089
-4189.32
-4189.45
-4189.44
-4189.49
25.502
-4188.85
-4188.76
-4188.48
-4188.9
25.623
-4188.58
-4188.4
-4188.76
-4188.81
24.479
-4188.3
-4188.64
-4188.65
-4188.3
25.616
-4188.85
-4189.03
-4189.1
-4188.94
25.705
-4188.56
-4189.15
-4189.03
-4189.15
24.454
-4188.98
-4188.86
-4188.54
-4189.07
25.762
-4188.71
-4188.68
-4188.62
-4188.32
25.727
-4189.23
-4189.18
-4188.95
-4189.11
24.161
-4188.95
-4189.28
-4189.13
-4189.29
25.513
-4188.25
-4188.67
-4188.48
-4188.59
23.578
-4189.08
-4188.82
-4189.02
-4189
23.856
-4188.71
-4188.45
-4188.15
-4187.72
24.636
-4189.34
-4189.18
-4189.21
-4189.17
25.638
-4188.5
-4189.09
-4188.45
-4188.93
25.196
-4188.92
-4189.14
-4188.51
-4188.96
23.891
-4188.64
-4188.82
-4188.65
-4188.46
25.49
-4188.09
-4188.81
-4188.56
-4188.41
24.597
-4188.98
-4188.85
-4188.99
-4188.93
24.323
-4189.59
-4189.57
-4189.6
-4189.41
24.483
-4188.15
-4188.64
-4188.18
-4188.77
24.36
-4189.03
-4188.85
-4189.25
-4189.18
24.83
-4189.3
-4189.41
-4189.43
-4189.26
25.72
-4189.03
-4189.1
-4189.06
-4188.85
24.01
-4188.95
-4189.24
-4188.91
-4188.58
25.25
-4189.15
-4188.93
-4188.97
-4189.06
24.029
-11547.3
-11987.4
-11860.6
-11607.2
74.812
-11719.1
-11822.4
-11890.8
-11533.9
73.952
-11871.2
-11973
-11669
-11912.3
74.299
-11736.5
-11906.7
-12002.8
-11757.1
73.461
-11622.8
-11422.9
-11465.6
-11895.6
75.867
-11871.8
-11616.5
-11551.5
-11768.3
74.992
-11604.3
-11963
-11951
-11397.1
75.842
-11771.4
-11517.6
-11704.4
-11580.5
74.886
-11392.6
-11425.3
-11675
-11712.7
74.573
-11824.3
-11808.1
-11699.4
-11599
71.626
-11916
-11865.9
-11893.2
-11561.4
75.292
-11833.3
-11923.8
-11584
-11801.9
75.519
-11620.6
-11957.4
-11874.7
-11660.3
73.908
-11560.3
-11506.1
-11487.3
-11840.4
74.719
-11736.3
-11800.9
-11627.2
-11880.1
73.439
-11644.2
-11796.6
-11936.3
-11695.6
75.323
-11424
-11732
-11705.4
-11631.9
75.091
-11595.7
-11735.5
-11849.1
-11629
75.191
-11659.9
-11658.7
-11756.9
-11756.9
75.058
-11943.8
-11848
-11741.4
-12064.7
74.823
-11848.9
-11894.7
-11919.5
-11502.8
73.45
-11707.6
-11689
-12023.1
-11896.2
74.747
-11728
-11693.4
-11702.8
-11483.7
76.19
-11739.4
-11671.7
-11711.3
-11761.4
74.578
-11634.4
-11526.7
-11857.6
-11574.3
75.067
-11796.6
-12040.1
-11927.1
-11501.7
76.119
-11626.8
-11731.7
-11950.1
-11858.8
74.362
-11688.1
-11627.1
-11625.6
-11644
75.022
-11744.7
-11752.7
-11695.2
-11343.3
74.99
-11683.8
-11835.2
-11754.1
-11628.1
75.284