-2094.71
-2094.71
-2094.71
-2094.7
12.352
-2094.6
-2094.6
-2094.6
-2094.6
12.601
-2094.81
-2094.81
-2094.81
-2094.81
12.709
-2094.49
-2094.5
-2094.49
-2094.49
12.994
-2094.6
-2094.6
-2094.6
-2094.6
12.732
-2094.71
-2094.71
-2094.71
-2094.7
12.658
-2094.6
-2094.6
-2094.6
-2094.6
12.92
-2094.71
-2094.71
-2094.71
-2094.71
13.166
-2094.5
-2094.5
-2094.5
-2094.5
13.455
-2094.71
-2094.71
-2094.7
-2094.71
11.728
-2094.91
-2094.91
-2094.91
-2094.91
12.548
-2094.81
-2094.81
-2094.81
-2094.81
12.27
-2094.6
-2094.6
-2094.6
-2094.6
13.391
-2094.71
-2094.71
-2094.81
-2094.81
11.718
-2094.49
-2094.5
-2094.5
-2094.5
12.381
-2094.5
-2094.5
-2094.5
-2094.5
12.244
-2094.71
-2094.7
-2094.81
-2094.81
13.182
-2094.6
-2094.6
-2094.6
-2094.6
12.663
-2094.5
-2094.49
-2094.49
-2094.5
13.463
-2094.6
-2094.6
-2094.6
-2094.6
12.272
-2094.71
-2094.71
-2094.7
-2094.71
12.489
-2094.7
-2094.7
-2094.71
-2094.71
13.023
-2094.81
-2094.81
-2094.81
-2094.81
11.41
-2094.7
-2094.71
-2094.71
-2094.71
12.933
-2094.59
-2094.6
-2094.6
-2094.6
12.225
-2094.81
-2094.81
-2094.81
-2094.81
12.332
-2094.6
-2094.6
-2094.6
-2094.6
13.137
-2094.71
-2094.71
-2094.7
-2094.71
12.551
-2094.91
-2094.91
-2094.91
-2094.91
12.624
-2094.7
-2094.7
-2094.7
-2094.7
12.746
-4186.52
-4186.14
-4185.82
-4185.43
23.943
-4185.71
-4185.26
-4188.23
-4184.27
23.981
-4181.78
-4187.16
-4186.97
-4182.73
22.995
-4182.54
-4185.54
-4183.36
-4186.24
24.305
-4187.05
-4183.77
-4187.76
-4181.46
25.876
-4186.01
-4186.44
-4185.01
-4185.98
24.866
-4188.29
-4182.84
-4187.61
-4188.75
25.146
-4187.62
-4186.48
-4188.27
-4185.87
24.282
-4184.54
-4188.37
-4185.94
-4189.72
24.329
-4179.03
-4188.3
-4188.45
-4180.66
24.499
-4180.43
-4186.79
-4184.69
-4186.73
23.287
-4181.66
-4182.8
-4186.52
-4188.5
24.321
-4186.45
-4188.24
-4184.32
-4187.06
25.145
-4187.45
-4185.95
-4185.07
-4187.24
23.759
-4184.05
-4186.81
-4185.79
-4187.79
23.988
-4179.21
-4185.35
-4179.15
-4185.22
23.75
-4181.59
-4184.6
-4187.12
-4180.58
23.84
-4184.45
-4187.76
-4186.71
-4180.93
24.789
-4184.94
-4188.5
-4182.45
-4185.5
24.313
-4186.94
-4184.91
-4185.98
-4179.38
24.441
-4187.88
-4174.76
-4183.4
-4186.84
24.486
-4185.41
-4188.53
-4188.15
-4180.28
24.543
-4188.12
-4188.77
-4186.28
-4188
24.349
-4188.7
-4186.53
-4182.72
-4184.59
24.916
-4183.76
-4180.57
-4186.02
-4186.24
24.029
-4179.55
-4181.66
-4177.7
-4170.26
24.066
-4185.33
-4179.77
-4188.19
-4188.43
25.702
-4183.28
-4182.78
-4187.06
-4185.03
24.616
-4186.96
-4187.66
-4188.44
-4186.72
25.597
-4187.24
-4181.98
-4188.88
-4187.12
23.414
-9900.62
-9663.03
-10416.3
-10208.9
73.849
-10051.4
-9902.74
-10287.2
-10226.4
73.527
-9836.62
-9570.21
-9975.44
-9662.94
72.875
-9956.1
-10451.2
-10075
-9776.34
75.16
-9797.13
-9934.34
-10759.4
-9548.36
72.387
-9314.13
-9478.45
-10335.9
-10367.4
76.303
-10219.7
-10065.6
-9990.54
-9406.37
74.487
-9838.69
-10258.5
-9571.05
-9874.26
73.348
-10764.6
-9509.82
-10322.7
-9989.88
72.686
-10337.7
-10355.2
-9706.69
-10121.3
74.252
-9938.62
-9957.76
-9420.15
-10329.9
75.199
-9689.58
-10216.7
-10712.7
-10413.7
72.937
-9958.18
-10146.1
-10574
-9936.72
73.48
-9635.67
-10109
-10046.6
-9910.16
75.705
-9898.53
-9816.59
-10511.4
-9849.71
75.981
-10208.6
-10249
-10126.5
-10446.6
74.144
-9351.67
-9764.39
-9974.9
-10544
75.126
-10217.6
-10437.2
-9867.23
-9637.68
73.187
-10014.3
-9846.37
-10004.7
-9854.9
74.915
-10333.4
-9799.38
-9837.96
-10283
74.345
-9526.16
-9888.39
-10285.4
-10682.9
75.052
-10345.3
-9293.53
-9705.88
-10139.1
73.57
-9741.09
-10313.9
-9841.3
-9882.82
70.35
-10051.3
-10205.9
-9713.61
-9550.74
73.251
-10519.2
-9736.16
-10327.8
-10645
72.537
-10375.4
-10941.1
-10390
-10149.3
72.657
-10177.7
-10236.6
-10571
-9805.97
74.887
-9785.66
-9940.91
-9879.95
-10196
74.229
-9837.48
-9685.87
-10138.4
-9543.58
71.247
-10176.1
-10171
-10493.5
-9765.32
73.976