-2033.19
-2059.82
-2094.6
-2094.7
0.635
-2094.56
-2094.6
-2094.44
-2094.64
0.686
-2093.2
-2094.39
-2094.29
-2094.08
0.651
-1975.98
-2093.68
-2094.58
-2094.5
0.659
-2059.2
-2094.22
-2094.32
-2094.21
0.663
-2059.85
-2059.94
-2094.55
-2094.36
0.666
-2094.44
-2094.65
-2094.65
-2094.71
0.62
-1825.5
-2094.59
-2093.88
-2094.6
0.66
-2025.55
-2059.67
-2060.08
-2093.74
0.648
-2094.19
-2094.43
-2094.38
-2094.15
0.695
-2020.2
-2060.17
-2094.49
-2094.33
0.665
-2094.3
-2093.63
-2094.05
-2094.4
0.636
-1940.47
-2093.35
-2093.68
-2094.1
0.64
-1938.94
-1975.58
-2094.53
-2094.32
0.623
-1906.07
-1941.78
-2026.14
-2025.8
0.661
-2094.39
-2094.47
-2094.28
-2094.5
0.635
-2025.25
-2033.06
-2094.4
-2094.33
0.695
-1976.3
-2059.87
-2060.04
-2059.06
0.661
-1990.12
-1990.1
-2024.6
-2094.31
0.652
-2093.31
-2094.27
-2093.8
-2093.82
0.772
-2057.92
-2060.14
-2094.08
-2094.7
0.643
-2025.4
-2059.25
-2060.03
-2092.82
0.622
-2060.35
-2094.5
-2094.7
-2094.61
0.634
-1976.17
-2058.54
-2094.72
-2094.45
0.634
-1970.6
-1975.96
-2060.15
-2060.28
0.663
-2025.8
-2094.55
-2094.47
-2093.83
0.664
-2094.4
-2094.39
-2094.52
-2094.41
0.659
-1941.81
-2059.32
-2059.99
-2094.59
0.661
-2094.85
-2094.85
-2094.75
-2094.76
0.652
-2094.16
-2094.01
-2094.02
-2094.35
0.659
-4013.41
-4141.8
-4171.71
-4177.92
1.27
-3956.01
-4038.81
-4182.49
-4182.25
1.26
-3716.53
-3956.14
-4033.38
-4134.77
1.301
-3530.86
-3867.08
-4038.24
-4075.08
1.314
-4063.69
-4181.95
-4182.23
-4181.38
1.278
-3759.2
-3992.43
-4075.19
-4078.7
1.269
-3951.54
-4111.64
-4109.18
-4104.95
1.281
-3709.57
-3866.03
-3948.73
-4027.75
1.273
-3835.4
-4104.69
-4129.3
-4144.15
1.286
-3885.26
-4090.73
-4186.23
-4182.91
1.324
-3861.73
-3987.64
-3997.99
-4113.37
1.289
-3818.26
-3960.41
-3985.06
-4027.3
1.265
-4019.29
-4065.83
-4068.61
-4063.23
1.276
-3901.16
-3992.67
-4076.1
-4145.43
1.28
-3747.75
-3914.94
-4109.9
-4182.81
1.32
-3756.53
-4023.36
-4025.95
-4031.93
1.263
-4028.09
-4066.05
-4067.64
-4181.31
1.287
-4016.17
-4067.45
-4136.9
-4147.6
1.288
-3664.96
-3906.57
-3960.97
-4072
1.271
-3994.71
-4109.73
-4110.28
-4106.97
1.316
-3801.57
-4141.19
-4146.2
-4146.87
1.287
-4074.72
-4062.18
-4172.51
-4176.15
1.295
-4069.24
-4145.7
-4137.34
-4141.42
1.283
-3869.1
-4066.13
-4149.8
-4181.34
1.274
-3943.87
-4059.55
-4148.53
-4148.04
1.275
-4016.63
-4037.04
-4039.66
-4053.77
1.296
-3778.46
-3899.61
-4030.58
-4110.21
1.3
-3744.71
-3976.85
-4093.45
-4183.7
1.281
-3755.89
-4071.72
-4072.83
-4146.12
1.279
-3781.2
-3912.01
-4106.1
-4148.09
1.27
-10988.9
-11331.6
-11839.2
-11982.9
3.819
-10843.2
-11424.5
-11867.5
-12059.4
3.81
-11020.4
-11593.2
-11725.1
-11846.5
3.763
-9918.64
-10649.7
-11720.3
-11873.6
3.756
-10788.1
-11047.5
-11471.1
-11806.6
3.801
-11491.2
-11798
-11726.3
-11843
3.806
-10648.6
-11232.3
-11586.6
-11860.3
3.803
-10937.9
-11222.3
-11544.4
-11832.7
3.742
-10540.1
-11385.6
-11883.5
-11509.8
3.754
-10421.9
-11188.9
-11717.5
-11957.9
3.828
-10545.7
-11617.8
-12058.7
-12211.7
3.743
-10440.4
-10847.4
-11487.6
-11743.9
3.814
-10637.9
-11125.9
-11819.1
-11861.7
3.77
-11060
-11654.7
-11932
-12067.6
3.803
-10624.3
-10788.8
-11172
-11365.3
3.851
-10788.7
-11213.7
-11317.8
-11605.8
3.742
-10744.7
-11409.7
-12016
-12152.4
3.826
-11303.1
-11505.1
-11764.6
-11638.4
3.801
-10788.3
-11545.1
-11630.1
-11518.9
3.769
-10009.6
-11058.1
-11751.1
-11637
3.805
-10633.6
-11413.1
-11641.9
-11623.5
3.798
-10513.1
-10937.2
-11010.8
-11650.5
3.783
-10885.9
-11365.3
-11560.7
-11956.2
3.786
-10674.6
-11372.2
-11521.4
-11842.3
3.783
-11049.6
-11492.3
-11923.4
-11967.7
3.747
-10352.4
-11408.4
-11823
-12236.2
3.752
-10985.9
-11539.5
-11315.5
-11609.9
3.713
-10523.9
-10986.6
-11179.1
-11586.8
3.817
-10345.7
-11122.3
-11578
-11467.9
3.844
-10999.1
-11223.9
-11140.1
-11551.1
3.703