-2094.81
-2094.81
-2094.81
-2094.81
2.641
-2094.81
-2094.81
-2094.81
-2094.81
2.186
-2094.6
-2094.6
-2094.6
-2094.6
2.639
-2094.81
-2094.81
-2094.81
-2094.81
2.375
-2094.5
-2094.5
-2094.5
-2094.5
2.589
-2094.6
-2094.6
-2094.6
-2094.6
2.563
-2094.71
-2094.71
-2094.71
-2094.71
2.39
-2094.81
-2094.81
-2094.81
-2094.81
2.17
-2094.71
-2094.71
-2094.71
-2094.71
2.495
-2094.71
-2094.71
-2094.71
-2094.71
2.479
-2094.6
-2094.6
-2094.6
-2094.6
2.278
-2094.6
-2094.71
-2094.71
-2094.71
2.733
-2094.71
-2094.71
-2094.71
-2094.71
2.654
-2094.81
-2094.81
-2094.81
-2094.81
2.698
-2094.71
-2094.71
-2094.71
-2094.71
2.193
-2094.71
-2094.71
-2094.71
-2094.71
2.468
-2094.81
-2094.81
-2094.81
-2094.81
2.646
-2094.81
-2094.81
-2094.81
-2094.81
2.179
-2094.6
-2094.71
-2094.71
-2094.71
2.565
-2094.71
-2094.71
-2094.71
-2094.71
2.561
-2094.81
-2094.81
-2094.81
-2094.81
2.485
-2094.71
-2094.71
-2094.71
-2094.71
2.358
-2094.6
-2094.6
-2094.6
-2094.6
2.412
-2094.71
-2094.71
-2094.71
-2094.71
2.586
-2094.69
-2094.71
-2094.71
-2094.71
2.43
-2094.6
-2094.6
-2094.6
-2094.6
2.116
-2094.6
-2094.6
-2094.6
-2094.6
2.687
-2094.81
-2094.81
-2094.81
-2094.81
2.348
-2094.71
-2094.71
-2094.71
-2094.71
2.397
-2094.71
-2094.71
-2094.71
-2094.71
2.512
-4154.41
-4188.63
-4188.8
-4188.6
4.358
-4188.77
-4189.3
-4189.09
-4189.26
4.952
-4154.26
-4188.93
-4188.91
-4189.15
4.655
-4188.96
-4189.2
-4189.25
-4189.28
5.134
-4188.91
-4189.1
-4189.02
-4189.11
4.409
-4187
-4189.02
-4189.2
-4189.02
4.778
-4187.93
-4188.93
-4189.11
-4189.14
4.249
-4119.64
-4154.82
-4189.38
-4189.29
4.539
-4155.01
-4155.09
-4189.26
-4189.2
4.905
-4189.02
-4189.27
-4189.22
-4189.2
4.508
-4189.24
-4189.39
-4189.28
-4189.35
4.721
-4116.94
-4188.94
-4189.12
-4189.06
4.875
-4066.96
-4188.46
-4189.02
-4188.87
4.389
-4117.94
-4154.73
-4189.23
-4189.27
4.263
-4095.08
-4189.22
-4189.18
-4189.15
4.98
-4110.15
-4189.17
-4189.18
-4189.2
4.971
-4188.81
-4189.15
-4189.3
-4189.25
4.584
-4174.75
-4189.21
-4189.23
-4189.2
4.338
-4154.3
-4189
-4189.03
-4188.79
4.439
-4187.69
-4188.7
-4188.99
-4188.73
4.547
-4174.92
-4189.19
-4189.12
-4189.24
4.759
-4149.69
-4189.19
-4189.26
-4189.18
5.142
-4154.88
-4189.64
-4189.64
-4189.64
4.273
-4189.47
-4189.54
-4189.47
-4189.5
5.035
-4188.09
-4189.56
-4189.64
-4189.6
5.138
-4147.11
-4188.11
-4188.9
-4189.01
5.13
-4049.07
-4147.79
-4188.54
-4188.74
4.509
-4188.7
-4188.85
-4188.87
-4188.84
4.504
-4188.34
-4188.64
-4188.71
-4188.63
5.01
-4187.27
-4188.79
-4188.7
-4188.62
4.954
-10965.4
-11562.8
-11846.9
-11878.1
14.866
-11179.5
-11644.4
-11671.8
-11876.5
14.359
-11026.2
-11531.3
-11661.9
-11618.5
15.205
-11829.1
-11944.5
-11977.8
-11885
14.785
-11406.4
-11611.5
-11958.8
-12069.1
14.77
-10611.3
-11433.3
-11673.2
-11598.5
14.28
-11213
-11285.9
-11614.8
-11722.1
14.883
-11361.2
-11651.8
-11780.6
-11793.4
15.429
-10918.5
-11375.1
-11580.4
-11832.7
15.306
-10655.4
-11190.8
-11042.6
-11091.7
14.973
-10958.5
-11196.3
-11256.7
-11541.4
15.121
-10503
-10777.3
-11290.2
-11475.3
14.432
-11185
-11686.3
-11639.1
-11851.5
14.807
-10933.5
-11274.9
-11502.7
-11795.8
15.299
-11008.8
-11129.7
-11444.9
-11570
15.259
-10990.8
-11256.5
-11532.9
-11511.5
14.408
-11173.7
-11824
-11885.6
-11828.7
15.3
-10868.2
-11095
-11768.8
-11847.2
15.378
-10765.2
-10781.1
-11162.9
-11241
14.478
-10631.3
-10602.1
-10644.3
-11560.2
14.384
-11167.8
-11294.3
-11558.6
-11694.5
15.175
-11525.2
-11650.7
-11631.1
-11710.8
14.411
-10316.2
-10982.5
-11076.2
-11177
15.146
-11103.5
-11631.1
-11723.8
-11986.1
15.158
-11409.5
-11660.1
-11999
-11975
15.093
-11271.4
-11528.7
-11591.8
-11639.6
14.35
-10651.4
-10661.3
-10931.8
-11232.4
14.511
-10873.8
-11471.2
-11673.6
-11652
14.505
-10467
-11138.3
-11778.8
-11850.7
15.234
-10705.7
-11091.1
-11234.2
-11706.2
14.596