-2094.7
-2094.71
-2094.7
-2094.7
2.535
-2094.7
-2094.7
-2094.81
-2094.81
2.471
-2094.7
-2094.7
-2094.7
-2094.7
2.496
-2094.81
-2094.81
-2094.81
-2094.81
2.519
-2094.58
-2094.59
-2094.59
-2094.6
2.671
-2094.6
-2094.6
-2094.6
-2094.58
2.493
-2094.7
-2094.7
-2094.7
-2094.7
2.437
-2094.58
-2094.6
-2094.6
-2094.71
2.612
-2094.8
-2094.81
-2094.81
-2094.81
2.559
-2094.7
-2094.7
-2094.7
-2094.7
2.468
-2094.6
-2094.59
-2094.6
-2094.59
2.64
-2094.81
-2094.81
-2094.81
-2094.8
2.569
-2094.91
-2094.91
-2094.91
-2094.91
2.491
-2094.7
-2094.7
-2094.71
-2094.71
2.43
-2094.91
-2094.91
-2094.91
-2094.91
2.123
-2094.7
-2094.7
-2094.7
-2094.7
2.335
-2094.71
-2094.71
-2094.7
-2094.71
2.535
-2094.7
-2094.7
-2094.71
-2094.7
2.215
-2094.81
-2094.8
-2094.81
-2094.81
2.581
-2094.7
-2094.7
-2094.81
-2094.81
2.366
-2094.7
-2094.7
-2094.7
-2094.7
2.583
-2094.7
-2094.71
-2094.81
-2094.9
2.523
-2094.6
-2094.59
-2094.6
-2094.6
2.562
-2094.81
-2094.91
-2094.91
-2094.91
2.199
-2094.59
-2094.6
-2094.6
-2094.6
2.421
-2094.91
-2094.91
-2094.91
-2094.91
2.56
-2094.81
-2094.91
-2094.91
-2094.91
2.431
-2094.81
-2094.81
-2094.81
-2094.81
2.57
-2094.7
-2094.7
-2094.7
-2094.81
2.628
-2094.6
-2094.6
-2094.6
-2094.6
2.44
-4148.44
-4187.26
-4185.08
-4184.22
4.577
-4186.48
-4186.92
-4184.85
-4186.46
4.732
-4146.58
-4151.05
-4183.36
-4184.96
4.598
-4182.7
-4186.81
-4185.59
-4186.68
4.955
-4152.45
-4151.64
-4152.35
-4188.14
4.698
-4179.3
-4188.85
-4187.73
-4187.67
4.692
-4185.34
-4185.95
-4186.58
-4186.98
4.723
-4173.65
-4186.73
-4187.76
-4188.48
4.747
-4187.44
-4187.65
-4188.12
-4187.99
4.978
-4151.12
-4180.13
-4187.86
-4185.88
4.717
-4119.8
-4161.91
-4187.07
-4188.13
4.89
-4148.81
-4150.85
-4149.11
-4150.82
4.78
-4185.54
-4187.75
-4187.7
-4187.19
5.005
-4184.61
-4185.91
-4186.68
-4185.59
4.891
-4149.87
-4159.12
-4186.35
-4187.99
4.543
-4068.27
-4187.54
-4187.22
-4186.93
4.879
-4186.65
-4187.3
-4187.16
-4186.14
4.873
-4186.65
-4186.53
-4187.41
-4186.23
4.761
-4150.9
-4187.99
-4188.27
-4188.93
4.851
-4186.53
-4186.07
-4185.83
-4185.45
4.787
-4147.11
-4163.89
-4185.23
-4185.76
4.919
-4060.54
-4187.1
-4185.74
-4186.5
4.914
-4181.55
-4186.47
-4187.23
-4187.12
4.553
-4145.9
-4186.56
-4188.16
-4187.33
4.918
-4076.03
-4079.79
-4186
-4188.21
4.89
-4151.48
-4184.02
-4184.87
-4186.89
4.797
-4186.6
-4187.61
-4187.25
-4186.9
4.81
-4149.5
-4186.17
-4183.39
-4187.94
4.979
-4187.23
-4188.3
-4185.92
-4187.12
4.811
-4149.6
-4185.27
-4185.56
-4185.1
4.782
-11350.3
-11211.8
-11236
-11310.5
14.833
-11204.5
-11463
-11082.5
-11131.6
14.113
-10464.5
-10723.5
-10855.9
-11455.2
14.33
-11319.8
-11476
-11317.6
-11730.8
14.204
-10892.2
-11425.6
-11340.8
-11621.9
14.963
-10844
-11086.4
-11168.6
-10929.9
14.822
-10801.1
-11101
-11146.9
-11531.5
14.768
-10637.5
-10661.8
-10850.7
-11246.4
14.533
-10908
-11578.4
-10732.1
-11421.2
14.497
-10821.9
-11507.4
-11486.4
-10939.6
14.436
-10703.9
-11145
-11386.2
-11269.4
14.624
-10923.2
-10991.5
-11298.7
-11470.5
14.954
-11335.3
-11435
-11546.5
-11393
14.172
-11011.8
-11380.6
-11197.9
-11256.2
14.743
-11149.4
-10979.4
-10817.6
-11213.1
14.791
-11123.8
-10996.9
-11082.8
-11505.2
14.502
-11157.7
-11009.7
-11240.6
-10978.6
14.759
-11044.2
-11019.3
-11168.4
-11175.8
14.801
-11158.4
-11309
-11188
-11328.4
14.649
-11021.5
-11306
-11361.6
-11334.4
14.94
-10950.2
-11249.7
-11005.1
-11272.2
14.986
-10886.8
-10849.1
-11719.4
-11296.9
14.626
-10951.3
-11257.4
-11048
-11079.6
14.988
-10934.6
-11423.2
-11594.6
-11524.2
14.602
-10868.4
-10940.2
-10858.5
-10904.5
14.56
-10760.2
-10971.7
-11615.2
-11699.5
14.86
-10849.7
-10710
-10980
-10653.6
14.563
-10416.2
-10922.2
-11184.4
-11115.9
14.775
-10852.3
-10592.7
-11102.9
-11065
14.885
-10992.9
-11512.8
-11505.8
-11224.7
14.827