-2094.81
-2094.81
-2094.81
-2094.81
1.333
-2060.57
-2094.7
-2094.71
-2094.71
1.226
-2094.6
-2094.6
-2094.6
-2094.6
1.218
-2094.71
-2094.71
-2094.71
-2094.71
1.373
-2007.54
-2094.6
-2094.6
-2094.59
1.287
-1986.95
-2094.7
-2094.7
-2094.7
1.285
-2094.6
-2094.6
-2094.6
-2094.6
1.36
-2094.6
-2094.6
-2094.6
-2094.6
1.417
-2094.81
-2094.81
-2094.81
-2094.81
1.416
-2094.71
-2094.71
-2094.71
-2094.71
1.226
-2094.7
-2094.7
-2094.7
-2094.7
1.342
-2094.49
-2094.5
-2094.5
-2094.49
1.11
-2094.91
-2094.91
-2094.91
-2094.91
1.108
-2094.6
-2094.6
-2094.6
-2094.6
1.307
-2094.81
-2094.81
-2094.81
-2094.81
1.318
-2090.31
-2094.6
-2094.6
-2094.6
1.261
-2094.6
-2094.6
-2094.6
-2094.6
1.243
-2094.7
-2094.71
-2094.71
-2094.7
1.128
-2094.81
-2094.81
-2094.81
-2094.81
1.226
-2094.6
-2094.6
-2094.6
-2094.6
1.399
-2094.7
-2094.7
-2094.71
-2094.71
1.278
-2094.7
-2094.71
-2094.7
-2094.71
1.23
-2094.48
-2094.49
-2094.5
-2094.5
1.421
-2094.7
-2094.71
-2094.71
-2094.71
1.399
-1976.37
-2094.81
-2094.81
-2094.81
1.157
-2060.46
-2094.6
-2094.6
-2094.6
1.389
-2094.81
-2094.81
-2094.81
-2094.81
1.207
-2094.6
-2094.6
-2094.6
-2094.6
1.32
-1976.37
-2094.81
-2094.81
-2094.81
1.129
-2060.57
-2094.7
-2094.7
-2094.7
1.26
-4066.2
-4068.49
-4145.32
-4185.63
2.347
-3990.16
-4177.56
-4183.66
-4186.95
2.34
-3954.97
-4145.71
-4186.19
-4184.65
2.025
-3832.23
-4110.63
-4148.2
-4181.19
2.417
-3996.92
-4181.57
-4182.96
-4181.65
2.631
-3660.11
-4029.6
-4187.28
-4184.82
2.716
-3995.76
-4184.04
-4186.09
-4186.02
2.523
-4067.05
-4064.3
-4148.53
-4187.29
2.404
-3761.9
-4038.28
-4141.61
-4186.97
2.423
-4141.08
-4186.28
-4185.45
-4186.85
2.348
-4115.49
-4111.2
-4150.14
-4183.73
2.395
-4067.18
-4061.74
-4064.5
-4179.56
2.581
-4039.31
-4149.43
-4186.45
-4173.88
2.299
-3897.9
-4151.44
-4141.57
-4179.71
2.706
-4146.9
-4143.38
-4178.62
-4187.19
2.428
-4052.53
-4179.79
-4180.12
-4185.16
2.357
-4137.55
-4185.69
-4185
-4188.12
2.399
-4067.32
-4184.22
-4185.35
-4185.56
2.552
-4175.62
-4187.7
-4184.95
-4184.82
2.125
-3994.54
-4182.81
-4187.65
-4181.05
2.353
-3946.11
-4033.79
-4183.9
-4183.4
2.545
-3997.49
-4144.61
-4180.87
-4186.85
2.212
-3828.52
-4020.86
-4142.68
-4179.15
2.351
-4072.96
-4108.6
-4182.86
-4181.78
2.397
-3987.16
-4100.07
-4148.35
-4187.08
2.215
-3854.77
-4109.45
-4144.6
-4168.07
2.408
-3856.55
-4020.89
-4146.99
-4179.24
2.419
-4030.22
-4148.74
-4183.96
-4189.01
2.279
-3988.51
-4133.01
-4186.14
-4185.95
2.349
-3820.67
-4120.71
-4167.92
-4182.93
2.554
-9885.03
-9895.45
-10510.4
-9811.84
7.587
-10611.1
-10328.7
-10344.3
-10387.9
7.324
-9768.47
-10358
-10029.7
-10151.3
7.539
-9745.82
-9396.96
-10473.9
-10135.4
7.594
-9781.54
-10049.4
-9837.97
-10105.8
7.55
-8928.33
-9568.8
-9997.4
-9705.99
6.984
-10160.7
-10367.3
-10656.1
-10882.2
6.983
-8973.81
-10240.9
-9981.04
-9976.39
7.152
-9814.75
-9909.24
-9985.09
-9899.59
7.257
-9488.1
-10581
-9524.93
-10038.1
7.078
-9636.88
-9816.81
-10477.5
-10355.2
7.456
-9610.08
-9937.85
-10073.6
-9731.88
7.723
-10059
-10028.5
-9804.41
-9499.05
7.401
-9671.88
-9932.04
-9878.08
-10608
7.682
-9739.08
-9968.52
-9794.43
-10293.4
7.323
-10107.3
-9377.29
-9941.4
-9987.84
7.242
-9853.98
-9863.87
-10169.4
-9979.4
7.543
-8681.41
-9691.8
-10138.5
-9694.17
7.488
-9692.45
-9996.19
-10778
-9941.37
7.621
-9227.68
-8801.23
-9818.95
-10419.9
7.011
-9425.71
-9598.36
-10140.8
-10333.4
7.573
-10314.8
-9700.78
-9951.97
-9569.41
7.203
-9780.87
-10003.8
-9913.84
-10142.8
7.464
-9671.49
-9555.58
-10140.3
-9593.29
7.561
-9753.83
-9235.74
-8560.73
-10466.2
7.585
-10050.9
-9662.22
-10199.8
-10548
7.382
-9919.81
-10035.5
-10523.1
-9860.37
7.142
-9266.29
-9386.21
-9655.86
-10027.1
7.117
-10148.5
-10363.3
-10604.3
-10347.9
7.551
-10000.5
-9990.77
-10377.7
-9991.52
7.437