-2056.51
-2093.81
-2092.82
-2093.32
0.638
-2093.21
-2094.39
-2093.74
-2093.5
0.663
-2094.56
-2094.27
-2092.77
-2093.11
0.656
-2093.31
-2092.66
-2093.61
-2092.53
0.682
-1905.19
-2057.67
-2055.36
-2093.12
0.665
-2057.52
-2093.19
-2092.76
-2092.81
0.63
-2045.53
-2059.43
-2094.26
-2094.82
0.668
-1955.69
-2092.22
-2090.47
-2094.23
0.661
-2059.36
-2091.99
-2092.9
-2092.22
0.666
-1906.42
-2093.2
-2094.56
-2092.81
0.662
-1902.7
-1939.5
-1974.69
-2058.39
0.669
-1975.13
-2084.43
-2093.52
-2094.01
0.663
-2059.48
-2058.44
-2094.4
-2093.62
0.642
-2054.63
-2093.27
-2093.32
-2093.22
0.664
-2058.08
-2091.14
-2092.76
-2094.49
0.661
-1988.64
-2054.81
-2058.48
-2093.8
0.656
-1974.76
-2056.35
-2092.8
-2092.1
0.666
-2057.96
-2058.96
-2092.12
-2094.06
0.642
-2031.14
-2092.16
-2094.07
-2093.8
0.669
-2092.11
-2093.92
-2089.33
-2091.35
0.644
-2057.94
-2057.72
-2060.05
-2094.34
0.678
-1789.39
-2058.46
-2093.82
-2092.91
0.648
-2056.33
-2056.43
-2059
-2093.29
0.661
-2057.63
-2056.58
-2093.35
-2089.63
0.664
-2054.53
-2094.05
-2093.74
-2094.57
0.67
-2053.22
-2088.69
-2092.72
-2093.88
0.65
-1971.9
-1973.67
-2057.09
-2059.4
0.658
-1985.28
-1984.45
-2093.67
-2092.04
0.665
-2022.69
-2056.95
-2057.82
-2058.01
0.662
-1706.01
-2056.96
-2094.55
-2092.98
0.655
-4103.8
-4174.72
-4167.12
-4165.14
1.34
-3786.52
-3957.05
-4014.73
-4168.63
1.292
-3963.08
-4081.7
-4131.02
-4139.47
1.309
-4133.23
-4177
-4170.1
-4175.42
1.278
-3965.72
-4118.72
-4179.16
-4176.67
1.263
-4092.9
-4160.82
-4181.18
-4173.69
1.322
-4039.85
-4070.51
-4085.67
-4180.15
1.312
-3888.15
-3989.76
-4095.7
-4100.63
1.342
-3746.77
-3964.16
-4109.03
-4098.35
1.286
-3997.08
-4100.62
-4121.58
-4139.88
1.3
-3661.38
-3881.81
-4089.32
-4144.52
1.341
-4086.3
-4110.33
-4178.47
-4163.52
1.293
-3669.19
-3887.55
-4031.58
-4028.62
1.294
-3903.19
-4026.85
-4166.73
-4178.51
1.326
-4011.04
-4021.73
-4049.6
-4064.41
1.284
-3958.94
-4091.82
-4168.47
-4173.82
1.253
-4138.62
-4172.38
-4167.89
-4169.12
1.296
-3729.14
-3974.8
-4172.85
-4166.11
1.32
-4092.98
-4137.06
-4170.05
-4180.91
1.342
-3962.69
-4011.96
-4098.55
-4104.77
1.3
-3908.65
-4000.38
-4047.07
-4076.23
1.324
-4132.89
-4164.88
-4170.14
-4159.8
1.32
-4005.42
-4098.05
-4132.26
-4172.09
1.335
-3501.13
-3994.49
-4161.64
-4180.03
1.333
-3942.47
-3946.97
-4172.81
-4172.03
1.285
-4087.8
-4147
-4147.61
-4176.03
1.334
-4049.67
-4055.64
-4128.81
-4178.04
1.283
-3780.41
-3953.14
-4135.79
-4131.97
1.281
-3981.04
-4055.85
-4168.27
-4170.93
1.256
-4051.25
-4055.86
-4135.07
-4140.63
1.288
-10444.5
-11030.7
-11495.8
-11374.9
3.84
-10455.1
-11487.1
-11784.2
-12219.5
3.813
-11166.3
-11289.5
-11541.6
-11681.1
3.814
-10615.8
-11199.9
-11728.3
-11558.6
3.79
-10802.8
-11411.7
-11566.7
-11797.2
3.741
-10298.8
-11263.6
-11428.9
-11820.4
3.777
-10431.9
-10860.7
-11627.8
-11519.2
3.832
-11560.3
-11413.1
-11704.5
-12064.3
3.799
-10635.9
-11135.4
-12006.3
-12005.9
3.759
-10968.9
-11303.4
-11627.1
-11831.4
3.761
-10648
-11068.4
-11666.7
-11286
3.764
-11027
-11688.6
-11364
-11645
3.814
-11126.4
-11485.6
-11418.8
-11718.3
3.763
-10874.8
-11624
-11792.8
-11386.4
3.812
-11229.9
-11384.3
-11613.5
-11846
3.843
-10735.1
-11321.9
-11728.7
-11767
3.803
-10741.2
-11607.9
-12069.4
-11979.5
3.823
-11372.4
-11676.5
-11439.3
-11744.9
3.835
-10166.6
-11379
-11645.9
-12043.3
3.713
-10229.1
-10737.1
-11576.8
-11771.5
3.817
-11109.9
-11296.9
-11661.6
-11769.4
3.817
-10672.6
-11344.3
-11418.3
-11793.3
3.796
-10804.8
-11518.4
-11545.1
-11667.8
3.807
-11029.8
-11522.1
-11790.2
-11886.6
3.765
-11268.7
-11792.5
-11799.6
-11958.7
3.774
-10393
-10818.8
-11361.6
-11297.9
3.796
-10834.9
-11417.8
-11790.1
-11772.5
3.764
-11074.8
-11943.3
-11931.5
-11712.8
3.803
-10616.5
-11247.3
-11573.6
-11995.5
3.744
-11073.4
-11596.8
-11886
-11898.3
3.783