1.1921e-10
1.1921e-10
1.1921e-10
1.1921e-10
18.565
1.1921e-10
1.1921e-10
1.1921e-10
1.1921e-10
19.265
1.1921e-10
1.1921e-10
1.1921e-10
1.1921e-10
19.127
1.1921e-10
1.1921e-10
1.1921e-10
1.1921e-10
19.11
1.1921e-10
1.1921e-10
1.1921e-10
1.1921e-10
19.117
1.1921e-10
1.1921e-10
1.1921e-10
1.1921e-10
19.077
1.1921e-10
1.1921e-10
1.1921e-10
1.1921e-10
18.891
1.1921e-10
1.1921e-10
1.1921e-10
1.1921e-10
19.435
1.1921e-10
1.1921e-10
1.1921e-10
1.1921e-10
19.127
1.1921e-10
1.1921e-10
1.1921e-10
1.1921e-10
19.058
1.1921e-10
1.1921e-10
1.1921e-10
1.1921e-10
19.202
1.1921e-10
1.1921e-10
1.1921e-10
1.1921e-10
18.506
1.1921e-10
1.1921e-10
1.1921e-10
1.1921e-10
19.368
1.1921e-10
1.1921e-10
1.1921e-10
1.1921e-10
18.383
1.1921e-10
1.1921e-10
1.1921e-10
1.1921e-10
18.465
1.1921e-10
1.1921e-10
1.1921e-10
1.1921e-10
18.754
1.1921e-10
1.1921e-10
1.1921e-10
1.1921e-10
18.829
1.1921e-10
1.1921e-10
1.1921e-10
1.1921e-10
19.283
1.1921e-10
1.1921e-10
1.1921e-10
1.1921e-10
19.101
1.1921e-10
1.1921e-10
1.1921e-10
1.1921e-10
19.331
1.1921e-10
1.1921e-10
1.1921e-10
1.1921e-10
18.756
1.1921e-10
1.1921e-10
1.1921e-10
1.1921e-10
19.211
1.1921e-10
1.1921e-10
1.1921e-10
1.1921e-10
18.714
1.1921e-10
1.1921e-10
1.1921e-10
1.1921e-10
18.889
1.1921e-10
1.1921e-10
1.1921e-10
1.1921e-10
19.073
1.1921e-10
1.1921e-10
1.1921e-10
1.1921e-10
19.176
1.1921e-10
1.1921e-10
1.1921e-10
1.1921e-10
18.658
1.1921e-10
1.1921e-10
1.1921e-10
1.1921e-10
18.907
1.1921e-10
1.1921e-10
1.1921e-10
1.1921e-10
19.104
1.1921e-10
1.1921e-10
1.1921e-10
1.1921e-10
19.407
2.38419e-10
8.10625e-10
8.10625e-10
2.38419e-10
37.877
4.29154e-10
4.29154e-10
4.29154e-10
4.29154e-10
37.428
7.48636e-09
4.29154e-10
4.29154e-10
4.29154e-10
37.291
1.1921e-09
2.38419e-10
2.38419e-10
4.29154e-10
36.541
2.33651e-09
2.38419e-10
2.38419e-10
2.38419e-10
37.587
3.48092e-09
4.29154e-10
4.29154e-10
4.29154e-10
37.513
2.38419e-10
4.29154e-10
2.38419e-10
4.29154e-10
36.377
1.00136e-09
2.38419e-10
2.14577e-09
2.38419e-10
37.151
2.38419e-10
2.38419e-10
2.38419e-10
2.38419e-10
36.7
1.00136e-09
2.38419e-10
2.38419e-10
2.38419e-10
37.698
2.38419e-10
2.38419e-10
2.38419e-10
2.38419e-10
37.105
2.14577e-09
1.1921e-09
2.38419e-10
2.38419e-10
37.864
4.29154e-10
4.29154e-10
2.38419e-10
2.38419e-10
36.417
2.38419e-10
8.10625e-10
2.38419e-10
2.38419e-10
37.008
8.10625e-10
8.10625e-10
4.29154e-10
4.29154e-10
37.514
7.67709e-09
7.67709e-09
8.10625e-10
8.10625e-10
37.211
2.38419e-10
2.38419e-10
2.38419e-10
2.38419e-10
35.974
2.38419e-10
2.38419e-10
2.38419e-10
2.38419e-10
36.106
4.29154e-10
4.29154e-10
4.29154e-10
4.29154e-10
37.879
2.14577e-09
2.14577e-09
2.38419e-10
2.38419e-10
37.176
4.29154e-10
4.29154e-10
4.29154e-10
4.29154e-10
36.795
2.33651e-09
2.38419e-10
1.38283e-09
2.14577e-09
37.443
2.33651e-09
2.38419e-10
2.38419e-10
2.38419e-10
37.098
2.14577e-09
8.10625e-10
2.38419e-10
2.38419e-10
37
8.10625e-10
4.29154e-10
4.29154e-10
4.29154e-10
37.656
1.00136e-09
2.38419e-10
8.10625e-10
8.10625e-10
36.365
2.14577e-09
2.14577e-09
4.29154e-10
2.38419e-10
35.653
4.29154e-10
2.38419e-10
2.38419e-10
2.38419e-10
36.605
2.38419e-10
4.29154e-10
2.38419e-10
2.38419e-10
36.819
8.10625e-10
2.14577e-09
2.38419e-10
2.38419e-10
37.841
0.073379
0.0778992
0.065888
0.0812346
111.302
0.070834
0.0824578
0.0775506
0.0721772
110.698
0.0773092
0.0764345
0.0713812
0.0827047
112.13
0.0760825
0.0469113
0.0838228
0.0733532
112.671
0.0697373
0.0904244
0.0683485
0.114934
111.877
0.0877433
0.0998185
0.0691651
0.0950048
112.35
0.083516
0.0821903
0.0732999
0.0676381
113.006
0.065846
0.0722013
0.0724263
0.0944711
113.956
0.0626486
0.0461389
0.0579439
0.0812186
110.518
0.0801254
0.0684285
0.0728407
0.0847825
111.275
0.0867601
0.0841277
0.0805565
0.0689672
112.959
0.0908821
0.068903
0.0660587
0.078441
111.865
0.0902276
0.0686719
0.0613182
0.07305
112.503
0.0792923
0.0822636
0.0589029
0.0732218
112.849
0.092295
0.078204
0.0748849
0.0752399
112.668
0.0690482
0.072225
0.0576543
0.0541409
113.313
0.0652286
0.0833874
0.0679229
0.0669573
111.575
0.0775346
0.0758419
0.0733766
0.0831099
113.758
0.0691136
0.0771271
0.0944061
0.0582171
112.044
0.0794956
0.0513156
0.0740195
0.0811579
112.71
0.0725093
0.0834655
0.109469
0.0816874
110.265
0.0501024
0.0673843
0.0772564
0.161078
112.794
0.0811213
0.0753871
0.0986248
0.0866414
112.156
0.0837262
0.0860651
0.0683966
0.0629951
112.436
0.0670435
0.0728537
0.0709615
0.0642066
112.021
0.0836679
0.0717423
0.0950006
0.0881431
112.486
0.0888891
0.0778525
0.0762609
0.066581
112.241
0.0811242
0.073969
0.0866717
0.105814
112.341
0.0873312
0.058181
0.0950091
0.0911686
112.404
0.0656133
0.0687401
0.0897988
0.1186
112.757