1.1921e-10
1.1921e-10
1.1921e-10
1.1921e-10
19.498
1.1921e-10
1.1921e-10
1.1921e-10
1.1921e-10
18.74
1.1921e-10
1.1921e-10
1.1921e-10
1.1921e-10
18.958
1.1921e-10
1.1921e-10
1.1921e-10
1.1921e-10
19.307
1.1921e-10
1.1921e-10
1.1921e-10
1.1921e-10
19.449
1.1921e-10
1.1921e-10
1.1921e-10
1.1921e-10
19.099
1.1921e-10
1.1921e-10
1.1921e-10
1.1921e-10
19.31
1.1921e-10
1.1921e-10
1.1921e-10
1.1921e-10
19.507
1.1921e-10
1.1921e-10
1.1921e-10
1.1921e-10
18.848
1.1921e-10
1.1921e-10
1.1921e-10
1.1921e-10
18.626
1.1921e-10
1.1921e-10
1.1921e-10
1.1921e-10
18.986
1.1921e-10
1.1921e-10
1.1921e-10
1.1921e-10
19.32
1.1921e-10
1.1921e-10
1.1921e-10
1.1921e-10
19.193
1.1921e-10
1.1921e-10
1.1921e-10
1.1921e-10
18.747
1.1921e-10
1.1921e-10
1.1921e-10
1.1921e-10
19.32
1.1921e-10
1.1921e-10
1.1921e-10
1.1921e-10
18.877
1.1921e-10
1.1921e-10
1.1921e-10
1.1921e-10
19.036
1.1921e-10
1.1921e-10
1.1921e-10
1.1921e-10
19.554
1.1921e-10
1.1921e-10
1.1921e-10
1.1921e-10
18.564
1.1921e-10
1.1921e-10
1.1921e-10
1.1921e-10
18.646
1.1921e-10
1.1921e-10
1.1921e-10
1.1921e-10
19.042
1.1921e-10
1.1921e-10
1.1921e-10
1.1921e-10
18.626
1.1921e-10
1.1921e-10
1.1921e-10
1.1921e-10
18.891
1.1921e-10
1.1921e-10
1.1921e-10
1.1921e-10
19.312
1.1921e-10
1.1921e-10
1.1921e-10
1.1921e-10
18.908
1.1921e-10
1.1921e-10
1.1921e-10
1.1921e-10
19.147
1.1921e-10
1.1921e-10
1.1921e-10
1.1921e-10
19.307
1.1921e-10
1.1921e-10
1.1921e-10
1.1921e-10
19.054
1.1921e-10
1.1921e-10
1.1921e-10
1.1921e-10
18.789
1.1921e-10
1.1921e-10
1.1921e-10
1.1921e-10
18.894
3.5143e-08
4.43316e-07
5.86034e-08
1.20211e-07
36.103
4.37022e-07
4.63963e-08
6.9666e-08
4.40646e-07
37.615
1.12009e-07
1.62363e-07
8.43527e-08
8.3399e-08
35.874
8.2636e-08
1.1735e-07
1.91212e-08
4.42983e-08
37.966
9.31265e-08
5.55516e-08
3.47615e-08
4.37022e-07
37.138
5.38875e-07
4.88759e-08
4.38548e-07
4.51899e-07
37.815
4.45414e-07
6.43255e-08
1.5688e-08
4.27724e-08
36.145
1.19829e-07
2.43044e-07
1.55497e-07
8.45434e-08
37.248
5.63861e-07
5.42117e-07
1.55878e-07
4.46797e-08
37.521
4.35496e-07
5.21184e-08
1.23263e-07
3.95299e-08
37.572
1.96123e-07
1.41955e-07
1.26124e-07
5.28813e-08
37.036
7.78677e-08
4.62962e-07
4.45224e-07
1.91212e-08
36.236
4.38167e-07
4.30346e-07
5.3835e-08
6.12737e-08
36.393
1.6141e-07
4.38167e-07
4.40837e-07
4.83037e-08
37.311
5.32199e-07
2.22254e-07
4.55905e-07
4.48657e-07
37.156
1.45197e-07
7.329e-08
6.20366e-08
4.37261e-08
37.279
1.64342e-06
2.36989e-08
1.13344e-07
1.05906e-07
37.856
5.76497e-08
4.71927e-07
3.59059e-08
1.51491e-07
37.182
8.40046e-07
4.10558e-08
8.53063e-08
4.8113e-08
37.229
1.8754e-07
3.5143e-08
2.92302e-08
1.15252e-07
38.054
3.30783e-07
3.45708e-08
1.71519e-07
1.29938e-07
36.405
5.34869e-07
3.17097e-08
4.69447e-07
4.41981e-07
37.253
5.32008e-07
1.61028e-07
1.46342e-07
6.81402e-08
36.082
4.5209e-07
2.74134e-07
2.09284e-07
6.12737e-08
37.602
1.08576e-07
1.2765e-07
1.44625e-07
1.8549e-08
37.437
8.30175e-08
4.5457e-07
4.48085e-07
4.3378e-07
37.877
1.2765e-07
1.23835e-07
5.15462e-08
4.48705e-08
37.605
6.88793e-07
1.0438e-07
4.60101e-07
9.16006e-08
36.002
1.04189e-07
1.88685e-07
1.41382e-07
6.12737e-08
36.578
5.36395e-07
1.86777e-07
6.45162e-08
7.4053e-08
37.25
0.315311
0.396383
0.375829
0.351157
111.185
0.363575
0.42695
0.322185
0.313007
112.511
0.298401
0.47481
0.349289
0.357233
111.385
0.381885
0.408918
0.379342
0.367891
111.655
0.376628
0.355506
0.389248
0.290216
111.143
0.330102
0.351384
0.439132
0.33633
111.907
0.304045
0.41049
0.371353
0.374114
112.524
0.335301
0.311983
0.33031
0.365567
110.826
0.307631
0.402438
0.26705
0.361459
111.207
0.362462
0.376346
0.311935
0.343418
111.301
0.40567
0.529584
0.355692
0.460769
111.48
0.431744
0.361962
0.251383
0.363151
110.132
0.335676
0.318408
0.301625
0.36028
110.119
0.392397
0.414525
0.346624
0.425424
109.37
0.361269
0.50536
0.371025
0.362199
110.712
0.44498
0.422202
0.323594
0.357817
111.59
0.317202
0.405438
0.324836
0.355821
110.625
0.466051
0.388838
0.337351
0.34414
111.577
0.363291
0.32287
0.353476
0.374842
111.589
0.400643
0.312505
0.24798
0.404565
111.547
0.355579
0.375338
0.336647
0.449523
110.496
0.355537
0.351465
0.430183
0.386337
112.92
0.315634
0.429571
0.353689
0.323084
111.897
0.449231
0.308412
0.385303
0.427082
112.404
0.388707
0.382089
0.319047
0.381603
111.905
0.349975
0.238027
0.341989
0.288038
109.059
0.315499
0.386611
0.366825
0.393892
110.909
0.304314
0.286591
0.397258
0.307219
110.713
0.313773
0.472686
0.320867
0.397316
113.026
0.324981
0.330473
0.32723
0.322498
110.794