1.1921e-10
1.1921e-10
1.1921e-10
1.1921e-10
0.713
1.1921e-10
1.1921e-10
1.1921e-10
1.1921e-10
0.732
1.1921e-10
1.1921e-10
1.1921e-10
1.1921e-10
0.731
1.1921e-10
1.1921e-10
1.1921e-10
1.1921e-10
0.69
1.1921e-10
1.1921e-10
1.1921e-10
1.1921e-10
0.708
1.1921e-10
1.1921e-10
1.1921e-10
1.1921e-10
0.707
1.1921e-10
1.1921e-10
1.1921e-10
1.1921e-10
0.719
1.1921e-10
1.1921e-10
1.1921e-10
1.1921e-10
0.718
1.1921e-10
1.1921e-10
1.1921e-10
1.1921e-10
0.693
1.1921e-10
1.1921e-10
1.1921e-10
1.1921e-10
0.727
1.1921e-10
1.1921e-10
1.1921e-10
1.1921e-10
0.689
1.1921e-10
1.1921e-10
1.1921e-10
1.1921e-10
0.723
1.1921e-10
1.1921e-10
1.1921e-10
1.1921e-10
0.699
1.1921e-10
1.1921e-10
1.1921e-10
1.1921e-10
0.704
1.1921e-10
1.1921e-10
1.1921e-10
1.1921e-10
0.704
1.1921e-10
1.1921e-10
1.1921e-10
1.1921e-10
0.732
1.1921e-10
1.1921e-10
1.1921e-10
1.1921e-10
0.732
1.1921e-10
1.1921e-10
1.1921e-10
1.1921e-10
0.727
1.1921e-10
1.1921e-10
1.1921e-10
1.1921e-10
0.699
1.1921e-10
1.1921e-10
1.1921e-10
1.1921e-10
0.707
1.1921e-10
1.1921e-10
1.1921e-10
1.1921e-10
0.717
1.1921e-10
1.1921e-10
1.1921e-10
1.1921e-10
0.717
1.1921e-10
1.1921e-10
1.1921e-10
1.1921e-10
0.671
1.1921e-10
1.1921e-10
1.1921e-10
1.1921e-10
0.724
1.1921e-10
1.1921e-10
1.1921e-10
1.1921e-10
0.725
1.1921e-10
1.1921e-10
1.1921e-10
1.1921e-10
0.735
1.1921e-10
1.1921e-10
1.1921e-10
1.1921e-10
0.732
1.1921e-10
1.1921e-10
1.1921e-10
1.1921e-10
0.728
1.1921e-10
1.1921e-10
1.1921e-10
1.1921e-10
0.736
1.1921e-10
1.1921e-10
1.1921e-10
1.1921e-10
0.735
2.38419e-10
2.38419e-10
2.38419e-10
2.38419e-10
1.439
2.38419e-10
2.38419e-10
2.38419e-10
2.38419e-10
1.423
2.38419e-10
2.38419e-10
2.38419e-10
2.38419e-10
1.41
2.38419e-10
2.38419e-10
2.38419e-10
2.38419e-10
1.395
2.38419e-10
2.38419e-10
2.38419e-10
2.38419e-10
1.426
2.38419e-10
2.38419e-10
2.38419e-10
2.38419e-10
1.41
2.38419e-10
2.38419e-10
2.38419e-10
2.38419e-10
1.401
2.38419e-10
2.38419e-10
2.38419e-10
2.38419e-10
1.414
2.38419e-10
2.38419e-10
2.38419e-10
2.38419e-10
1.418
2.38419e-10
2.38419e-10
2.38419e-10
2.38419e-10
1.439
2.38419e-10
2.38419e-10
2.38419e-10
2.38419e-10
1.398
2.38419e-10
2.38419e-10
2.38419e-10
2.38419e-10
1.435
2.38419e-10
2.38419e-10
2.38419e-10
2.38419e-10
1.422
2.38419e-10
2.38419e-10
2.38419e-10
2.38419e-10
1.387
2.38419e-10
2.38419e-10
2.38419e-10
2.38419e-10
1.417
2.38419e-10
2.38419e-10
2.38419e-10
2.38419e-10
1.407
2.38419e-10
2.38419e-10
2.38419e-10
2.38419e-10
1.394
2.38419e-10
2.38419e-10
2.38419e-10
2.38419e-10
1.37
2.38419e-10
2.38419e-10
2.38419e-10
2.38419e-10
1.399
2.38419e-10
2.38419e-10
2.38419e-10
2.38419e-10
1.41
2.38419e-10
2.38419e-10
2.38419e-10
2.38419e-10
1.347
2.38419e-10
2.38419e-10
2.38419e-10
2.38419e-10
1.372
2.38419e-10
2.38419e-10
2.38419e-10
2.38419e-10
1.392
2.38419e-10
2.38419e-10
2.38419e-10
2.38419e-10
1.423
2.38419e-10
2.38419e-10
2.38419e-10
2.38419e-10
1.398
2.38419e-10
2.38419e-10
2.38419e-10
2.38419e-10
1.415
2.38419e-10
2.38419e-10
2.38419e-10
2.38419e-10
1.414
2.38419e-10
2.38419e-10
2.38419e-10
2.38419e-10
1.403
2.38419e-10
2.38419e-10
2.38419e-10
2.38419e-10
1.43
2.38419e-10
2.38419e-10
2.38419e-10
2.38419e-10
1.436
0.00242153
0.000379236
0.000217787
0.000123701
4.187
0.00419798
0.000586425
0.000167927
0.000181556
4.196
0.00494668
0.000514245
0.000292386
0.000203128
4.184
0.00140067
0.000262234
0.000372775
0.000223326
4.171
0.00228311
0.000521169
0.000347179
0.000654718
4.236
0.00526596
0.000205032
0.00021736
0.000185256
4.226
0.000973789
0.000362697
0.000266965
0.000259921
4.156
0.00322306
0.000637309
0.000337105
0.000242109
4.207
0.00565705
0.000402326
0.000186683
6.53043e-05
4.171
0.00329206
0.00013523
0.000226573
0.000307688
4.171
0.000910103
0.000149154
0.000260782
0.00017638
4.234
0.00459556
0.000133063
0.000208439
0.000129851
4.25
0.00287993
0.000355604
0.000311124
0.000153093
4.112
0.00233433
0.000433588
0.000266786
0.000206054
4.207
0.0064235
0.000353843
0.00029988
0.000229457
4.225
0.00403175
0.00030168
0.000710327
8.17708e-05
4.155
0.000904738
0.000101729
0.00027412
0.000149951
4.156
0.00168458
0.000363912
0.000152245
9.66163e-05
4.101
0.00438156
0.000138425
0.000154215
0.000250442
4.114
0.00158404
0.000365776
0.00012542
0.000276814
4.198
0.00121343
0.0004494
0.000192561
0.000202276
4.179
0.00454647
0.000213
0.00011261
0.000133278
4.11
0.00238408
0.000623448
0.000267967
0.000231256
4.206
0.00209129
0.00031039
0.000119385
0.000433481
4.134
0.00278863
0.000216927
9.3151e-05
0.000487562
4.214
0.00114166
0.000329387
0.000183524
0.000126118
4.163
0.00258133
0.000242295
0.000145708
0.000196186
4.088
0.00135575
0.000354153
0.000231161
0.000217332
4.207
0.00443032
0.000318142
6.08744e-05
0.000170629
4.241
0.00794036
0.000244075
0.000328889
0.000142611
4.154