1.1921e-10
1.1921e-10
1.1921e-10
1.1921e-10
9.665
1.1921e-10
1.1921e-10
1.1921e-10
1.1921e-10
9.538
1.1921e-10
1.1921e-10
1.1921e-10
1.1921e-10
8.994
1.1921e-10
1.1921e-10
1.1921e-10
1.1921e-10
9.378
1.1921e-10
1.1921e-10
1.1921e-10
1.1921e-10
9.464
1.1921e-10
1.1921e-10
1.1921e-10
1.1921e-10
9.425
1.1921e-10
1.1921e-10
1.1921e-10
1.1921e-10
9.056
1.1921e-10
1.1921e-10
1.1921e-10
1.1921e-10
8.44
1.1921e-10
1.1921e-10
1.1921e-10
1.1921e-10
9.911
1.1921e-10
1.1921e-10
1.1921e-10
1.1921e-10
9.135
1.1921e-10
1.1921e-10
1.1921e-10
1.1921e-10
9.825
1.1921e-10
1.1921e-10
1.1921e-10
1.1921e-10
9.433
1.1921e-10
1.1921e-10
1.1921e-10
1.1921e-10
9.175
1.1921e-10
1.1921e-10
1.1921e-10
1.1921e-10
9.237
1.1921e-10
1.1921e-10
1.1921e-10
1.1921e-10
8.068
1.1921e-10
1.1921e-10
1.1921e-10
1.1921e-10
9.025
1.1921e-10
1.1921e-10
1.1921e-10
1.1921e-10
9.65
1.1921e-10
1.1921e-10
1.1921e-10
1.1921e-10
9.554
1.1921e-10
1.1921e-10
1.1921e-10
1.1921e-10
9.372
1.1921e-10
1.1921e-10
1.1921e-10
1.1921e-10
9.578
1.1921e-10
1.1921e-10
1.1921e-10
1.1921e-10
9.492
1.1921e-10
1.1921e-10
1.1921e-10
1.1921e-10
9.412
1.1921e-10
1.1921e-10
1.1921e-10
1.1921e-10
9.316
1.1921e-10
1.1921e-10
1.1921e-10
1.1921e-10
9.651
1.1921e-10
1.1921e-10
1.1921e-10
1.1921e-10
9.883
1.1921e-10
1.1921e-10
1.1921e-10
1.1921e-10
9.48
1.1921e-10
1.1921e-10
1.1921e-10
1.1921e-10
9.407
1.1921e-10
1.1921e-10
1.1921e-10
1.1921e-10
9.937
1.1921e-10
1.1921e-10
1.1921e-10
1.1921e-10
9.801
1.1921e-10
1.1921e-10
1.1921e-10
1.1921e-10
9.3
2.38419e-10
2.38419e-10
2.38419e-10
2.38419e-10
18.8
4.29154e-10
2.38419e-10
2.38419e-10
2.38419e-10
18.939
2.38419e-10
2.38419e-10
2.38419e-10
2.38419e-10
17.688
2.38419e-10
2.38419e-10
2.38419e-10
2.38419e-10
16.648
8.10625e-10
2.38419e-10
2.38419e-10
2.38419e-10
18.371
2.33651e-09
2.38419e-10
2.38419e-10
2.38419e-10
18.232
2.38419e-10
2.38419e-10
2.38419e-10
2.38419e-10
17.686
2.38419e-10
2.38419e-10
2.38419e-10
2.38419e-10
18.83
4.29154e-10
2.38419e-10
2.38419e-10
2.38419e-10
18.605
2.38419e-10
2.38419e-10
2.38419e-10
2.38419e-10
17.3
2.38419e-10
2.38419e-10
2.38419e-10
2.38419e-10
17.703
2.38419e-10
2.38419e-10
2.38419e-10
2.38419e-10
18.59
2.38419e-10
2.38419e-10
2.38419e-10
2.38419e-10
16.242
2.38419e-10
2.38419e-10
2.38419e-10
2.38419e-10
18.784
2.38419e-10
2.38419e-10
2.38419e-10
2.38419e-10
19.243
2.38419e-10
2.38419e-10
2.38419e-10
2.38419e-10
18.882
2.38419e-10
2.38419e-10
2.38419e-10
2.38419e-10
18.734
2.38419e-10
2.38419e-10
2.38419e-10
2.38419e-10
18.389
2.38419e-10
2.38419e-10
2.38419e-10
2.38419e-10
18.749
2.38419e-10
2.38419e-10
2.38419e-10
2.38419e-10
17.622
8.10625e-10
2.38419e-10
2.38419e-10
2.38419e-10
18.714
2.38419e-10
2.38419e-10
2.38419e-10
2.38419e-10
18.759
2.38419e-10
2.38419e-10
2.38419e-10
2.38419e-10
19.317
2.38419e-10
2.38419e-10
2.38419e-10
2.38419e-10
19.324
2.38419e-10
2.38419e-10
2.38419e-10
2.38419e-10
18.455
2.38419e-10
2.38419e-10
2.38419e-10
2.38419e-10
17.635
2.38419e-10
2.38419e-10
2.38419e-10
2.38419e-10
17.526
8.10625e-10
2.38419e-10
2.38419e-10
2.38419e-10
18.445
2.38419e-10
2.38419e-10
2.38419e-10
2.38419e-10
17.835
2.38419e-10
2.38419e-10
2.38419e-10
2.38419e-10
18.734
0.193915
0.160653
0.219293
0.192252
55.368
0.219166
0.193997
0.28706
0.215509
54.562
0.194071
0.183242
0.216086
0.24579
55.143
0.227232
0.269065
0.159558
0.188788
55.828
0.153229
0.132795
0.108942
0.158971
55.546
0.152286
0.245019
0.23539
0.203853
56.28
0.168115
0.196021
0.163076
0.185221
55.368
0.163715
0.182285
0.157616
0.222068
54.279
0.238466
0.149488
0.187869
0.252429
55.285
0.23978
0.105621
0.175623
0.207823
55.759
0.28591
0.195734
0.211426
0.210258
55.259
0.174656
0.207735
0.21405
0.174975
56.171
0.172632
0.154903
0.218197
0.249767
55.287
0.18448
0.208546
0.22812
0.177528
53.712
0.176878
0.23235
0.252155
0.156046
53.948
0.224641
0.182385
0.132065
0.178289
55.381
0.174015
0.174484
0.201888
0.203725
54.49
0.217877
0.224292
0.131743
0.149441
55.117
0.193371
0.142452
0.168791
0.14864
55.298
0.191131
0.224792
0.158558
0.244723
56.164
0.189857
0.254112
0.292737
0.194383
56.195
0.162433
0.165952
0.177698
0.143899
56.486
0.196125
0.165806
0.118546
0.173285
56.562
0.253835
0.172053
0.272496
0.143416
55.725
0.230245
0.190632
0.148341
0.17671
54.784
0.177178
0.205279
0.242123
0.162196
54.983
0.187255
0.22995
0.270744
0.238556
55.627
0.21283
0.163549
0.15198
0.159501
55.523
0.244731
0.165246
0.22481
0.152711
55.481
0.194843
0.167361
0.164265
0.230507
55.926