1.1921e-10
1.1921e-10
1.1921e-10
1.1921e-10
18.727
1.1921e-10
1.1921e-10
1.1921e-10
1.1921e-10
19.078
1.1921e-10
1.1921e-10
1.1921e-10
1.1921e-10
18.701
1.1921e-10
1.1921e-10
1.1921e-10
1.1921e-10
19.193
1.1921e-10
1.1921e-10
1.1921e-10
1.1921e-10
18.903
1.1921e-10
1.1921e-10
1.1921e-10
1.1921e-10
19.219
1.1921e-10
1.1921e-10
1.1921e-10
1.1921e-10
19.119
1.1921e-10
1.1921e-10
1.1921e-10
1.1921e-10
19.091
1.1921e-10
1.1921e-10
1.1921e-10
1.1921e-10
19.402
1.1921e-10
1.1921e-10
1.1921e-10
1.1921e-10
18.937
1.1921e-10
1.1921e-10
1.1921e-10
1.1921e-10
19.288
1.1921e-10
1.1921e-10
1.1921e-10
1.1921e-10
17.14
1.1921e-10
1.1921e-10
1.1921e-10
1.1921e-10
19.189
1.1921e-10
1.1921e-10
1.1921e-10
1.1921e-10
19.243
1.1921e-10
1.1921e-10
1.1921e-10
1.1921e-10
18.881
1.1921e-10
1.1921e-10
1.1921e-10
1.1921e-10
19.143
1.1921e-10
1.1921e-10
1.1921e-10
1.1921e-10
18.93
1.1921e-10
1.1921e-10
1.1921e-10
1.1921e-10
19.1
1.1921e-10
1.1921e-10
1.1921e-10
1.1921e-10
18.72
1.1921e-10
1.1921e-10
1.1921e-10
1.1921e-10
18.985
1.1921e-10
1.1921e-10
1.1921e-10
1.1921e-10
19.31
1.1921e-10
1.1921e-10
1.1921e-10
1.1921e-10
17.02
1.1921e-10
1.1921e-10
1.1921e-10
1.1921e-10
18.924
1.1921e-10
1.1921e-10
1.1921e-10
1.1921e-10
19.159
1.1921e-10
1.1921e-10
1.1921e-10
1.1921e-10
19.254
1.1921e-10
1.1921e-10
1.1921e-10
1.1921e-10
19.191
1.1921e-10
1.1921e-10
1.1921e-10
1.1921e-10
18.648
1.1921e-10
1.1921e-10
1.1921e-10
1.1921e-10
18.97
1.1921e-10
1.1921e-10
1.1921e-10
1.1921e-10
19.289
1.1921e-10
1.1921e-10
1.1921e-10
1.1921e-10
19.278
2.38419e-10
2.38419e-10
2.38419e-10
2.38419e-10
37.683
8.10625e-10
2.38419e-10
2.38419e-10
2.38419e-10
38.075
4.29154e-10
2.38419e-10
2.38419e-10
2.38419e-10
37.747
2.38419e-10
2.38419e-10
2.38419e-10
2.38419e-10
36.313
2.38419e-10
2.38419e-10
2.38419e-10
2.38419e-10
36.969
2.38419e-10
2.38419e-10
2.38419e-10
2.38419e-10
37.536
2.38419e-10
2.38419e-10
2.38419e-10
2.38419e-10
37.123
2.38419e-10
2.38419e-10
2.38419e-10
2.38419e-10
37.071
2.38419e-10
2.38419e-10
2.38419e-10
2.38419e-10
37.363
2.38419e-10
2.38419e-10
2.38419e-10
2.38419e-10
36.755
8.10625e-10
2.38419e-10
2.38419e-10
2.38419e-10
37.611
2.38419e-10
2.38419e-10
2.38419e-10
2.38419e-10
37.097
4.29154e-10
2.38419e-10
2.38419e-10
2.38419e-10
38.013
2.38419e-10
2.38419e-10
2.38419e-10
2.38419e-10
37.961
2.38419e-10
2.38419e-10
2.38419e-10
2.38419e-10
37.668
2.38419e-10
2.38419e-10
2.38419e-10
2.38419e-10
37.768
2.38419e-10
2.38419e-10
2.38419e-10
2.38419e-10
36.976
2.38419e-10
2.38419e-10
2.38419e-10
2.38419e-10
36.787
2.38419e-10
2.38419e-10
2.38419e-10
2.38419e-10
36.216
2.38419e-10
2.38419e-10
2.38419e-10
2.38419e-10
37.212
2.38419e-10
2.38419e-10
2.38419e-10
2.38419e-10
37.614
4.29154e-10
2.38419e-10
2.38419e-10
2.38419e-10
37.889
2.38419e-10
2.38419e-10
2.38419e-10
2.38419e-10
37.164
4.29154e-10
2.38419e-10
2.38419e-10
2.38419e-10
37.602
2.38419e-10
2.38419e-10
2.38419e-10
2.38419e-10
36.986
2.38419e-10
2.38419e-10
2.38419e-10
2.38419e-10
37.495
4.29154e-10
2.38419e-10
2.38419e-10
2.38419e-10
37.336
2.38419e-10
2.38419e-10
2.38419e-10
2.38419e-10
37.58
2.38419e-10
2.38419e-10
2.38419e-10
2.38419e-10
37.217
2.38419e-10
2.38419e-10
2.38419e-10
2.38419e-10
37.687
0.0397131
0.0250092
0.0429779
0.0294188
112.502
0.0363468
0.0383769
0.0421626
0.0269306
111.723
0.0302461
0.0472537
0.03585
0.0339879
112.045
0.0333357
0.0338245
0.0390194
0.0370778
111.46
0.0387495
0.0510493
0.0460221
0.0344432
108.167
0.0305747
0.0350172
0.0384457
0.027893
112.12
0.0327687
0.0397573
0.0363513
0.0434178
108.742
0.035293
0.0335516
0.0369696
0.0374595
111.765
0.0327968
0.0252373
0.0446869
0.0422585
112.62
0.0294836
0.0395085
0.0307525
0.0354412
111.971
0.0338935
0.035925
0.0351844
0.0354952
111.386
0.028961
0.030119
0.0366672
0.0329538
112.248
0.0371329
0.0261177
0.0348681
0.0431568
110.923
0.0278741
0.0376622
0.0363373
0.037064
110.528
0.0336461
0.0267501
0.0371797
0.0390511
112.201
0.0331312
0.0334633
0.0333375
0.031953
112.397
0.0343171
0.0340771
0.0449876
0.0342724
108.507
0.0333818
0.0277195
0.0331587
0.0381006
111.57
0.0455966
0.0407881
0.0271975
0.0385898
112.023
0.0352343
0.0297344
0.0421121
0.0311064
111.994
0.0341568
0.0345647
0.0295638
0.0328508
112.568
0.032342
0.0416808
0.0290232
0.0250621
111.863
0.034447
0.0368072
0.0269611
0.024921
108.264
0.0321396
0.0323715
0.0292484
0.0322087
110.953
0.0394523
0.0434317
0.0314816
0.0394443
111.166
0.0373873
0.0349006
0.0302059
0.033565
111.486
0.0365278
0.031819
0.0401006
0.0321845
110.834
0.0377047
0.0378548
0.038734
0.038608
111.701
0.0395479
0.0515178
0.0352345
0.0261149
110.769
0.0275477
0.0338308
0.0477121
0.0392136
108.093