1.1921e-10
1.1921e-10
1.1921e-10
1.1921e-10
20.362
1.1921e-10
1.1921e-10
1.1921e-10
1.1921e-10
20.627
1.1921e-10
1.1921e-10
1.1921e-10
1.1921e-10
20.841
1.1921e-10
1.1921e-10
1.1921e-10
1.1921e-10
20.172
1.1921e-10
1.1921e-10
1.1921e-10
1.1921e-10
21.08
1.1921e-10
1.1921e-10
1.1921e-10
1.1921e-10
20.323
1.1921e-10
1.1921e-10
1.1921e-10
1.1921e-10
21.112
1.1921e-10
1.1921e-10
1.1921e-10
1.1921e-10
21.024
1.1921e-10
1.1921e-10
1.1921e-10
1.1921e-10
20.704
1.1921e-10
1.1921e-10
1.1921e-10
1.1921e-10
20.783
1.1921e-10
1.1921e-10
1.1921e-10
1.1921e-10
21.797
1.1921e-10
1.1921e-10
1.1921e-10
1.1921e-10
20.729
1.1921e-10
1.1921e-10
1.1921e-10
1.1921e-10
19.573
1.1921e-10
1.1921e-10
1.1921e-10
1.1921e-10
20.347
1.1921e-10
1.1921e-10
1.1921e-10
1.1921e-10
20.047
1.1921e-10
1.1921e-10
1.1921e-10
1.1921e-10
21.552
1.1921e-10
1.1921e-10
1.1921e-10
1.1921e-10
21.108
1.1921e-10
1.1921e-10
1.1921e-10
1.1921e-10
20.907
1.1921e-10
1.1921e-10
1.1921e-10
1.1921e-10
21.349
1.1921e-10
1.1921e-10
1.1921e-10
1.1921e-10
20.553
1.1921e-10
1.1921e-10
1.1921e-10
1.1921e-10
20.955
1.1921e-10
1.1921e-10
1.1921e-10
1.1921e-10
21.891
1.1921e-10
1.1921e-10
1.1921e-10
1.1921e-10
20.095
1.1921e-10
1.1921e-10
1.1921e-10
1.1921e-10
20.299
1.1921e-10
1.1921e-10
1.1921e-10
1.1921e-10
20.874
1.1921e-10
1.1921e-10
1.1921e-10
1.1921e-10
19.851
1.1921e-10
1.1921e-10
1.1921e-10
1.1921e-10
21.696
1.1921e-10
1.1921e-10
1.1921e-10
1.1921e-10
21.36
1.1921e-10
1.1921e-10
1.1921e-10
1.1921e-10
21.364
1.1921e-10
1.1921e-10
1.1921e-10
1.1921e-10
20.775
6.19889e-10
6.19889e-10
6.19889e-10
8.10625e-10
37.282
2.38419e-10
2.38419e-10
4.29154e-10
1.57357e-09
40.532
2.38419e-10
2.38419e-10
2.38419e-10
4.29154e-10
39.154
1.00136e-09
6.19889e-10
1.1921e-09
4.29154e-10
39.483
2.38419e-10
4.29154e-10
2.38419e-10
4.29154e-10
38.95
8.10625e-10
6.19889e-10
8.10625e-10
1.95504e-09
39.227
2.38419e-10
6.19889e-10
8.10625e-10
1.1921e-09
39.059
8.10625e-10
8.10625e-10
4.29154e-10
4.29154e-10
39.186
2.38419e-10
6.19889e-10
4.29154e-10
4.29154e-10
38.602
4.29154e-10
8.10625e-10
2.38419e-10
8.10625e-10
39.525
4.29154e-10
2.38419e-10
6.19889e-10
6.19889e-10
40.641
2.38419e-10
2.38419e-10
4.29154e-10
2.38419e-10
39.018
4.29154e-10
4.29154e-10
4.29154e-10
4.29154e-10
39.552
2.38419e-10
2.38419e-10
2.38419e-10
1.00136e-09
37.246
8.10625e-10
4.29154e-10
2.38419e-10
8.10625e-10
39.877
2.38419e-10
6.19889e-10
6.19889e-10
1.95504e-09
39.135
2.38419e-10
4.29154e-10
2.71798e-09
4.29154e-10
38.844
4.29154e-10
1.1921e-09
4.29154e-10
2.38419e-10
40.374
1.7643e-09
8.10625e-10
4.29154e-10
6.19889e-10
39.224
6.19889e-10
8.10625e-10
2.38419e-10
2.38419e-10
38.59
4.29154e-10
1.00136e-09
2.38419e-10
4.29154e-10
38.33
4.29154e-10
2.38419e-10
2.38419e-10
2.38419e-10
39.2
2.38419e-10
4.29154e-10
4.29154e-10
2.38419e-10
37.711
8.10625e-10
2.38419e-10
1.1921e-09
2.71798e-09
39.087
1.00136e-09
8.10625e-10
4.29154e-10
4.29154e-10
39.393
1.00136e-09
2.38419e-10
2.38419e-10
6.19889e-10
39.872
2.38419e-10
4.29154e-10
2.38419e-10
4.29154e-10
39.227
6.19889e-10
1.57357e-09
1.38283e-09
1.00136e-09
38.813
1.38283e-09
2.38419e-10
2.38419e-10
4.29154e-10
39.256
1.00136e-09
2.38419e-10
2.38419e-10
2.38419e-10
38.214
0.0682148
0.0809129
0.0907726
0.0687494
112.314
0.0848467
0.0639976
0.0824357
0.0783346
108.426
0.0725533
0.0652098
0.0769472
0.0625163
115.144
0.107767
0.0645904
0.0821412
0.0869223
115.548
0.0817667
0.0660506
0.0754085
0.0329286
110.918
0.0753033
0.085256
0.0599807
0.0616978
108.34
0.0562394
0.0775228
0.0699841
0.0476589
113.286
0.0699289
0.0577434
0.0542805
0.0607595
111.939
0.0646722
0.056767
0.0856528
0.0684421
111.399
0.136734
0.0859374
0.115637
0.0396989
112.749
0.0934636
0.092745
0.0412799
0.0708974
111.225
0.0717002
0.0567324
0.0667689
0.0748738
111.509
0.0512785
0.0537642
0.0581904
0.0606577
107.936
0.0687441
0.104201
0.110807
0.042896
110.555
0.0827314
0.0847111
0.0729975
0.0817116
112.626
0.0527903
0.121031
0.0824649
0.126248
112.968
0.067103
0.0864509
0.0806123
0.0446966
109.832
0.0594493
0.0788719
0.0654311
0.0572714
111.539
0.100653
0.0747723
0.072161
0.139186
109.607
0.100525
0.0738808
0.0487958
0.0731602
115.229
0.0808736
0.0774462
0.0614627
0.0739076
113.322
0.074776
0.0697234
0.0639814
0.0817416
115.082
0.0588698
0.0564635
0.119512
0.0472753
110.109
0.0681873
0.12889
0.0636734
0.0579579
110.456
0.0952626
0.0619631
0.0793545
0.0732308
111.397
0.0459132
0.0522018
0.0828907
0.084546
113.635
0.0943878
0.0718568
0.0573809
0.0742966
112.786
0.0684453
0.0904021
0.0393278
0.0488815
106.516
0.0873513
0.0782046
0.0376959
0.053852
112.107
0.0539187
0.0748171
0.0879748
0.136947
112.562