1.1921e-10
1.1921e-10
1.1921e-10
1.1921e-10
2.04
1.1921e-10
1.1921e-10
1.1921e-10
1.1921e-10
1.963
1.1921e-10
1.1921e-10
1.1921e-10
1.1921e-10
2.09
1.1921e-10
1.1921e-10
1.1921e-10
1.1921e-10
2.195
1.1921e-10
1.1921e-10
1.1921e-10
1.1921e-10
2.218
1.1921e-10
1.1921e-10
1.1921e-10
1.1921e-10
2.201
1.1921e-10
1.1921e-10
1.1921e-10
1.1921e-10
2.043
1.1921e-10
1.1921e-10
1.1921e-10
1.1921e-10
2.133
1.1921e-10
1.1921e-10
1.1921e-10
1.1921e-10
2.234
1.1921e-10
1.1921e-10
1.1921e-10
1.1921e-10
2.217
1.1921e-10
1.1921e-10
1.1921e-10
1.1921e-10
2.292
1.1921e-10
1.1921e-10
1.1921e-10
1.1921e-10
2.142
1.1921e-10
1.1921e-10
1.1921e-10
1.1921e-10
1.94
1.1921e-10
1.1921e-10
1.1921e-10
1.1921e-10
2.303
1.1921e-10
1.1921e-10
1.1921e-10
1.1921e-10
2.291
1.1921e-10
1.1921e-10
1.1921e-10
1.1921e-10
1.907
1.1921e-10
1.1921e-10
1.1921e-10
1.1921e-10
2.06
1.1921e-10
1.1921e-10
1.1921e-10
1.1921e-10
2.184
1.1921e-10
1.1921e-10
1.1921e-10
1.1921e-10
2.207
1.1921e-10
1.1921e-10
1.1921e-10
1.1921e-10
1.903
1.1921e-10
1.1921e-10
1.1921e-10
1.1921e-10
1.844
1.1921e-10
1.1921e-10
1.1921e-10
1.1921e-10
2.161
1.1921e-10
1.1921e-10
1.1921e-10
1.1921e-10
2.129
1.1921e-10
1.1921e-10
1.1921e-10
1.1921e-10
1.78
1.1921e-10
1.1921e-10
1.1921e-10
1.1921e-10
2.044
1.1921e-10
1.1921e-10
1.1921e-10
1.1921e-10
1.795
1.1921e-10
1.1921e-10
1.1921e-10
1.1921e-10
2.011
1.1921e-10
1.1921e-10
1.1921e-10
1.1921e-10
1.834
1.1921e-10
1.1921e-10
1.1921e-10
1.1921e-10
2.032
1.1921e-10
1.1921e-10
1.1921e-10
1.1921e-10
2.265
5.0068e-09
4.62533e-09
2.71798e-09
3.09945e-09
4.19
3.29018e-09
2.33651e-09
4.24386e-09
2.71798e-09
3.998
1.38283e-09
1.11103e-08
2.33651e-09
6.91415e-09
4.121
9.96592e-09
4.24386e-09
1.09196e-08
1.00136e-09
3.859
1.37806e-08
2.14577e-09
2.90871e-09
5.38827e-09
3.594
1.11103e-08
2.33651e-09
2.14577e-09
2.33651e-09
4.107
2.52724e-09
1.38283e-09
2.33651e-09
1.00136e-09
3.936
6.72342e-09
2.33651e-09
1.00136e-09
1.95504e-09
4.112
1.22547e-08
2.90871e-09
5.76974e-09
1.1921e-09
4.069
4.62533e-09
2.14577e-09
2.14577e-09
6.72342e-09
3.926
5.38827e-09
2.71798e-09
3.86239e-09
5.96048e-09
3.871
5.96048e-09
1.57357e-09
4.62533e-09
5.19753e-09
3.936
3.67165e-09
8.10625e-10
1.1921e-09
3.09945e-09
3.903
5.38827e-09
8.10625e-10
1.57357e-09
1.00136e-09
3.895
2.33651e-09
5.76974e-09
4.43459e-09
2.33651e-09
3.561
7.29562e-09
4.43459e-09
3.09945e-09
5.19753e-09
4.095
8.44003e-09
6.15121e-09
7.67709e-09
8.10625e-10
3.993
1.7643e-09
2.71798e-09
3.67165e-09
1.38283e-09
4.067
9.39371e-09
4.81606e-09
1.7643e-09
3.86239e-09
3.948
2.33651e-09
6.19889e-10
6.15121e-09
2.90871e-09
3.926
2.14577e-09
1.1921e-09
1.22547e-08
3.48092e-09
3.897
2.71798e-09
2.33651e-09
1.7643e-09
6.34195e-09
3.745
3.86239e-09
1.00136e-09
4.05312e-09
1.03474e-08
3.983
1.66416e-08
2.33651e-09
4.05312e-09
2.90871e-09
3.828
8.8215e-09
2.52724e-09
6.19889e-10
1.1921e-09
3.92
1.13011e-08
2.33651e-09
2.14577e-09
3.29018e-09
3.802
2.52724e-09
4.24386e-09
1.38283e-09
6.34195e-09
3.964
4.62533e-09
2.14577e-09
9.01224e-09
6.34195e-09
3.973
1.5688e-08
2.90871e-09
5.38827e-09
4.43459e-09
3.468
9.58445e-09
2.52724e-09
2.71798e-09
4.43459e-09
3.697
0.161425
0.16563
0.124633
0.139867
11.721
0.222406
0.145802
0.123142
0.125679
11.478
0.222927
0.0786843
0.123902
0.11679
11.698
0.181336
0.150743
0.120247
0.163603
10.651
0.14464
0.144456
0.0893385
0.180091
10.213
0.172551
0.196635
0.0911058
0.109454
11.532
0.155586
0.210087
0.121208
0.138475
10.651
0.144529
0.235627
0.0882065
0.162046
11.173
0.116132
0.182009
0.128175
0.146611
10.796
0.146743
0.142014
0.26112
0.124738
11.04
0.113143
0.118416
0.129707
0.151324
11.122
0.133341
0.121137
0.136974
0.102563
10.535
0.192007
0.121855
0.141277
0.131493
11.366
0.179839
0.2008
0.106293
0.168727
11.3
0.220292
0.157232
0.0697555
0.178929
10.708
0.118761
0.151677
0.133409
0.149653
11.302
0.150021
0.166247
0.133798
0.20792
10.788
0.0941018
0.133623
0.155883
0.193665
11.416
0.132391
0.137545
0.143884
0.0995438
9.994
0.190499
0.115523
0.126705
0.0772532
10.694
0.148366
0.140898
0.177396
0.210972
10.644
0.10969
0.125959
0.157653
0.151235
11.685
0.199851
0.172716
0.145237
0.256182
11.305
0.1923
0.141621
0.137539
0.144536
11.714
0.139957
0.0981164
0.127787
0.204706
10.641
0.18657
0.149996
0.173288
0.111499
11.305
0.166855
0.154617
0.179065
0.161945
11.473
0.121505
0.131583
0.117639
0.160145
10.772
0.17113
0.170679
0.117684
0.122789
10.331
0.186478
0.174591
0.200254
0.155393
11.078