1.1921e-10
1.1921e-10
1.1921e-10
1.1921e-10
13.454
1.1921e-10
1.1921e-10
1.1921e-10
1.1921e-10
13.259
1.1921e-10
1.1921e-10
1.1921e-10
1.1921e-10
13.936
1.1921e-10
1.1921e-10
1.1921e-10
1.1921e-10
10.813
1.1921e-10
1.1921e-10
1.1921e-10
1.1921e-10
13.954
1.1921e-10
1.1921e-10
1.1921e-10
1.1921e-10
14.174
1.1921e-10
1.1921e-10
1.1921e-10
1.1921e-10
13.879
1.1921e-10
1.1921e-10
1.1921e-10
1.1921e-10
13.746
1.1921e-10
1.1921e-10
1.1921e-10
1.1921e-10
12.655
1.1921e-10
1.1921e-10
1.1921e-10
1.1921e-10
12.227
1.1921e-10
1.1921e-10
1.1921e-10
1.1921e-10
13.254
1.1921e-10
1.1921e-10
1.1921e-10
1.1921e-10
13.425
1.1921e-10
1.1921e-10
1.1921e-10
1.1921e-10
13.934
1.1921e-10
1.1921e-10
1.1921e-10
1.1921e-10
13.126
1.1921e-10
1.1921e-10
1.1921e-10
1.1921e-10
14.268
1.1921e-10
1.1921e-10
1.1921e-10
1.1921e-10
14.368
1.1921e-10
1.1921e-10
1.1921e-10
1.1921e-10
14.434
1.1921e-10
1.1921e-10
1.1921e-10
1.1921e-10
14.028
1.1921e-10
1.1921e-10
1.1921e-10
1.1921e-10
14.022
1.1921e-10
1.1921e-10
1.1921e-10
1.1921e-10
13.763
1.1921e-10
1.1921e-10
1.1921e-10
1.1921e-10
13
1.1921e-10
1.1921e-10
1.1921e-10
1.1921e-10
14.278
1.1921e-10
1.1921e-10
1.1921e-10
1.1921e-10
12.917
1.1921e-10
1.1921e-10
1.1921e-10
1.1921e-10
11.653
1.1921e-10
1.1921e-10
1.1921e-10
1.1921e-10
14.439
1.1921e-10
1.1921e-10
1.1921e-10
1.1921e-10
14.015
1.1921e-10
1.1921e-10
1.1921e-10
1.1921e-10
14.308
1.1921e-10
1.1921e-10
1.1921e-10
1.1921e-10
14.264
1.1921e-10
1.1921e-10
1.1921e-10
1.1921e-10
13.171
1.1921e-10
1.1921e-10
1.1921e-10
1.1921e-10
14.075
2.38419e-10
2.38419e-10
2.38419e-10
2.38419e-10
26.777
2.38419e-10
2.38419e-10
2.38419e-10
2.38419e-10
27.626
2.38419e-10
2.38419e-10
2.38419e-10
2.38419e-10
28.375
2.38419e-10
2.38419e-10
2.38419e-10
2.38419e-10
27.499
2.38419e-10
2.38419e-10
2.38419e-10
2.38419e-10
27.553
2.38419e-10
2.38419e-10
2.38419e-10
2.38419e-10
26.55
2.38419e-10
2.38419e-10
2.38419e-10
2.38419e-10
27.485
2.38419e-10
2.38419e-10
2.38419e-10
2.38419e-10
26.92
2.38419e-10
2.38419e-10
2.38419e-10
2.38419e-10
27.586
2.38419e-10
2.38419e-10
2.38419e-10
2.38419e-10
26.583
2.38419e-10
2.38419e-10
2.38419e-10
2.38419e-10
28.443
2.38419e-10
2.38419e-10
2.38419e-10
2.38419e-10
27.496
2.38419e-10
2.38419e-10
2.38419e-10
2.38419e-10
27.401
2.38419e-10
2.38419e-10
2.38419e-10
2.38419e-10
26.554
2.38419e-10
2.38419e-10
2.38419e-10
2.38419e-10
27.347
2.38419e-10
2.38419e-10
2.38419e-10
2.38419e-10
27.244
2.38419e-10
2.38419e-10
2.38419e-10
2.38419e-10
27.892
2.38419e-10
2.38419e-10
2.38419e-10
2.38419e-10
27.446
2.38419e-10
2.38419e-10
2.38419e-10
2.38419e-10
27.519
2.38419e-10
2.38419e-10
2.38419e-10
2.38419e-10
27.029
2.38419e-10
2.38419e-10
2.38419e-10
2.38419e-10
25.885
2.38419e-10
2.38419e-10
2.38419e-10
2.38419e-10
27.499
2.38419e-10
2.38419e-10
2.38419e-10
2.38419e-10
28.434
2.38419e-10
2.38419e-10
2.38419e-10
2.38419e-10
26.562
2.38419e-10
2.38419e-10
2.38419e-10
2.38419e-10
26.796
2.38419e-10
2.38419e-10
2.38419e-10
2.38419e-10
26.363
2.38419e-10
2.38419e-10
2.38419e-10
2.38419e-10
27.507
2.38419e-10
2.38419e-10
2.38419e-10
2.38419e-10
27.384
2.38419e-10
2.38419e-10
2.38419e-10
2.38419e-10
27.253
2.38419e-10
2.38419e-10
2.38419e-10
2.38419e-10
26.388
1.08108e-05
6.33465e-06
8.85484e-06
2.13093e-05
80.857
1.09604e-05
2.82005e-05
1.28517e-05
1.86621e-05
80.187
9.89243e-06
7.99862e-06
1.73771e-05
2.16572e-05
78.465
1.20781e-05
2.27798e-05
4.83891e-06
9.97636e-06
84.357
2.09442e-06
8.85426e-06
1.11276e-05
5.1025e-06
73.835
6.99345e-06
3.3134e-06
5.9095e-06
5.95089e-06
82.566
8.01808e-06
1.58878e-05
1.30205e-05
1.93687e-05
77.766
9.73126e-06
3.38474e-06
1.0478e-05
9.3044e-06
76.205
4.89479e-06
8.46974e-06
1.00643e-05
4.78836e-06
84.363
5.12901e-06
3.51654e-06
4.95049e-06
3.2411e-05
82.346
6.85612e-06
2.77483e-05
1.29804e-05
6.60855e-06
78.148
6.83266e-06
1.70406e-05
1.48921e-06
8.03143e-06
80.54
8.82985e-06
1.12505e-05
1.16808e-05
5.48035e-06
79.013
1.47236e-05
1.53461e-05
6.97667e-06
1.50465e-05
82.035
8.72208e-06
4.56329e-06
7.89563e-06
7.7604e-06
79.199
2.16461e-05
7.25972e-06
4.04106e-06
7.95285e-06
77.541
8.74364e-06
1.25416e-05
1.39351e-05
1.80195e-05
84.232
1.33163e-05
1.24565e-05
9.14342e-06
3.46008e-06
80.079
8.7114e-06
5.20416e-06
1.14578e-05
2.02707e-05
73.443
8.09132e-06
6.08536e-06
1.33476e-05
9.51974e-06
84.188
7.83593e-06
1.27424e-05
1.28565e-05
9.74976e-06
71.597
1.08701e-05
1.18646e-05
1.20926e-05
6.96541e-06
79.973
5.65201e-06
1.31853e-05
1.21183e-05
1.52067e-05
78.964
7.22767e-06
4.98081e-06
4.75784e-06
1.55706e-05
84.449
1.00692e-05
1.53559e-05
1.18873e-05
1.7276e-05
75.682
2.53082e-06
1.38059e-05
6.73786e-06
1.09627e-05
74.948
8.28988e-06
6.83876e-06
2.35556e-05
1.34746e-05
78.795
3.87302e-06
5.93601e-06
7.52636e-06
1.88391e-05
80.575
1.19959e-05
3.05896e-06
1.04561e-05
4.13414e-06
82.15
3.42613e-06
4.37714e-06
1.39534e-05
1.06123e-05
84.327