1.1921e-10
1.1921e-10
1.1921e-10
1.1921e-10
1.925
1.1921e-10
1.1921e-10
1.1921e-10
1.1921e-10
1.968
1.1921e-10
1.1921e-10
1.1921e-10
1.1921e-10
1.758
1.1921e-10
1.1921e-10
1.1921e-10
1.1921e-10
1.929
1.1921e-10
3.09945e-10
1.1921e-10
1.1921e-10
1.897
1.1921e-10
1.1921e-10
1.1921e-10
1.1921e-10
1.896
1.1921e-10
1.1921e-10
1.1921e-10
1.1921e-10
1.797
1.1921e-10
1.1921e-10
3.09945e-10
1.1921e-10
1.925
1.1921e-10
1.1921e-10
1.1921e-10
1.1921e-10
1.928
1.1921e-10
1.1921e-10
1.1921e-10
1.1921e-10
1.77
1.1921e-10
1.1921e-10
1.1921e-10
1.1921e-10
1.77
1.1921e-10
1.1921e-10
1.1921e-10
1.1921e-10
1.833
1.1921e-10
1.1921e-10
1.1921e-10
1.1921e-10
1.829
1.1921e-10
1.1921e-10
1.1921e-10
1.1921e-10
1.831
1.1921e-10
1.1921e-10
1.1921e-10
1.1921e-10
1.976
3.09945e-10
1.1921e-10
1.1921e-10
1.1921e-10
1.851
1.1921e-10
1.1921e-10
1.1921e-10
1.1921e-10
1.831
1.1921e-10
1.1921e-10
1.1921e-10
1.1921e-10
1.859
1.1921e-10
1.1921e-10
1.1921e-10
1.1921e-10
1.949
1.1921e-10
1.1921e-10
1.1921e-10
1.1921e-10
1.676
1.1921e-10
1.1921e-10
1.1921e-10
1.1921e-10
2.011
1.1921e-10
1.1921e-10
1.1921e-10
1.1921e-10
1.975
1.1921e-10
1.1921e-10
1.1921e-10
1.1921e-10
1.902
1.1921e-10
1.1921e-10
1.1921e-10
1.1921e-10
1.916
3.09945e-10
1.1921e-10
1.1921e-10
1.1921e-10
1.643
3.09945e-10
1.1921e-10
1.1921e-10
1.1921e-10
1.664
1.1921e-10
1.1921e-10
1.1921e-10
1.1921e-10
1.891
1.1921e-10
1.1921e-10
1.1921e-10
1.1921e-10
1.847
1.1921e-10
1.1921e-10
1.1921e-10
1.1921e-10
1.901
1.1921e-10
1.1921e-10
1.1921e-10
1.1921e-10
1.89
0.000109784
7.47706e-06
1.15645e-05
2.8185e-05
3.639
6.50072e-05
1.93808e-05
2.11893e-06
1.42722e-05
3.555
4.04611e-05
1.12849e-05
6.96017e-06
2.64268e-06
3.737
1.24102e-05
1.35478e-05
2.19251e-05
8.90452e-06
3.731
1.90272e-05
7.75305e-06
4.0402e-06
7.01987e-06
3.633
1.80951e-05
7.17265e-06
1.65525e-06
9.60781e-07
3.815
1.68063e-05
2.80234e-05
1.14999e-06
9.08901e-07
3.594
1.0291e-05
1.39743e-05
7.69812e-06
2.98358e-05
3.827
2.40952e-05
5.92543e-06
8.69261e-06
2.35601e-06
3.766
3.9071e-05
7.48564e-06
5.00055e-06
2.08917e-06
3.634
2.41889e-05
4.09704e-06
3.12505e-06
9.64534e-06
3.808
1.7002e-05
2.87499e-05
9.88833e-06
1.65525e-06
3.639
1.35813e-05
3.25633e-05
1.46674e-05
8.72428e-06
3.904
4.76026e-05
2.85728e-05
1.10717e-05
2.75615e-05
3.771
3.79438e-05
8.80114e-06
6.79094e-05
5.39213e-06
3.365
1.83513e-05
1.34913e-05
3.91576e-05
1.02967e-05
3.347
6.64393e-06
2.7691e-05
3.12772e-06
1.84369e-06
3.576
5.56036e-06
7.29453e-06
9.30621e-06
3.96543e-06
3.803
3.99869e-05
2.39335e-05
2.7472e-05
1.95559e-05
3.534
1.1196e-05
1.98942e-06
1.03026e-05
4.08102e-06
3.679
6.14516e-06
7.86273e-06
4.37799e-06
4.35053e-06
3.673
3.54009e-06
1.35533e-05
7.49709e-06
8.30733e-06
3.588
1.93419e-05
1.30534e-05
3.37625e-06
8.63406e-06
3.174
4.67153e-06
3.53914e-06
3.54315e-06
4.37094e-06
3.709
4.38754e-05
2.71964e-05
1.93023e-05
1.21995e-05
3.78
1.15451e-05
0.000107783
3.27078e-06
3.18609e-06
3.591
2.38545e-05
2.71169e-05
1.54462e-06
1.8456e-06
3.563
1.25352e-05
9.11471e-06
1.51105e-06
2.69952e-06
3.554
1.24482e-05
5.2817e-06
3.999e-06
4.70892e-06
3.871
1.98132e-05
2.20685e-06
3.6593e-06
2.68941e-06
3.639
1.12277
1.02465
0.742462
0.917795
10.86
1.52174
0.825222
0.936105
0.947329
10.632
2.11917
1.24841
0.90648
0.973815
11.147
1.67026
1.17379
0.721975
0.812691
11.287
1.73959
0.824771
1.0167
1.21116
10.631
2.1544
1.03595
0.870841
0.897329
11.232
1.42911
1.04779
0.858952
0.87221
11.212
1.87071
0.912692
0.973691
0.876409
11.301
1.73902
0.837913
0.964906
0.968696
11.133
1.52294
1.12542
0.807805
0.925039
11.333
1.2459
1.06207
0.989592
0.958339
11.026
1.14027
0.950018
0.693751
0.963801
11.143
1.56672
1.02387
0.681648
0.661485
10.627
1.60254
1.25195
1.04052
1.29174
11.324
1.62899
1.09158
1.24084
0.865327
11.15
1.4253
0.933836
1.02454
0.896297
11.143
1.30156
1.28656
1.44411
1.30247
11.541
1.49418
1.45426
0.665377
0.876922
11.056
2.20017
1.48601
1.10514
1.22266
11.014
1.1462
0.958565
0.792505
0.789108
11.351
1.80498
0.895587
0.809098
1.00435
11.04
1.56394
0.968344
0.9786
1.16022
10.187
1.43641
0.915995
0.867138
1.24003
11.215
1.41185
1.19785
1.26188
0.894321
10.774
1.99192
1.01143
0.774658
0.911748
11.063
1.23459
1.27671
1.1195
0.996982
11.549
1.80557
1.38848
0.978823
0.72911
10.958
1.71749
1.1639
1.01904
0.986511
10.975
1.9799
0.880424
0.90098
1.02796
10.93
1.73161
1.04781
0.873443
0.982479
11.543