1.1921e-10
1.1921e-10
1.1921e-10
1.1921e-10
10.017
1.1921e-10
1.1921e-10
1.1921e-10
1.1921e-10
10.535
1.1921e-10
1.1921e-10
1.1921e-10
1.1921e-10
10.521
1.1921e-10
1.1921e-10
1.1921e-10
1.1921e-10
9.817
1.1921e-10
1.1921e-10
1.1921e-10
1.1921e-10
10.427
1.1921e-10
1.1921e-10
1.1921e-10
1.1921e-10
9.468
1.1921e-10
1.1921e-10
1.1921e-10
1.1921e-10
9.908
1.1921e-10
1.1921e-10
1.1921e-10
1.1921e-10
10.095
1.1921e-10
1.1921e-10
1.1921e-10
1.1921e-10
9.684
1.1921e-10
1.1921e-10
1.1921e-10
1.1921e-10
10.45
1.1921e-10
1.1921e-10
1.1921e-10
1.1921e-10
9.67
1.1921e-10
1.1921e-10
1.1921e-10
1.1921e-10
10.28
1.1921e-10
1.1921e-10
1.1921e-10
1.1921e-10
10.905
1.1921e-10
1.1921e-10
1.1921e-10
1.1921e-10
9.974
1.1921e-10
1.1921e-10
1.1921e-10
1.1921e-10
9.665
1.1921e-10
1.1921e-10
1.1921e-10
1.1921e-10
10.608
1.1921e-10
1.1921e-10
1.1921e-10
1.1921e-10
10.294
1.1921e-10
1.1921e-10
1.1921e-10
1.1921e-10
10.076
1.1921e-10
1.1921e-10
1.1921e-10
1.1921e-10
10.477
1.1921e-10
1.1921e-10
1.1921e-10
1.1921e-10
9.472
1.1921e-10
1.1921e-10
1.1921e-10
1.1921e-10
10.506
1.1921e-10
1.1921e-10
1.1921e-10
1.1921e-10
10.613
1.1921e-10
1.1921e-10
1.1921e-10
1.1921e-10
10.833
1.1921e-10
1.1921e-10
1.1921e-10
1.1921e-10
10.309
1.1921e-10
1.1921e-10
1.1921e-10
1.1921e-10
9.686
1.1921e-10
1.1921e-10
1.1921e-10
1.1921e-10
10.266
1.1921e-10
1.1921e-10
1.1921e-10
1.1921e-10
10.34
1.1921e-10
1.1921e-10
1.1921e-10
1.1921e-10
10.472
1.1921e-10
1.1921e-10
1.1921e-10
1.1921e-10
10.262
1.1921e-10
1.1921e-10
1.1921e-10
1.1921e-10
10.141
8.10625e-10
5.19753e-09
2.38419e-10
4.05312e-09
19.99
1.57357e-09
2.52724e-09
4.29154e-10
1.38283e-09
20.073
3.86239e-09
1.1921e-09
4.29154e-10
5.57901e-09
20.77
1.57357e-09
4.29154e-10
3.29018e-09
2.33651e-09
19.089
2.90871e-09
4.29154e-10
3.09945e-09
2.38419e-10
18.578
1.95504e-09
1.57357e-09
6.19889e-10
4.62533e-09
18.227
4.81606e-09
5.19753e-09
3.09945e-09
1.1921e-09
19.491
6.19889e-10
1.95504e-09
2.71798e-09
6.19889e-10
20.144
3.29018e-09
2.71798e-09
6.19889e-10
3.29018e-09
18.529
6.19889e-10
2.33651e-09
2.71798e-09
2.71798e-09
18.478
4.05312e-09
4.29154e-10
1.1921e-09
7.10489e-09
19.954
1.57357e-09
1.00136e-09
1.1921e-09
1.57357e-09
20.361
1.38283e-09
1.1921e-09
6.19889e-10
1.1921e-09
20.661
3.09945e-09
1.7643e-09
8.05856e-09
3.86239e-09
20.634
3.48092e-09
1.00136e-09
6.19889e-10
1.38283e-09
19.473
1.57357e-09
8.10625e-10
2.14577e-09
1.45436e-08
20.531
1.38283e-09
3.67165e-09
2.90871e-09
1.7643e-09
19.115
8.10625e-10
4.29154e-10
1.1921e-09
1.00136e-09
20.099
1.00136e-09
1.95504e-09
1.95504e-09
2.14577e-09
18.589
6.19889e-10
6.19889e-10
5.38827e-09
1.95504e-09
19.565
3.67165e-09
5.96048e-09
6.19889e-10
1.7643e-09
18.029
1.91212e-08
1.57357e-09
1.7643e-09
1.57357e-09
19.701
1.95504e-09
9.77518e-09
1.00136e-09
2.90871e-09
20.717
6.19889e-10
1.1921e-09
4.29154e-10
6.19889e-10
18.6
1.00136e-09
1.7643e-09
1.1921e-09
1.57357e-09
18.032
1.1921e-09
2.33651e-09
2.33651e-09
4.81606e-09
20.584
1.00136e-09
1.00136e-09
4.29154e-10
1.38283e-09
18.282
2.14577e-09
1.57357e-09
1.38283e-09
3.86239e-09
19.598
1.00136e-09
2.14577e-09
4.29154e-10
4.29154e-10
20.007
8.10625e-10
1.38283e-09
1.1921e-09
4.81606e-09
18.733
0.0757956
0.127952
0.0916088
0.151923
55.48
0.13479
0.161263
0.136873
0.201205
57.264
0.0857408
0.191329
0.0715134
0.154759
55.54
0.0996993
0.10686
0.117062
0.0974457
56.849
0.103245
0.085867
0.0995593
0.109866
56.348
0.1677
0.174737
0.126086
0.191992
55.461
0.113775
0.136113
0.0856973
0.199331
55.783
0.0902093
0.116239
0.110185
0.122021
55.875
0.143006
0.113606
0.1189
0.1431
55.428
0.169359
0.155783
0.136989
0.144702
57.304
0.142512
0.124513
0.0756966
0.0935651
57.231
0.131197
0.0655623
0.099663
0.153223
54.556
0.186149
0.0833882
0.100588
0.122538
56.968
0.154309
0.150318
0.131143
0.112793
55.332
0.140975
0.117622
0.130107
0.155694
55.647
0.129658
0.171368
0.0814509
0.119566
54.105
0.0919845
0.0933069
0.145461
0.126385
54.581
0.0937038
0.125253
0.159709
0.122887
54.308
0.157854
0.145622
0.140546
0.146237
56.601
0.135833
0.0820048
0.0821492
0.163351
55.473
0.114111
0.1213
0.0619734
0.0935606
54.125
0.201762
0.222618
0.12676
0.115702
54.874
0.0884956
0.0946161
0.121874
0.0849118
54.419
0.115168
0.147396
0.148258
0.135617
56.73
0.138455
0.117552
0.108886
0.095938
56.346
0.142579
0.158323
0.114721
0.118267
53.315
0.234751
0.0992288
0.156838
0.113778
55.289
0.105602
0.163169
0.10557
0.143557
55.639
0.107207
0.101082
0.0818539
0.107782
54.945
0.120108
0.124225
0.0680184
0.130714
55.897