1.1921e-10
1.1921e-10
1.1921e-10
1.1921e-10
20.942
1.1921e-10
1.1921e-10
1.1921e-10
1.1921e-10
20.52
1.1921e-10
1.1921e-10
1.1921e-10
1.1921e-10
21.526
1.1921e-10
1.1921e-10
1.1921e-10
1.1921e-10
21.642
1.1921e-10
1.1921e-10
1.1921e-10
1.1921e-10
19.563
1.1921e-10
1.1921e-10
1.1921e-10
1.1921e-10
21.26
1.1921e-10
1.1921e-10
1.1921e-10
1.1921e-10
21.302
1.1921e-10
1.1921e-10
1.1921e-10
1.1921e-10
20.451
1.1921e-10
1.1921e-10
1.1921e-10
1.1921e-10
20.292
1.1921e-10
1.1921e-10
1.1921e-10
1.1921e-10
21.308
1.1921e-10
1.1921e-10
1.1921e-10
1.1921e-10
19.507
1.1921e-10
1.1921e-10
1.1921e-10
1.1921e-10
21.698
1.1921e-10
1.1921e-10
1.1921e-10
1.1921e-10
21.899
1.1921e-10
1.1921e-10
1.1921e-10
1.1921e-10
20.555
1.1921e-10
1.1921e-10
1.1921e-10
1.1921e-10
20.307
1.1921e-10
1.1921e-10
1.1921e-10
1.1921e-10
21.746
1.1921e-10
1.1921e-10
1.1921e-10
1.1921e-10
20.963
1.1921e-10
1.1921e-10
1.1921e-10
1.1921e-10
20.449
1.1921e-10
1.1921e-10
1.1921e-10
1.1921e-10
18.829
1.1921e-10
1.1921e-10
1.1921e-10
1.1921e-10
21.408
1.1921e-10
1.1921e-10
1.1921e-10
1.1921e-10
19.17
1.1921e-10
1.1921e-10
1.1921e-10
1.1921e-10
21.448
1.1921e-10
1.1921e-10
1.1921e-10
1.1921e-10
21.012
1.1921e-10
1.1921e-10
1.1921e-10
1.1921e-10
20.762
1.1921e-10
1.1921e-10
1.1921e-10
1.1921e-10
21.806
1.1921e-10
1.1921e-10
1.1921e-10
1.1921e-10
20.168
1.1921e-10
1.1921e-10
1.1921e-10
1.1921e-10
20.743
1.1921e-10
1.1921e-10
1.1921e-10
1.1921e-10
20.718
1.1921e-10
1.1921e-10
1.1921e-10
1.1921e-10
20.437
1.1921e-10
1.1921e-10
1.1921e-10
1.1921e-10
19.141
3.09945e-09
6.15121e-09
1.1921e-09
1.95504e-09
39.8
3.09945e-09
1.95504e-09
1.38283e-09
3.09945e-09
37.918
2.71798e-09
8.2493e-09
2.71798e-09
1.7643e-09
39.739
1.95504e-09
5.19753e-09
3.29018e-09
3.48092e-09
36.944
1.7643e-09
1.7643e-09
5.96048e-09
5.57901e-09
40.354
2.52724e-09
2.52724e-09
5.0068e-09
5.0068e-09
39.074
1.38283e-09
1.57357e-09
2.52724e-09
4.62533e-09
39.371
2.33651e-09
2.52724e-09
2.33651e-09
5.76974e-09
39.958
2.52724e-09
1.18733e-08
2.33651e-09
1.57357e-09
37.535
2.33651e-09
1.1921e-09
1.7643e-09
9.39371e-09
39.428
1.00136e-09
9.20297e-09
2.33651e-09
5.38827e-09
39.319
1.57357e-09
7.86783e-09
2.33651e-09
4.62533e-09
40.041
5.38827e-09
1.14918e-08
5.0068e-09
4.43459e-09
40.036
5.38827e-09
3.48092e-09
3.86239e-09
1.1921e-09
37.239
2.71798e-09
6.15121e-09
2.90871e-09
2.33651e-09
38.75
4.24386e-09
4.62533e-09
6.53268e-09
1.00136e-09
39.89
9.77518e-09
1.57357e-09
2.90871e-09
4.24386e-09
40.078
5.57901e-09
2.71798e-09
6.19889e-10
4.62533e-09
37.907
1.38283e-09
1.77861e-08
1.4925e-08
3.48092e-09
39.469
1.1921e-09
1.7643e-09
2.90871e-09
1.57357e-09
37.663
2.14577e-09
7.48636e-09
3.09945e-09
3.09945e-09
39.971
2.52724e-09
2.52724e-09
3.29018e-09
6.53268e-09
37.848
8.10625e-10
5.96048e-09
5.96048e-09
5.76974e-09
38.808
3.48092e-09
1.26362e-08
1.07289e-08
3.48092e-09
39.474
2.90871e-09
1.38283e-09
2.52724e-09
6.72342e-09
38.453
2.14577e-09
1.95504e-09
2.52724e-09
4.24386e-09
40.545
1.57357e-09
4.24386e-09
2.90871e-09
8.44003e-09
38.863
1.00136e-09
1.57357e-09
1.7643e-09
5.0068e-09
38.32
6.19889e-10
3.86239e-09
8.10625e-10
2.71798e-09
38.338
1.38283e-09
2.52724e-09
6.15121e-09
2.14577e-09
39.058
0.115518
0.152664
0.101941
0.137672
111.808
0.162755
0.241526
0.174404
0.167888
112.903
0.124183
0.202848
0.218664
0.112567
103.351
0.154824
0.148266
0.109856
0.117793
110.629
0.10672
0.113709
0.134705
0.19597
109.3
0.152097
0.157988
0.0876349
0.213153
111.666
0.123047
0.116157
0.178817
0.141498
111.048
0.171155
0.155969
0.128527
0.125522
113.041
0.110035
0.125592
0.139568
0.209813
111.259
0.156146
0.102517
0.162146
0.146091
113.438
0.0850157
0.218512
0.129264
0.147008
109.961
0.139072
0.134345
0.13356
0.111123
109.231
0.12648
0.128201
0.0929395
0.173065
111.746
0.0981376
0.158253
0.135384
0.113258
110.825
0.200139
0.111263
0.136432
0.188959
112.956
0.116845
0.108275
0.141089
0.191816
114.354
0.152109
0.111614
0.127919
0.143382
114.478
0.116623
0.198339
0.1498
0.171143
111.579
0.0993906
0.0963392
0.143253
0.100114
113.084
0.17297
0.102512
0.171795
0.108814
112.937
0.164361
0.118941
0.133882
0.138287
114.873
0.152964
0.141287
0.151635
0.166818
113.081
0.125042
0.153592
0.119785
0.226383
113.812
0.129133
0.138492
0.159427
0.161628
112.954
0.108463
0.149395
0.186482
0.146973
108.313
0.107362
0.172026
0.123135
0.103743
110.355
0.172632
0.119488
0.192888
0.198075
113.881
0.138204
0.124428
0.116997
0.126338
113.903
0.0636731
0.115856
0.0956664
0.11726
112.645
0.169846
0.115738
0.173995
0.152857
114.613