1.1921e-10
1.1921e-10
1.1921e-10
1.1921e-10
0.961
1.1921e-10
1.1921e-10
1.1921e-10
1.1921e-10
0.881
1.1921e-10
1.1921e-10
1.1921e-10
1.1921e-10
0.953
1.1921e-10
1.1921e-10
1.1921e-10
1.1921e-10
0.931
1.1921e-10
1.1921e-10
1.1921e-10
1.1921e-10
1.081
1.1921e-10
1.1921e-10
1.1921e-10
1.1921e-10
0.997
1.1921e-10
1.1921e-10
1.1921e-10
1.1921e-10
0.956
1.1921e-10
1.1921e-10
1.1921e-10
1.1921e-10
1.083
1.1921e-10
1.1921e-10
1.1921e-10
1.1921e-10
1.094
1.1921e-10
1.1921e-10
1.1921e-10
1.1921e-10
1.058
1.1921e-10
1.1921e-10
1.1921e-10
1.1921e-10
1.085
1.1921e-10
1.1921e-10
1.1921e-10
1.1921e-10
0.958
1.1921e-10
1.1921e-10
1.1921e-10
1.1921e-10
1.166
1.1921e-10
1.1921e-10
1.1921e-10
1.1921e-10
0.962
1.1921e-10
1.1921e-10
1.1921e-10
1.1921e-10
1.085
1.1921e-10
1.1921e-10
1.1921e-10
1.1921e-10
1.076
1.1921e-10
1.1921e-10
1.1921e-10
1.1921e-10
1.033
1.1921e-10
1.1921e-10
1.1921e-10
1.1921e-10
0.922
1.1921e-10
1.1921e-10
1.1921e-10
1.1921e-10
0.973
1.1921e-10
1.1921e-10
1.1921e-10
1.1921e-10
0.98
1.1921e-10
1.1921e-10
1.1921e-10
1.1921e-10
0.971
1.1921e-10
1.1921e-10
1.1921e-10
1.1921e-10
1.004
1.1921e-10
1.1921e-10
1.1921e-10
1.1921e-10
0.991
1.1921e-10
1.1921e-10
1.1921e-10
1.1921e-10
1.036
1.1921e-10
1.1921e-10
1.1921e-10
1.1921e-10
1.089
1.1921e-10
1.1921e-10
1.1921e-10
1.1921e-10
1.172
1.1921e-10
1.1921e-10
1.1921e-10
1.1921e-10
0.918
1.1921e-10
1.1921e-10
1.1921e-10
1.1921e-10
1.015
1.1921e-10
1.1921e-10
1.1921e-10
1.1921e-10
1.161
1.1921e-10
1.1921e-10
1.1921e-10
1.1921e-10
1.048
1.47343e-08
1.60694e-08
9.01224e-09
1.57357e-09
1.817
2.00749e-08
1.74046e-08
7.67709e-09
5.38827e-09
1.986
2.06471e-08
3.17097e-08
1.22547e-08
7.29562e-09
1.974
3.47615e-08
4.23909e-08
1.14918e-08
8.63077e-09
1.871
1.93119e-08
6.53268e-09
1.45436e-08
3.09945e-09
2.015
7.86783e-09
4.43459e-09
1.16825e-08
1.14918e-08
1.992
1.70231e-08
2.04564e-08
2.73228e-08
1.30177e-08
2.013
7.48636e-09
1.07289e-08
2.63691e-08
1.95504e-09
1.788
6.91415e-09
1.47343e-08
1.16825e-08
2.16008e-08
1.844
1.77861e-08
7.21456e-08
5.96048e-09
1.03474e-08
1.841
3.26634e-08
8.2493e-09
6.15121e-09
1.22547e-08
1.992
1.60694e-08
9.58445e-09
2.14577e-09
1.64509e-08
2.05
5.57901e-09
1.51158e-08
2.29359e-08
7.29562e-09
1.986
9.77518e-09
4.39168e-08
9.96592e-09
5.97478e-08
1.953
2.38896e-08
8.63077e-09
2.14577e-09
1.98841e-08
1.814
6.3944e-08
5.19753e-09
1.60694e-08
9.96592e-09
1.809
4.43459e-09
4.62533e-09
1.43528e-08
3.1519e-08
1.881
2.10286e-08
5.0068e-09
1.1921e-09
1.41621e-08
1.977
2.96116e-08
8.44003e-09
4.24386e-09
2.12193e-08
1.938
7.48636e-09
3.29018e-09
7.53881e-08
4.81606e-09
1.91
3.57152e-08
3.09945e-09
1.57357e-09
1.72139e-08
1.996
2.65599e-08
1.72139e-08
1.37806e-08
1.93119e-08
2.017
1.45436e-08
1.43528e-08
1.16825e-08
1.11103e-08
1.875
1.93119e-08
1.54972e-08
1.1921e-09
1.16825e-08
1.968
4.27724e-08
3.48092e-09
1.81675e-08
4.62533e-09
1.96
1.26362e-08
8.2493e-09
7.67709e-09
8.8215e-09
1.937
2.25544e-08
6.53268e-09
1.74046e-08
1.30177e-08
1.859
3.97206e-08
1.32084e-08
1.32084e-08
7.48636e-09
1.867
1.24455e-08
4.43459e-09
4.24386e-09
6.91415e-09
2.01
1.74046e-08
3.09945e-09
1.51158e-08
4.62533e-09
1.924
0.320341
0.230146
0.214332
0.356885
5.091
0.25551
0.11791
0.358382
0.258156
5.216
0.166793
0.172755
0.129104
0.209737
5.245
0.230606
0.216794
0.254042
0.181755
5.951
0.214001
0.229265
0.274669
0.223049
5.573
0.248916
0.215879
0.198888
0.241638
5.798
0.138122
0.281882
0.18476
0.250425
5.59
0.286588
0.178956
0.282312
0.220566
5.497
0.315544
0.219105
0.303827
0.187993
5.968
0.169937
0.268755
0.20394
0.350136
5.324
0.333289
0.2883
0.201669
0.174205
4.973
0.200725
0.294918
0.129747
0.265966
5.506
0.28949
0.169639
0.261289
0.284875
5.868
0.169409
0.252071
0.241879
0.122455
5.178
0.231011
0.279865
0.266312
0.401193
5.336
0.298281
0.284375
0.173645
0.171306
5.598
0.234248
0.201473
0.317647
0.314125
5.489
0.167013
0.166554
0.341936
0.242122
5.154
0.211932
0.237753
0.279907
0.172555
5.464
0.251253
0.177383
0.380324
0.207647
5.21
0.249504
0.262966
0.17225
0.173376
5.566
0.269417
0.245067
0.173237
0.226925
5.514
0.184855
0.119446
0.212856
0.155593
5.048
0.149041
0.281259
0.207201
0.224957
5.273
0.347577
0.234844
0.258641
0.222659
5.157
0.252677
0.171203
0.181851
0.163606
5.32
0.400842
0.233174
0.108527
0.237138
5.399
0.254147
0.19408
0.171258
0.287755
5.463
0.186986
0.201399
0.292045
0.212092
5.592
0.156966
0.150484
0.266746
0.17818
5.981