1.1921e-10
1.1921e-10
1.1921e-10
1.1921e-10
2.05
1.1921e-10
1.1921e-10
1.1921e-10
1.1921e-10
2.171
1.1921e-10
1.1921e-10
1.1921e-10
1.1921e-10
2.062
1.1921e-10
1.1921e-10
1.1921e-10
1.1921e-10
2.259
1.1921e-10
1.1921e-10
1.1921e-10
1.1921e-10
1.832
1.1921e-10
1.1921e-10
1.1921e-10
1.1921e-10
2.213
1.1921e-10
1.1921e-10
1.1921e-10
1.1921e-10
1.942
1.1921e-10
1.1921e-10
1.1921e-10
1.1921e-10
2.229
1.1921e-10
1.1921e-10
1.1921e-10
1.1921e-10
1.985
1.1921e-10
1.1921e-10
1.1921e-10
1.1921e-10
2.114
1.1921e-10
1.1921e-10
1.1921e-10
1.1921e-10
1.826
1.1921e-10
1.1921e-10
1.1921e-10
1.1921e-10
1.999
1.1921e-10
1.1921e-10
1.1921e-10
1.1921e-10
2.079
1.1921e-10
1.1921e-10
1.1921e-10
1.1921e-10
2.183
1.1921e-10
1.1921e-10
1.1921e-10
1.1921e-10
1.67
1.1921e-10
1.1921e-10
1.1921e-10
1.1921e-10
2.196
1.1921e-10
1.1921e-10
1.1921e-10
1.1921e-10
2.22
1.1921e-10
1.1921e-10
1.1921e-10
1.1921e-10
1.919
1.1921e-10
1.1921e-10
1.1921e-10
1.1921e-10
1.987
1.1921e-10
1.1921e-10
1.1921e-10
1.1921e-10
2.165
1.1921e-10
1.1921e-10
1.1921e-10
1.1921e-10
2.049
1.1921e-10
1.1921e-10
1.1921e-10
1.1921e-10
1.819
1.1921e-10
1.1921e-10
1.1921e-10
1.1921e-10
2.191
1.1921e-10
1.1921e-10
1.1921e-10
1.1921e-10
2.135
1.1921e-10
1.1921e-10
1.1921e-10
1.1921e-10
2.095
1.1921e-10
1.1921e-10
1.1921e-10
1.1921e-10
2.116
1.1921e-10
1.1921e-10
1.1921e-10
1.1921e-10
1.92
1.1921e-10
1.1921e-10
1.1921e-10
1.1921e-10
1.905
1.1921e-10
1.1921e-10
1.1921e-10
1.1921e-10
2.136
1.1921e-10
1.1921e-10
1.1921e-10
1.1921e-10
1.866
8.10625e-10
8.10625e-10
6.19889e-10
3.29018e-09
3.98
1.1921e-09
4.29154e-10
4.29154e-10
2.38419e-10
4
4.29154e-10
2.38419e-10
1.95504e-09
6.19889e-10
3.921
2.38419e-10
6.19889e-10
2.14577e-09
6.19889e-10
3.88
4.29154e-10
8.10625e-10
2.38419e-10
4.29154e-10
3.841
4.29154e-10
4.29154e-10
2.38419e-10
4.29154e-10
4.267
6.19889e-10
2.38419e-10
4.29154e-10
2.38419e-10
3.417
2.38419e-10
6.19889e-10
1.38283e-09
6.19889e-10
3.932
1.1921e-09
2.38419e-10
4.29154e-10
1.1921e-09
4
8.10625e-10
6.19889e-10
4.29154e-10
6.19889e-10
3.901
6.19889e-10
4.29154e-10
4.29154e-10
2.38419e-10
3.867
6.19889e-10
2.38419e-10
6.19889e-10
4.29154e-10
3.588
4.29154e-10
6.19889e-10
2.38419e-10
6.19889e-10
3.741
4.29154e-10
2.38419e-10
2.38419e-10
6.19889e-10
4.226
6.19889e-10
4.29154e-10
4.29154e-10
2.38419e-10
3.618
4.29154e-10
4.29154e-10
2.38419e-10
4.29154e-10
3.794
1.95504e-09
6.19889e-10
2.38419e-10
6.19889e-10
3.946
6.19889e-10
2.33651e-09
2.38419e-10
1.1921e-09
3.564
4.29154e-10
2.38419e-10
4.29154e-10
4.29154e-10
3.58
6.19889e-10
1.00136e-09
8.10625e-10
4.29154e-10
3.814
1.00136e-09
8.10625e-10
4.29154e-10
2.71798e-09
3.996
1.1921e-09
2.38419e-10
1.38283e-09
2.38419e-10
3.771
1.95504e-09
1.1921e-09
2.38419e-10
4.29154e-10
3.804
1.1921e-09
8.10625e-10
1.00136e-09
4.29154e-10
3.734
6.19889e-10
2.38419e-10
2.38419e-10
1.00136e-09
4.024
1.38283e-09
2.38419e-10
2.38419e-10
2.38419e-10
3.788
1.00136e-09
8.10625e-10
4.29154e-10
2.38419e-10
4.209
2.38419e-10
4.29154e-10
4.29154e-10
4.29154e-10
4.01
1.7643e-09
2.38419e-10
2.38419e-10
2.38419e-10
3.757
8.10625e-10
8.10625e-10
6.19889e-10
1.00136e-09
3.615
0.0452882
0.0559959
0.0906062
0.0363111
11.498
0.0871855
0.0607538
0.0737662
0.0410167
11.581
0.0632983
0.0575774
0.117938
0.0804458
11.252
0.095616
0.0542936
0.0660902
0.0905683
10.893
0.100993
0.0480691
0.0743777
0.0777548
11.232
0.0606738
0.0591465
0.0507725
0.0605376
11.211
0.0523983
0.0767223
0.0890421
0.0419393
10.67
0.0866755
0.0695554
0.0514988
0.0834579
10.995
0.0819431
0.0826999
0.0396113
0.0897944
11.213
0.0999085
0.0764184
0.0609226
0.078482
10.692
0.0781899
0.100937
0.0716636
0.0901141
11.586
0.0442797
0.0723058
0.0764528
0.0872705
11.263
0.0513038
0.0994532
0.102695
0.100656
11.409
0.0642048
0.0698023
0.0652529
0.0896505
11.213
0.0732837
0.0566265
0.0900859
0.0604564
11.567
0.0741521
0.0492372
0.0861824
0.0505802
11.474
0.0822379
0.0673851
0.0627197
0.0940543
11.212
0.0977517
0.0759227
0.0757812
0.108972
10.958
0.0873107
0.0912272
0.0537172
0.074742
11.417
0.0850466
0.0574233
0.0793027
0.0552909
11.454
0.0906562
0.0617015
0.0417129
0.0815055
10.982
0.0678318
0.0733411
0.0569457
0.068583
11.382
0.0586382
0.0572626
0.0510429
0.0744235
11.482
0.0687315
0.0494399
0.101
0.0665413
10.719
0.0824183
0.0862265
0.106127
0.0970453
11.541
0.101791
0.0672182
0.0829458
0.0722375
11.467
0.100189
0.0936467
0.0815356
0.103117
11.61
0.124579
0.0620192
0.0586565
0.0395933
11.326
0.0893999
0.0737817
0.10975
0.077986
11.592
0.0622286
0.0899009
0.038051
0.0608186
11.416