5.20509e-06
2.91436e-06
4.04142e-06
4.43853e-06
9.545
7.87665e-07
4.23796e-05
2.18404e-06
6.6213e-06
9.572
1.23456e-06
7.90075e-06
4.29357e-06
2.83273e-06
9.579
3.8648e-06
7.3749e-06
6.75577e-06
9.66849e-06
9.281
2.07322e-06
6.50908e-07
6.44804e-07
3.83485e-06
8.845
2.10965e-06
1.50095e-05
2.2188e-05
3.0597e-06
9.616
1.59619e-06
1.48003e-06
1.66561e-05
6.37106e-06
9.432
3.81902e-06
5.30935e-07
3.92984e-06
1.36899e-05
9.345
5.701e-06
1.57883e-06
2.79191e-06
8.87229e-07
9.191
6.89436e-07
2.90597e-06
5.43302e-06
2.47473e-05
9.265
7.44776e-06
4.36071e-06
8.89899e-07
9.43217e-06
9.598
6.4607e-06
2.80679e-06
4.24722e-06
1.40031e-06
9.697
2.37725e-06
2.17965e-06
1.25726e-06
1.20338e-05
9.231
1.09551e-06
4.04027e-06
5.12918e-06
1.38333e-06
9.73
2.64905e-06
8.51943e-07
3.26112e-06
6.21084e-06
9.477
4.68534e-06
1.10439e-05
8.12842e-07
5.94019e-06
8.513
5.19842e-06
3.5909e-06
1.98911e-06
9.4731e-07
9.969
1.83957e-06
2.3021e-06
1.31973e-05
2.35131e-06
10.002
8.69993e-06
3.20745e-07
6.41664e-06
7.79127e-06
9.921
3.45948e-06
2.66355e-06
1.96069e-06
1.53081e-05
9.565
9.50553e-07
2.97921e-06
1.06633e-06
3.05474e-06
9.837
3.32597e-06
4.09387e-06
5.34948e-06
7.80036e-07
9.054
1.20164e-05
4.87684e-06
1.62366e-06
1.78464e-06
9.614
4.88676e-06
7.33713e-06
1.27805e-06
2.60118e-06
9.171
9.44342e-06
5.84387e-06
2.41178e-06
3.49649e-06
9.184
4.48964e-06
4.06125e-06
1.62881e-06
1.51322e-06
9.821
7.00697e-06
9.48805e-06
5.1227e-06
3.34447e-06
9.35
2.71371e-06
8.59656e-06
9.61425e-07
3.36431e-06
9.027
3.94166e-06
3.18425e-06
6.58087e-06
3.00148e-05
8.583
1.60696e-05
2.07169e-06
5.48674e-07
7.79985e-06
9.595
0.0339664
0.0205617
0.0361446
0.0342711
18.793
0.0178377
0.0541673
0.0273605
0.0215475
17.673
0.058371
0.0415911
0.0535724
0.0477882
17.532
0.0352025
0.0321921
0.0445425
0.0154317
18.68
0.0484437
0.015601
0.0231149
0.0298578
18.462
0.0397139
0.0166733
0.0276451
0.0280483
18.16
0.0227943
0.0372133
0.0572458
0.0680338
17.823
0.0303494
0.00894796
0.0185605
0.0583803
19.084
0.0597698
0.0538319
0.0464344
0.0292315
18.417
0.0141326
0.038501
0.0664859
0.0280203
18.731
0.0356758
0.0194802
0.00996094
0.0552643
18.409
0.0377717
0.0280328
0.0249211
0.0118803
18.611
0.0351976
0.0212842
0.0188679
0.0289359
18.614
0.0282553
0.0774428
0.0415363
0.0904735
18.105
0.0555009
0.0236709
0.0750822
0.0393343
18.42
0.0424359
0.0255586
0.0489822
0.0274399
18.724
0.0580924
0.0372254
0.0305341
0.0491657
17.602
0.0559921
0.0082341
0.0222977
0.0348321
18.591
0.0529274
0.0337966
0.0678701
0.0233683
18.321
0.0320396
0.0712523
0.0590278
0.0564826
18.675
0.0100326
0.0213141
0.0186672
0.0822953
18.786
0.0323041
0.0135219
0.106484
0.0813853
17.603
0.0411974
0.0652927
0.0361742
0.0314437
18.188
0.0411616
0.0341723
0.0118814
0.0402228
18.133
0.026045
0.034601
0.0213774
0.0219823
19.126
0.0421832
0.0270941
0.0236948
0.0213012
18.373
0.0413337
0.0213541
0.0290532
0.0338585
18.404
0.0252713
0.0592825
0.0405042
0.0324018
17.92
0.0157898
0.0281496
0.0202285
0.042139
17.857
0.0110674
0.018908
0.0608315
0.060341
17.439
29.7453
20.4296
20.4535
29.3259
56.158
21.6138
31.082
28.8804
22.5816
53.726
20.6835
27.6541
23.2241
22.7962
55.528
32.7957
18.5827
26.2957
28.9525
52.078
32.2836
24.3537
18.9823
25.4965
54.191
21.3575
17.8934
21.9858
20.3728
54.511
25.4242
18.9322
31.9007
25.0849
53.99
24.8922
21.0089
30.6181
21.816
55.046
21.6364
33.945
29.1881
22.8903
54.116
20.7363
22.4363
18.5331
25.1697
53.779
16.0289
18.8886
22.6391
20.1956
54.642
18.6563
17.673
19.5929
29.5478
53.301
20.0651
21.3107
20.8472
19.6727
54.679
22.5352
27.2299
22.0316
28.0467
54.776
25.8917
24.8042
21.3226
22.1495
55.081
19.8221
20.8692
18.7663
26.3124
50.609
21.7293
22.8098
22.9371
23.1789
51.725
21.7793
20.0706
17.9536
24.7798
54.263
18.493
19.0566
30.042
17.0991
53.694
27.8169
24.9757
14.6892
19.5557
56.007
32.9015
24.9764
23.1287
18.9471
54.776
23.5299
21.9034
17.789
19.4136
52.747
30.4765
30.0599
19.0249
21.4954
54.669
23.7893
20.1769
29.5053
25.0586
55.067
17.5646
20.7831
20.0348
22.6741
54.808
22.0197
22.5227
22.4911
20.944
53.105
14.1018
21.5885
25.2375
28.4894
56.164
26.0213
29.9449
18.4894
30.5503
54.457
22.3326
28.0398
21.3094
22.0117
55.124
28.9505
20.4562
17.4492
28.4691
55.016