4.43698e-08
1.00827e-07
2.62499e-08
1.91927e-08
9.793
3.65496e-08
4.8566e-08
7.0119e-08
6.91654e-08
9.336
5.0068e-10
1.15633e-08
1.82391e-08
3.42608e-08
9.831
7.92743e-08
2.39611e-08
5.0664e-08
2.77758e-08
9.311
1.83583e-09
1.63317e-08
7.18357e-08
4.32254e-08
9.276
2.08021e-07
5.82434e-07
3.32952e-07
1.54233e-07
9.664
1.6141e-08
4.64679e-08
4.58957e-08
1.10364e-07
9.627
2.33889e-08
6.7258e-08
1.06096e-08
2.03061e-07
9.236
1.93835e-08
7.20264e-08
1.04189e-08
2.05279e-08
9.277
1.40119e-07
4.74215e-08
6.30618e-08
6.40155e-08
9.875
1.33062e-07
3.93391e-09
1.93835e-08
4.37976e-08
9.851
5.00918e-08
3.8457e-08
2.56777e-08
1.15633e-08
9.202
1.21427e-07
2.63715e-07
7.14542e-08
1.30875e-06
9.331
2.3644e-07
1.88113e-08
9.26258e-08
4.01736e-08
9.377
2.8348e-08
7.24079e-08
2.77758e-08
2.01464e-08
9.991
9.65597e-09
7.74862e-09
4.87567e-08
7.18357e-08
8.799
4.31538e-09
9.08377e-09
1.53661e-07
1.28865e-07
9.662
1.18757e-07
6.45877e-08
2.93017e-08
4.28439e-08
9.644
3.73126e-08
7.24079e-08
6.34433e-08
2.18511e-07
9.702
1.28985e-08
1.34707e-08
2.19083e-07
2.12908e-08
9.717
5.46003e-07
3.17813e-08
2.14816e-08
5.27621e-08
9.305
2.11001e-08
9.45331e-08
1.19448e-08
6.24896e-08
9.448
3.86477e-08
9.87293e-08
9.43424e-08
3.61682e-08
10.033
9.70127e-08
2.74396e-07
7.97202e-07
6.61136e-08
9.4
6.51599e-08
3.97921e-08
1.76669e-08
3.27349e-08
9.35
1.08457e-07
2.0001e-07
9.01462e-08
1.52707e-07
9.623
1.0407e-07
4.32254e-08
2.58685e-08
3.54052e-08
9.263
8.51871e-08
1.65224e-08
9.49146e-08
3.78848e-08
9.41
5.35251e-08
1.43361e-07
1.83225e-07
2.68102e-07
9.2
5.61954e-08
2.20538e-08
3.73126e-08
1.97649e-08
9.092
0.00474472
0.0015305
0.00634444
0.00663875
19.271
0.00632003
0.00698057
0.00347415
0.00486026
19.298
0.0060006
0.00372062
0.00366381
0.00271488
18.895
0.00444511
0.00376363
0.00220997
0.00455279
19.191
0.0124977
0.00141244
0.00834995
0.00330249
18.206
0.00548464
0.00792285
0.00258503
0.00536229
18.28
0.00454959
0.0053611
0.00142921
0.00357349
18.499
0.00609005
0.0058008
0.00517443
0.00588236
18.013
0.00892089
0.0046952
0.00292502
0.00266236
18.577
0.00283519
0.00380321
0.00296348
0.00255974
18.97
0.00636574
0.00269756
0.00317728
0.00704384
18.08
0.00623817
0.00246923
0.00236093
0.00928212
19.155
0.00316171
0.00684649
0.00843713
0.00302211
18.379
0.00126504
0.0131956
0.00783247
0.00122415
18.389
0.00503713
0.000919152
0.00834392
0.00599787
19.295
0.0139613
0.00473271
0.00135422
0.0269756
18.907
0.00378219
0.00443572
0.00743629
0.0135091
18.339
0.00327733
0.00308254
0.00484656
0.00293681
16.938
0.00165395
0.00496981
0.0053981
0.00706484
18.306
0.00553738
0.00511365
0.0199632
0.00190316
18.479
0.00671572
0.00622819
0.00854463
0.00483825
18.667
0.00333044
0.00966941
0.00512689
0.00317598
18.164
0.00223176
0.00548307
0.00146982
0.00358002
19.119
0.0027502
0.00588907
0.00489265
0.00481825
18.516
0.00249046
0.00451831
0.00308639
0.00388137
17.891
0.0091247
0.0068606
0.00311597
0.00629424
18.393
0.00377032
0.0052671
0.00438319
0.0042362
18.675
0.00168324
0.0040183
0.00820247
0.00552442
17.935
0.00475699
0.000857493
0.00461928
0.00548906
18.22
0.00577533
0.00501659
0.00292252
0.00356763
16.254
14.1319
13.3555
16.2775
13.0062
52.959
12.5669
13.922
10.5656
11.4747
53.086
16.2899
14.1966
11.9323
12.5142
53.624
16.1114
12.7957
12.4665
18.9917
51.804
16.0058
9.121
16.6909
10.9873
55.502
19.1806
16.6211
19.8018
16.9447
55.623
15.1172
10.1966
14.4335
18.3996
55.96
9.86532
12.7282
13.1497
16.4142
55.583
15.9234
11.3635
11.087
8.50612
54.391
15.997
12.9987
13.4174
10.1964
54.471
16.2984
14.0011
16.5523
12.4984
53.051
14.0054
8.13666
15.6278
10.7345
53.434
13.4397
13.9845
13.2628
14.2976
54.483
17.347
14.2728
15.9384
15.333
53.895
15.0965
18.5939
12.7213
15.5888
55.11
12.9218
10.3396
10.2479
10.869
55.583
22.1403
14.7053
16.7821
13.3554
56.299
16.8499
17.0111
14.7874
11.9076
54.278
14.1634
14.7151
14.942
16.8038
55.013
12.6352
17.5607
16.9876
12.0907
55.193
10.7738
14.4655
17.7899
12.7032
54.32
14.7051
14.4752
13.1166
16.3943
53.707
10.5332
13.9291
15.098
16.1478
53.231
16.1657
10.2822
13.1814
13.644
55.43
15.1886
7.0299
16.2479
19.7243
55.016
9.77903
16.5982
13.8195
12.2179
54.102
19.6974
15.6538
12.2878
12.2286
53.695
16.7958
11.5514
14.3195
19.9074
55.454
19.084
11.7332
19.298
16.1164
55.41
14.546
14.9274
18.0791
9.11407
56.335