1.1921e-10
1.1921e-10
1.1921e-10
1.1921e-10
1.284
1.1921e-10
1.1921e-10
1.1921e-10
1.1921e-10
1.108
1.1921e-10
1.1921e-10
1.1921e-10
1.1921e-10
1.325
1.1921e-10
1.1921e-10
1.1921e-10
1.1921e-10
1.325
1.1921e-10
1.1921e-10
1.1921e-10
1.1921e-10
1.337
1.1921e-10
1.1921e-10
1.1921e-10
1.1921e-10
1.419
1.1921e-10
1.1921e-10
1.1921e-10
1.1921e-10
1.339
1.1921e-10
1.1921e-10
1.1921e-10
1.1921e-10
1.047
1.1921e-10
1.1921e-10
1.1921e-10
1.1921e-10
1.291
1.1921e-10
1.1921e-10
1.1921e-10
1.1921e-10
1.322
1.1921e-10
1.1921e-10
1.1921e-10
1.1921e-10
1.43
1.1921e-10
1.1921e-10
1.1921e-10
1.1921e-10
1.291
1.1921e-10
1.1921e-10
1.1921e-10
1.1921e-10
1.381
1.1921e-10
1.1921e-10
1.1921e-10
1.1921e-10
1.295
1.1921e-10
1.1921e-10
1.1921e-10
1.1921e-10
1.294
1.1921e-10
1.1921e-10
1.1921e-10
1.1921e-10
1.352
1.1921e-10
1.1921e-10
1.1921e-10
1.1921e-10
1.382
1.1921e-10
1.1921e-10
1.1921e-10
1.1921e-10
1.355
1.1921e-10
1.1921e-10
1.1921e-10
1.1921e-10
1.341
1.1921e-10
1.1921e-10
1.1921e-10
1.1921e-10
1.182
1.1921e-10
1.1921e-10
1.1921e-10
1.1921e-10
1.028
1.1921e-10
1.1921e-10
1.1921e-10
1.1921e-10
1.377
1.1921e-10
1.1921e-10
1.1921e-10
1.1921e-10
1.428
1.1921e-10
1.1921e-10
1.1921e-10
1.1921e-10
1.427
1.1921e-10
1.1921e-10
1.1921e-10
1.1921e-10
1.326
1.1921e-10
1.1921e-10
1.1921e-10
1.1921e-10
1.165
1.1921e-10
1.1921e-10
1.1921e-10
1.1921e-10
1.335
1.1921e-10
1.1921e-10
1.1921e-10
1.1921e-10
1.114
1.1921e-10
1.1921e-10
1.1921e-10
1.1921e-10
1.411
1.1921e-10
1.1921e-10
1.1921e-10
1.1921e-10
1.423
2.38419e-10
2.38419e-10
2.38419e-10
2.38419e-10
2.443
2.38419e-10
2.38419e-10
2.38419e-10
2.38419e-10
2.458
2.38419e-10
2.38419e-10
2.38419e-10
2.38419e-10
2.392
2.38419e-10
2.38419e-10
2.38419e-10
2.38419e-10
2.666
2.38419e-10
2.38419e-10
2.38419e-10
2.38419e-10
2.723
2.38419e-10
2.38419e-10
2.38419e-10
2.38419e-10
2.248
2.38419e-10
2.38419e-10
2.38419e-10
2.38419e-10
2.566
2.38419e-10
2.38419e-10
2.38419e-10
2.38419e-10
2.604
2.38419e-10
2.38419e-10
2.38419e-10
2.38419e-10
2.67
2.38419e-10
2.38419e-10
2.38419e-10
2.38419e-10
2.546
2.38419e-10
2.38419e-10
2.38419e-10
2.38419e-10
2.613
2.38419e-10
2.38419e-10
2.38419e-10
2.38419e-10
2.598
2.38419e-10
2.38419e-10
2.38419e-10
2.38419e-10
2.651
2.38419e-10
2.38419e-10
2.38419e-10
2.38419e-10
2.651
2.38419e-10
2.38419e-10
2.38419e-10
2.38419e-10
2.598
2.38419e-10
2.38419e-10
2.38419e-10
2.38419e-10
2.466
2.38419e-10
2.38419e-10
2.38419e-10
2.38419e-10
2.565
2.38419e-10
2.38419e-10
2.38419e-10
2.38419e-10
2.452
2.38419e-10
2.38419e-10
2.38419e-10
2.38419e-10
2.254
2.38419e-10
2.38419e-10
2.38419e-10
2.38419e-10
2.619
2.38419e-10
2.38419e-10
2.38419e-10
2.38419e-10
2.304
2.38419e-10
2.38419e-10
2.38419e-10
2.38419e-10
2.614
2.38419e-10
2.38419e-10
2.38419e-10
2.38419e-10
2.573
2.38419e-10
2.38419e-10
2.38419e-10
2.38419e-10
2.723
2.38419e-10
2.38419e-10
2.38419e-10
2.38419e-10
2.603
2.38419e-10
2.38419e-10
2.38419e-10
2.38419e-10
2.465
2.38419e-10
2.38419e-10
2.38419e-10
2.38419e-10
2.513
2.38419e-10
2.38419e-10
2.38419e-10
2.38419e-10
2.555
2.38419e-10
2.38419e-10
2.38419e-10
2.38419e-10
2.541
2.38419e-10
2.38419e-10
2.38419e-10
2.38419e-10
2.64
0.00030293
3.15832e-05
4.28825e-06
3.33862e-05
7.387
0.000307158
7.47391e-06
7.56604e-06
9.85238e-06
7.561
0.000209962
2.33408e-05
5.93582e-06
7.4125e-06
7.34
0.000497438
1.73281e-05
1.79216e-05
4.63119e-06
7.554
9.44377e-05
4.81125e-06
5.30087e-06
9.60919e-06
7.286
0.000334121
1.34725e-05
1.13821e-05
7.2107e-06
8.251
0.000363443
1.50198e-05
9.19225e-06
1.03269e-05
8.211
0.000136144
2.96558e-05
6.96961e-06
1.04814e-05
7.432
0.000454476
5.36228e-06
9.02135e-06
9.8169e-06
7.466
0.000255726
6.0949e-06
2.09579e-05
1.0494e-05
7.761
0.000373467
1.14069e-05
7.9292e-06
2.00039e-05
8.273
9.05673e-05
1.17128e-05
5.02144e-06
5.79144e-06
7.274
0.00015022
1.1334e-05
1.32955e-05
1.76016e-05
8.329
0.00044472
4.75479e-06
2.10376e-06
1.37539e-05
6.629
0.000160964
4.13414e-06
8.37723e-06
1.41491e-05
7.418
0.00015006
1.25614e-05
1.09831e-05
1.78034e-05
7.497
0.000212279
1.59414e-05
7.44301e-06
8.08922e-06
8.344
0.000150482
2.09556e-06
7.01119e-06
1.04599e-05
7.488
0.000316554
2.10701e-05
8.1226e-06
6.48075e-06
7.007
9.89114e-05
8.06805e-06
1.07427e-05
1.15625e-05
7.97
0.000201353
1.19175e-05
3.15573e-05
6.82503e-06
7.459
0.000283005
9.94412e-06
5.3598e-06
4.89174e-06
7.215
0.000268799
9.09192e-06
8.32726e-06
4.5673e-06
8.307
0.000183182
3.21152e-05
1.32206e-05
1.42378e-05
8.342
0.000438343
8.52696e-06
5.3598e-06
1.0021e-05
7.44
0.000262998
2.60366e-05
9.49551e-06
9.91113e-06
8.287
0.000303115
7.53476e-06
9.59012e-06
1.68548e-05
8.291
0.000159977
1.37501e-05
3.56365e-06
5.72811e-06
7.964
0.000101926
5.01953e-06
7.1447e-06
7.66408e-06
7.656
0.00026521
2.27173e-05
9.87756e-06
1.1265e-05
7.261