1.1921e-10
1.1921e-10
1.1921e-10
1.1921e-10
18.804
1.1921e-10
1.1921e-10
1.1921e-10
1.1921e-10
18.47
1.1921e-10
1.1921e-10
1.1921e-10
1.1921e-10
19.286
1.1921e-10
1.1921e-10
1.1921e-10
1.1921e-10
19.194
1.1921e-10
1.1921e-10
1.1921e-10
1.1921e-10
18.607
1.1921e-10
1.1921e-10
1.1921e-10
1.1921e-10
19.181
1.1921e-10
1.1921e-10
1.1921e-10
1.1921e-10
19.221
1.1921e-10
1.1921e-10
1.1921e-10
1.1921e-10
19.043
1.1921e-10
1.1921e-10
1.1921e-10
1.1921e-10
18.869
1.1921e-10
1.1921e-10
1.1921e-10
1.1921e-10
18.482
1.1921e-10
1.1921e-10
1.1921e-10
1.1921e-10
18.911
1.1921e-10
1.1921e-10
1.1921e-10
1.1921e-10
19.11
1.1921e-10
1.1921e-10
1.1921e-10
1.1921e-10
19.092
1.1921e-10
1.1921e-10
1.1921e-10
1.1921e-10
18.526
1.1921e-10
1.1921e-10
1.1921e-10
1.1921e-10
18.689
1.1921e-10
1.1921e-10
1.1921e-10
1.1921e-10
18.839
1.1921e-10
1.1921e-10
1.1921e-10
1.1921e-10
18.356
1.1921e-10
1.1921e-10
1.1921e-10
1.1921e-10
19.194
1.1921e-10
1.1921e-10
1.1921e-10
1.1921e-10
19.043
1.1921e-10
1.1921e-10
1.1921e-10
1.1921e-10
18.763
1.1921e-10
1.1921e-10
1.1921e-10
1.1921e-10
19.401
1.1921e-10
1.1921e-10
1.1921e-10
1.1921e-10
18.863
1.1921e-10
1.1921e-10
1.1921e-10
1.1921e-10
18.845
1.1921e-10
1.1921e-10
1.1921e-10
1.1921e-10
19.681
1.1921e-10
1.1921e-10
1.1921e-10
1.1921e-10
18.712
1.1921e-10
1.1921e-10
1.1921e-10
1.1921e-10
19.293
1.1921e-10
1.1921e-10
1.1921e-10
1.1921e-10
19.664
1.1921e-10
1.1921e-10
1.1921e-10
1.1921e-10
19.078
1.1921e-10
1.1921e-10
1.1921e-10
1.1921e-10
18.654
1.1921e-10
1.1921e-10
1.1921e-10
1.1921e-10
18.611
2.61716e-05
1.31154e-06
7.15834e-06
7.0563e-06
36.592
2.12064e-06
1.00637e-06
3.88766e-07
5.40782e-07
36.768
1.4195e-06
1.07141e-06
1.3865e-06
8.49158e-06
37.081
6.65346e-06
9.70699e-07
1.33329e-06
1.46337e-06
36.783
7.26706e-06
1.09086e-06
6.71526e-06
9.13669e-07
37.872
7.16139e-06
1.78953e-06
1.40748e-06
7.91599e-07
37.275
8.13414e-06
5.05472e-06
8.11245e-07
6.87839e-07
36.276
3.96963e-06
2.00353e-06
3.44701e-06
1.07522e-06
37.429
4.59009e-06
1.10593e-06
9.68601e-07
4.35115e-07
36.979
6.75589e-06
8.45195e-07
2.05293e-06
8.61408e-07
37.094
3.1386e-06
9.64596e-07
4.82989e-07
7.25032e-07
36.275
1.28503e-06
1.52064e-07
4.2863e-07
3.55578e-07
37.142
3.17197e-06
2.62743e-06
7.69316e-06
7.51559e-06
35.591
9.68983e-07
7.3775e-06
7.44578e-06
4.7803e-07
37.344
6.94529e-06
6.73624e-06
7.30754e-07
9.12144e-07
38.062
1.43152e-06
2.6472e-05
2.245e-06
7.02311e-06
35.83
1.09315e-05
2.35315e-06
1.38288e-06
4.37971e-06
37.28
1.02372e-06
7.4166e-06
7.11676e-06
6.19174e-07
38.123
8.38687e-06
2.77219e-06
4.39692e-07
9.91108e-07
37.117
1.80307e-06
2.25263e-06
2.59297e-05
7.58983e-07
37.012
2.49219e-06
2.29993e-06
5.95905e-07
7.16254e-06
37.205
6.26036e-06
3.14928e-06
4.30628e-06
6.91654e-07
36.52
2.24214e-06
2.17462e-06
7.10989e-06
9.02416e-07
36.593
1.20168e-06
7.02845e-06
1.3968e-06
8.78765e-07
36.887
3.3383e-06
7.76774e-06
2.56067e-06
9.69936e-07
35.456
1.95165e-06
7.13588e-07
2.12388e-06
5.83888e-07
37.473
2.44661e-06
8.44242e-07
4.57812e-07
1.34135e-07
37.1
2.25416e-06
3.6397e-07
1.02277e-06
6.83452e-07
35.439
2.99039e-06
2.36097e-06
2.07162e-06
3.54624e-07
36.837
2.60263e-06
1.03631e-06
8.57212e-07
2.3501e-06
37.379
0.916114
0.829052
0.917381
0.651466
115.074
0.594121
0.991195
0.990027
0.832625
110.714
1.01552
1.02458
0.992787
1.12637
111.068
0.802555
0.636773
0.546104
0.647382
110.817
0.834668
0.831782
0.517577
0.919471
111.165
1.10136
0.713545
0.684868
0.820359
110.991
0.818987
0.866402
0.76325
0.975838
111.46
0.892487
0.812466
0.817554
0.98793
112.037
0.898182
0.995077
0.888683
0.864346
111.39
0.86087
1.08984
0.767742
0.764982
110.925
1.03253
0.751943
0.765817
1.02033
114.888
0.861636
0.882747
0.858189
0.68353
111.545
0.934445
0.835992
0.781743
0.697527
110.786
0.694921
0.904954
0.917677
0.878344
109.885
0.945205
0.772543
0.843043
0.675358
110.956
0.922584
0.548443
0.916237
0.903907
110.175
0.892505
0.707427
0.952114
0.975737
111.838
0.883052
0.765688
0.91428
0.691496
110.916
1.02889
0.874609
0.771352
0.867209
111.706
0.818821
0.849338
0.86634
0.687288
109.94
0.916871
0.956513
0.914493
0.586111
111.869
0.703249
0.812011
1.01297
0.889938
111.621
1.03843
0.875612
0.727996
0.917012
110.604
0.782963
0.756764
0.849238
0.990279
110.919
0.889659
0.951051
0.84272
0.79388
110.703
0.669172
1.0205
0.910365
0.749802
109.048
0.880113
0.787586
0.962018
1.04021
111.256
0.643256
0.94054
0.891854
1.07298
114.187
0.886234
0.713892
0.8933
0.738219
111.406
0.887096
0.780069
0.89754
0.922869
110.918