1.1921e-10
1.1921e-10
1.1921e-10
1.1921e-10
6.602
1.1921e-10
1.1921e-10
1.1921e-10
1.1921e-10
6.93
1.1921e-10
1.1921e-10
1.1921e-10
1.1921e-10
7.126
1.1921e-10
1.1921e-10
1.1921e-10
1.1921e-10
6.733
1.1921e-10
1.1921e-10
1.1921e-10
1.1921e-10
7.15
1.1921e-10
1.1921e-10
1.1921e-10
1.1921e-10
7.123
1.1921e-10
1.1921e-10
1.1921e-10
1.1921e-10
6.918
1.1921e-10
1.1921e-10
1.1921e-10
1.1921e-10
6.994
1.1921e-10
1.1921e-10
1.1921e-10
1.1921e-10
6.914
1.1921e-10
1.1921e-10
1.1921e-10
1.1921e-10
6.277
1.1921e-10
1.1921e-10
1.1921e-10
1.1921e-10
6.745
1.1921e-10
1.1921e-10
1.1921e-10
1.1921e-10
6.73
1.1921e-10
1.1921e-10
1.1921e-10
1.1921e-10
6.874
1.1921e-10
1.1921e-10
1.1921e-10
1.1921e-10
6.938
1.1921e-10
1.1921e-10
1.1921e-10
1.1921e-10
5.49
1.1921e-10
1.1921e-10
1.1921e-10
1.1921e-10
7.118
1.1921e-10
1.1921e-10
1.1921e-10
1.1921e-10
6.942
1.1921e-10
1.1921e-10
1.1921e-10
1.1921e-10
7.149
1.1921e-10
1.1921e-10
1.1921e-10
1.1921e-10
6.934
1.1921e-10
1.1921e-10
1.1921e-10
1.1921e-10
6.392
1.1921e-10
1.1921e-10
1.1921e-10
1.1921e-10
7.168
1.1921e-10
1.1921e-10
1.1921e-10
1.1921e-10
6.383
1.1921e-10
1.1921e-10
1.1921e-10
1.1921e-10
6.899
1.1921e-10
1.1921e-10
1.1921e-10
1.1921e-10
7.213
1.1921e-10
1.1921e-10
1.1921e-10
1.1921e-10
6.487
1.1921e-10
1.1921e-10
1.1921e-10
1.1921e-10
6.687
1.1921e-10
1.1921e-10
1.1921e-10
1.1921e-10
6.54
1.1921e-10
1.1921e-10
1.1921e-10
1.1921e-10
6.684
1.1921e-10
1.1921e-10
1.1921e-10
1.1921e-10
6.747
1.1921e-10
1.1921e-10
1.1921e-10
1.1921e-10
6.635
2.38419e-10
2.38419e-10
2.38419e-10
2.38419e-10
12.942
2.38419e-10
2.38419e-10
2.38419e-10
2.38419e-10
12.752
2.38419e-10
2.38419e-10
2.38419e-10
2.38419e-10
13.35
2.38419e-10
2.38419e-10
2.38419e-10
2.38419e-10
12.839
2.38419e-10
2.38419e-10
2.38419e-10
2.38419e-10
13.005
2.38419e-10
2.38419e-10
2.38419e-10
2.38419e-10
11.506
2.38419e-10
2.38419e-10
2.38419e-10
2.38419e-10
14.064
2.38419e-10
2.38419e-10
2.38419e-10
2.38419e-10
13.585
2.38419e-10
2.38419e-10
2.38419e-10
2.38419e-10
13.041
2.38419e-10
2.38419e-10
2.38419e-10
2.38419e-10
12.198
2.38419e-10
2.38419e-10
2.38419e-10
2.38419e-10
14.025
2.38419e-10
2.38419e-10
2.38419e-10
2.38419e-10
13.231
2.38419e-10
2.38419e-10
2.38419e-10
2.38419e-10
14.079
2.38419e-10
2.38419e-10
2.38419e-10
2.38419e-10
13.134
2.38419e-10
2.38419e-10
2.38419e-10
2.38419e-10
11.787
2.38419e-10
2.38419e-10
2.38419e-10
2.38419e-10
13.112
2.38419e-10
2.38419e-10
2.38419e-10
2.38419e-10
14
2.38419e-10
2.38419e-10
2.38419e-10
2.38419e-10
12.881
2.38419e-10
2.38419e-10
2.38419e-10
2.38419e-10
13.239
2.38419e-10
2.38419e-10
2.38419e-10
2.38419e-10
11.832
2.38419e-10
2.38419e-10
2.38419e-10
2.38419e-10
12.747
2.38419e-10
2.38419e-10
2.38419e-10
2.38419e-10
12.964
2.38419e-10
2.38419e-10
2.38419e-10
2.38419e-10
12.132
2.38419e-10
2.38419e-10
2.38419e-10
2.38419e-10
13.536
2.38419e-10
2.38419e-10
2.38419e-10
2.38419e-10
11.246
2.38419e-10
2.38419e-10
2.38419e-10
2.38419e-10
13.027
2.38419e-10
2.38419e-10
2.38419e-10
2.38419e-10
12.077
2.38419e-10
2.38419e-10
2.38419e-10
2.38419e-10
12.932
2.38419e-10
2.38419e-10
2.38419e-10
2.38419e-10
13.198
2.38419e-10
2.38419e-10
2.38419e-10
2.38419e-10
13.99
0.000110474
0.000103908
0.00026957
0.000198616
38.892
0.000194846
0.00012746
6.98424e-05
0.00013085
34.508
0.00026106
0.000112891
5.71923e-05
0.00011719
35.982
9.68326e-05
8.89585e-05
0.000131254
0.000132715
41.865
0.000135763
0.000185573
7.77425e-05
7.66719e-05
41.756
0.000111961
4.15867e-05
9.32824e-05
0.000161437
41.756
0.000119695
0.000177261
0.00015256
0.00023192
37.123
0.000134065
0.000103213
7.39463e-05
0.000226192
36.839
0.000352815
0.0003059
9.94194e-05
0.00028152
37.523
0.00014057
9.87585e-05
0.000450345
0.000121293
41.704
0.000147474
8.3393e-05
0.000252883
9.22719e-05
37.69
0.00010996
9.43933e-05
0.00013302
0.000360723
35.56
0.000243817
9.92607e-05
0.000114039
9.997e-05
37.68
8.12785e-05
6.90755e-05
6.64613e-05
0.000106038
33.955
8.534e-05
6.34291e-05
0.000146933
6.66612e-05
36.072
0.000168856
0.000115929
0.000160646
0.000179316
41.685
5.31958e-05
0.00020895
0.000132563
0.000365158
37.827
0.00017775
0.000231092
4.03046e-05
0.000221545
37.756
0.000191734
7.21215e-05
0.000148411
0.00013828
37.642
0.000116798
0.000140294
0.000133985
4.99457e-05
37.728
0.000243462
0.000241336
0.000110173
0.000145552
41.763
0.000188006
0.000274064
0.00010566
0.000242837
39.927
7.67476e-05
0.00010345
0.000139318
8.47369e-05
36.901
0.000226974
0.00010601
3.76797e-05
1.73338e-05
35.761
7.83532e-05
0.000121289
0.000151823
0.000221195
37.436
3.91705e-05
0.000260453
0.00011587
0.00015301
41.722
6.61244e-05
8.6606e-05
8.6177e-05
9.67584e-05
39.863
9.05793e-05
0.000151675
0.000111422
0.000103549
41.748
0.000175436
0.000246818
0.000108328
0.000135863
41.368
7.80292e-05
0.000172041
0.000104332
0.000113194
36.937