1.1921e-10
1.1921e-10
1.1921e-10
1.1921e-10
1.959
1.1921e-10
1.1921e-10
1.1921e-10
1.1921e-10
1.564
1.1921e-10
1.1921e-10
1.1921e-10
1.1921e-10
1.905
1.1921e-10
1.1921e-10
1.1921e-10
1.1921e-10
1.897
1.1921e-10
1.1921e-10
1.1921e-10
1.1921e-10
1.974
1.1921e-10
1.1921e-10
1.1921e-10
1.1921e-10
1.847
1.1921e-10
1.1921e-10
1.1921e-10
1.1921e-10
1.974
1.1921e-10
1.1921e-10
1.1921e-10
1.1921e-10
1.876
1.1921e-10
1.1921e-10
1.1921e-10
1.1921e-10
1.754
1.1921e-10
1.1921e-10
1.1921e-10
1.1921e-10
2.059
1.1921e-10
1.1921e-10
1.1921e-10
1.1921e-10
2.009
1.1921e-10
1.1921e-10
1.1921e-10
1.1921e-10
1.906
1.1921e-10
1.1921e-10
1.1921e-10
1.1921e-10
1.871
1.1921e-10
1.1921e-10
1.1921e-10
1.1921e-10
1.967
1.1921e-10
1.1921e-10
1.1921e-10
1.1921e-10
1.874
1.1921e-10
1.1921e-10
1.1921e-10
1.1921e-10
2.059
1.1921e-10
1.1921e-10
1.1921e-10
1.1921e-10
1.784
1.1921e-10
1.1921e-10
1.1921e-10
1.1921e-10
1.87
1.1921e-10
1.1921e-10
1.1921e-10
1.1921e-10
2
1.1921e-10
1.1921e-10
1.1921e-10
1.1921e-10
1.945
1.1921e-10
1.1921e-10
1.1921e-10
1.1921e-10
1.59
1.1921e-10
1.1921e-10
1.1921e-10
1.1921e-10
1.695
1.1921e-10
1.1921e-10
1.1921e-10
1.1921e-10
1.943
1.1921e-10
1.1921e-10
1.1921e-10
1.1921e-10
1.593
1.1921e-10
1.1921e-10
1.1921e-10
1.1921e-10
1.882
1.1921e-10
1.1921e-10
1.1921e-10
1.1921e-10
1.935
1.1921e-10
1.1921e-10
1.1921e-10
1.1921e-10
1.798
1.1921e-10
1.1921e-10
1.1921e-10
1.1921e-10
1.71
1.1921e-10
1.1921e-10
1.1921e-10
1.1921e-10
1.775
1.1921e-10
1.1921e-10
1.1921e-10
1.1921e-10
1.8
3.45708e-08
4.29154e-10
4.29154e-10
2.38419e-10
3.532
4.69685e-08
2.14577e-09
2.14577e-09
2.14577e-09
3.755
6.91415e-09
2.14577e-09
2.38419e-10
1.00136e-09
3.685
5.76974e-09
2.33651e-09
2.38419e-10
2.38419e-10
3.725
1.32084e-08
2.63691e-08
7.29562e-09
2.33651e-09
3.733
1.10483e-07
6.19889e-10
7.29562e-09
7.10489e-09
3.926
5.76974e-09
4.29154e-10
2.38419e-10
4.29154e-10
3.582
6.15121e-09
4.29154e-10
4.29154e-10
2.38419e-10
3.508
1.68324e-08
2.52724e-09
1.38283e-09
2.14577e-09
3.383
3.85762e-08
1.00136e-09
4.29154e-10
2.38419e-10
3.653
8.2493e-09
3.86239e-09
2.14577e-09
4.29154e-10
3.357
1.05381e-08
8.10625e-10
2.38419e-10
2.38419e-10
3.312
3.19005e-08
4.29154e-10
4.29154e-10
4.29154e-10
3.568
1.24455e-08
1.00136e-09
8.10625e-10
2.38419e-10
3.477
4.33398e-07
2.63691e-08
2.14577e-09
2.38419e-10
3.421
1.30177e-08
2.14577e-09
2.38419e-10
2.38419e-10
3.627
9.12191e-08
7.67709e-09
4.29154e-10
2.52724e-09
3.547
8.66415e-08
1.00136e-09
6.19889e-10
6.19889e-10
3.294
3.97206e-08
8.10625e-10
1.38283e-09
2.38419e-10
3.166
5.19753e-09
1.38283e-09
2.38419e-10
8.10625e-10
3.931
2.7895e-08
2.33651e-09
4.29154e-10
2.33651e-09
3.474
1.5688e-08
1.7643e-09
8.10625e-10
4.29154e-10
3.731
3.39986e-08
6.19889e-10
2.38419e-10
2.38419e-10
3.683
1.14918e-08
2.71798e-09
2.38419e-10
2.38419e-10
3.743
1.24455e-08
2.14577e-09
2.38419e-10
2.38419e-10
3.616
1.10483e-07
1.1921e-09
4.29154e-10
4.29154e-10
3.559
2.00749e-08
1.00136e-09
8.10625e-10
2.38419e-10
3.447
2.98024e-08
2.14577e-09
8.10625e-10
2.38419e-10
3.231
2.80858e-08
4.29154e-10
2.38419e-10
4.29154e-10
3.378
7.50066e-08
1.00136e-09
8.10625e-10
2.38419e-10
3.469
0.0897697
0.043791
0.029835
0.0316686
10.671
0.123432
0.051311
0.0362287
0.0533067
11.138
0.134303
0.0472341
0.0385854
0.0395535
11.257
0.128664
0.0710012
0.0422376
0.0336442
10.862
0.0742821
0.0746463
0.0506484
0.0406178
11.137
0.101973
0.0375261
0.0314209
0.0321379
11.08
0.12084
0.0580203
0.046446
0.0374793
10.958
0.0958542
0.0772421
0.0445548
0.041437
11.173
0.0944794
0.0436925
0.0306306
0.0440246
10.682
0.0966434
0.0465263
0.0376802
0.0366924
11.104
0.121618
0.0391839
0.0324771
0.0397348
11.071
0.129069
0.0494337
0.0459643
0.0295242
11.129
0.120792
0.0516973
0.0383407
0.0261459
11.096
0.0816856
0.036363
0.0440005
0.04011
11.234
0.153455
0.0815101
0.0584873
0.0417704
11.358
0.153551
0.0514695
0.0372423
0.0295514
10.723
0.117355
0.03788
0.0322931
0.0437776
10.795
0.0915049
0.0532716
0.0373685
0.042412
10.771
0.119368
0.0446642
0.0372132
0.0390952
11.287
0.120193
0.0571548
0.0477843
0.0349391
10.869
0.133409
0.0461427
0.0298522
0.0334111
10.579
0.0640517
0.0703715
0.0469029
0.0418132
11.103
0.107294
0.060445
0.0486124
0.0350674
11.082
0.0879462
0.0489129
0.0354209
0.0300911
10.772
0.107784
0.0464288
0.0471434
0.0352521
11.21
0.129129
0.0501974
0.0411711
0.0425642
10.763
0.170848
0.0408304
0.026508
0.0337737
11.364
0.123077
0.0482716
0.0519428
0.0402912
10.998
0.0998926
0.036619
0.0326542
0.0373712
11.181
0.202423
0.0760216
0.038998
0.033452
10.757