-4.45302
-4.6459
-4.67081
-4.67099
1.93
-4.68766
-4.68766
-4.68766
-4.68766
1.939
-4.64588
-4.64589
-4.64589
-4.64589
2.006
-4.68759
-4.68759
-4.68765
-4.68766
1.646
-4.53766
-4.53766
-4.53766
-4.53766
1.767
-4.68593
-4.68593
-4.68593
-4.68593
1.863
-4.51912
-4.51912
-4.51912
-4.51912
1.89
-4.4953
-4.4953
-4.4953
-4.4953
1.839
-4.47735
-4.47736
-4.64417
-4.64417
1.934
-4.64417
-4.64417
-4.64417
-4.64417
1.617
-4.66486
-4.68152
-4.68153
-4.68152
1.832
-4.49588
-4.49588
-4.52098
-4.52098
1.82
-4.64589
-4.64589
-4.64589
-4.64589
1.817
-4.68751
-4.68751
-4.68753
-4.68753
1.904
-4.6459
-4.6459
-4.6459
-4.6459
1.893
-4.64136
-4.64149
-4.64149
-4.64149
1.65
-4.53706
-4.53706
-4.53706
-4.53706
1.633
-4.64417
-4.64417
-4.64417
-4.64417
1.848
-4.68766
-4.68766
-4.68766
-4.68766
1.801
-4.64589
-4.64589
-4.64589
-4.67098
1.874
-4.44861
-4.44861
-4.44861
-4.44861
1.876
-4.47676
-4.47676
-4.64357
-4.64357
1.849
-4.52477
-4.68325
-4.68325
-4.68325
1.586
-4.68153
-4.68153
-4.68153
-4.68152
1.866
-4.53766
-4.53766
-4.53766
-4.53766
1.956
-4.68765
-4.68766
-4.68766
-4.68766
1.796
-4.68266
-4.68266
-4.68266
-4.68266
1.734
-4.53318
-4.53318
-4.53325
-4.53325
1.904
-4.53766
-4.53766
-4.53766
-4.53766
1.781
-4.47736
-4.47736
-4.64417
-4.64417
1.776
-9.25144
-9.27327
-9.26894
-9.2553
3.559
-9.12792
-9.26984
-9.21914
-9.24029
3.574
-9.32409
-9.3196
-9.29591
-9.34119
3.539
-9.21186
-9.45725
-9.46411
-9.46997
3.45
-9.11351
-9.40262
-9.4339
-9.4217
3.725
-9.44098
-9.49852
-9.49654
-9.50621
3.31
-9.53896
-9.53502
-9.52849
-9.53942
3.568
-8.79905
-9.21368
-9.2594
-9.33547
3.59
-9.21769
-9.26334
-9.26628
-9.25078
3.689
-9.25347
-9.35376
-9.32774
-9.43518
3.586
-9.26023
-9.26711
-9.26124
-9.56956
3.581
-9.32631
-9.35367
-9.35698
-9.4394
3.55
-8.80181
-9.21521
-9.3205
-9.31503
3.56
-9.34064
-9.35583
-9.37008
-9.39216
3.597
-9.20414
-9.2035
-9.19242
-9.41778
3.42
-9.03327
-9.24148
-9.24072
-9.21475
3.527
-9.22441
-9.41959
-9.41637
-9.42511
3.585
-9.2833
-9.28116
-9.29572
-9.27143
3.54
-9.00338
-9.23617
-9.25592
-9.25765
3.591
-9.39662
-9.41377
-9.39863
-9.41325
3.575
-9.29455
-9.31336
-9.30117
-9.52249
3.31
-9.14027
-9.11912
-9.13961
-9.15147
3.439
-8.92333
-9.33345
-9.34754
-9.39504
3.434
-9.36585
-9.35876
-9.37709
-9.38097
3.435
-9.24958
-9.23661
-9.45049
-9.43818
3.544
-9.23804
-9.20435
-9.24757
-9.35523
3.425
-9.16147
-9.21983
-9.22686
-9.22017
3.596
-9.1101
-9.20253
-9.19636
-9.30328
3.146
-9.48225
-9.45334
-9.48046
-9.47288
3.266
-9.52676
-9.5341
-9.53832
-9.54315
3.487
-19.8623
-19.6878
-18.9832
-18.8783
10.294
-19.7914
-20.9877
-20.6743
-20.2476
10.244
-18.4566
-18.2184
-20.5362
-18.5869
10.424
-19.4617
-20.474
-19.1939
-18.6481
10.574
-17.7095
-18.954
-18.2879
-18.6855
10.295
-19.5943
-19.2713
-18.7884
-19.3423
10.783
-20.1988
-20.8454
-18.8613
-20.1607
10.111
-18.8334
-18.9571
-22.9257
-19.5593
10.518
-18.5159
-19.0903
-18.8709
-20.0745
10.294
-18.3131
-19.7623
-19.8182
-19.8087
10.221
-18.7691
-18.9066
-20.316
-19.9799
10.786
-20.3737
-20.1935
-19.5891
-19.4029
10.602
-20.3946
-18.8692
-19.8387
-19.9297
10.157
-19.1766
-18.5621
-21.2253
-20.5762
10.512
-18.1217
-18.2724
-19.6895
-19.1769
10.917
-19.4524
-19.2318
-18.6942
-19.2284
10.683
-19.9576
-19.5674
-18.413
-20.7873
10.356
-19.3656
-20.2112
-18.6435
-19.7226
10.431
-18.7346
-20.698
-20.0582
-19.1811
10.891
-19.8996
-20.2026
-19.9839
-20.1894
10.38
-19.0495
-20.1849
-19.1064
-19.533
10.494
-18.9457
-19.0526
-18.9474
-18.8454
10.094
-20.3594
-20.0151
-18.3955
-18.3116
10.746
-19.7111
-22.4484
-20.3012
-20.7026
10.585
-19.7402
-19.9067
-21.0646
-19.5319
11.01
-19.4651
-19.0591
-19.1194
-21.4014
10.718
-18.8427
-19.1409
-19.0903
-19.3806
10.281
-18.7686
-17.9383
-19.6124
-21.9677
10.405
-19.0982
-19.0067
-20.6545
-19.769
10.709
-17.7907
-20.1014
-19.4214
-20.3488
10.001