-4.68593
-4.68593
-4.68593
-4.68593
1.882
-4.68469
-4.68592
-4.68592
-4.68593
1.575
-4.68766
-4.68766
-4.68766
-4.68766
1.864
-4.68592
-4.68592
-4.68592
-4.68592
1.626
-4.68526
-4.68533
-4.68534
-4.68592
1.844
-4.64148
-4.64149
-4.64148
-4.64149
1.862
-4.64588
-4.64589
-4.64589
-4.67099
1.676
-4.68325
-4.68325
-4.68325
-4.68325
1.601
-4.68766
-4.68766
-4.68766
-4.68766
1.758
-4.68765
-4.68765
-4.68765
-4.68765
1.648
-4.68764
-4.68764
-4.68765
-4.68765
1.906
-4.5191
-4.5191
-4.66158
-4.68764
1.744
-4.53764
-4.53764
-4.53765
-4.53765
1.838
-4.53705
-4.53764
-4.53764
-4.53765
1.827
-4.68766
-4.68766
-4.68766
-4.68766
1.709
-4.49589
-4.49589
-4.49589
-4.49589
1.737
-4.68766
-4.68766
-4.68766
-4.68766
1.88
-4.64589
-4.64589
-4.64589
-4.64589
1.817
-4.64416
-4.64417
-4.64416
-4.64417
1.836
-4.33313
-4.37193
-4.3749
-4.3749
1.805
-4.53323
-4.53325
-4.53325
-4.53325
1.684
-4.64588
-4.64588
-4.64588
-4.68764
1.762
-4.49587
-4.53764
-4.53764
-4.53765
1.845
-4.68766
-4.68766
-4.68766
-4.68766
1.868
-4.68325
-4.68325
-4.68325
-4.68325
1.728
-4.68151
-4.68591
-4.68593
-4.68593
1.733
-4.67099
-4.68766
-4.68765
-4.68766
1.502
-4.6453
-4.68706
-4.68765
-4.68765
1.696
-4.64589
-4.64589
-4.68759
-4.68759
1.669
-4.68765
-4.68766
-4.68766
-4.68766
1.587
-8.22716
-8.81569
-8.81902
-9.02011
3.561
-9.1479
-9.14793
-9.42207
-9.42247
3.355
-9.02
-9.01633
-9.02221
-9.01819
3.847
-9.33687
-9.33754
-9.33831
-9.40665
3.647
-9.25511
-9.25448
-9.25835
-9.25815
3.562
-9.42851
-9.42834
-9.42943
-9.42898
3.496
-9.2008
-9.20597
-9.20826
-9.22393
3.209
-9.1989
-9.19969
-9.19807
-9.19969
3.486
-9.33052
-9.33199
-9.33136
-9.39866
3.482
-9.01274
-9.00996
-9.01026
-9.00858
3.336
-9.281
-9.47867
-9.48045
-9.47762
3.486
-8.90085
-8.90365
-8.90399
-8.90054
3.434
-9.24685
-9.24857
-9.24859
-9.24886
3.629
-9.05228
-9.04493
-9.26675
-9.36874
3.482
-9.0573
-9.06633
-9.06812
-9.06825
3.376
-9.2282
-9.22815
-9.23012
-9.22921
3.463
-9.18906
-9.26004
-9.26278
-9.26198
3.592
-9.21999
-9.21936
-9.21721
-9.32643
3.576
-9.08142
-9.08154
-9.07955
-9.08445
3.674
-8.67753
-8.85456
-8.85866
-8.86034
3.633
-9.04213
-9.04453
-9.08973
-9.04488
3.608
-9.0261
-9.02669
-9.24787
-9.14594
3.653
-8.81467
-8.90246
-8.93201
-9.12715
3.695
-9.24521
-9.24479
-9.24587
-9.24559
3.593
-9.15989
-9.16471
-9.16317
-9.16481
3.52
-9.16344
-9.16729
-9.16655
-9.16576
3.572
-9.29747
-9.31653
-9.31701
-9.31658
3.831
-9.27726
-9.27698
-9.27945
-9.27874
3.86
-9.38764
-9.38992
-9.48289
-9.49366
3.656
-9.14249
-9.1513
-9.15489
-9.15798
3.605
-25.4248
-25.6149
-25.7095
-25.5659
10.619
-24.5425
-25.0509
-24.7746
-25.4983
10.379
-25.3474
-26.18
-25.7657
-25.3781
10.33
-24.2478
-24.2725
-24.3499
-25.2326
10.594
-25.4869
-26.3679
-25.4975
-26.5284
10.671
-25.0392
-25.0944
-25.545
-25.8273
10.438
-24.4726
-24.429
-25.0577
-25.8759
10.364
-24.4332
-24.4817
-25.9583
-25.0755
10.395
-24.3513
-24.205
-23.8344
-24.9587
10.265
-23.6888
-25.1528
-25.2064
-25.6888
10.177
-24.5049
-24.8921
-25.4815
-24.9923
10.364
-23.9584
-24.3072
-24.8498
-25.4602
10.616
-25.0798
-25.7087
-24.8972
-24.2152
10.675
-24.2092
-24.3429
-25.248
-24.6489
10.473
-24.951
-25.6434
-25.928
-26.2256
10.371
-25.0219
-25.3452
-24.9379
-25.2506
10.424
-24.2828
-24.7815
-25.1946
-25.802
10.522
-24.2908
-24.1038
-25.3531
-24.5694
10.072
-25.4646
-24.964
-25.3178
-25.746
10.852
-24.9378
-25.6455
-24.9996
-25.2197
10.045
-24.2073
-25.6246
-24.9052
-25.2348
10.451
-24.0484
-24.507
-24.0819
-25.1686
10.361
-25.0793
-24.1586
-24.7399
-23.9703
10.341
-24.6693
-25.7114
-24.3379
-24.6888
10.603
-24.1218
-25.0385
-24.8301
-25.3674
10.815
-23.6322
-23.8155
-24.3508
-24.3914
10.741
-24.4505
-24.1015
-23.8154
-24.7323
10.193
-24.0839
-24.7357
-24.5287
-25.9178
10.707
-25.4617
-25.1863
-25.755
-25.335
10.54
-25.5021
-25.8079
-25.2184
-24.6192
9.92