-4.51653
-4.51657
-4.51654
-4.51655
0.891
-4.64589
-4.64589
-4.64589
-4.64589
0.917
-4.34057
-4.36834
-4.36971
-4.36975
0.904
-4.49587
-4.49587
-4.49587
-4.49587
0.902
-4.68591
-4.68593
-4.68592
-4.68593
0.906
-4.64413
-4.64415
-4.64412
-4.64413
0.923
-4.64589
-4.64589
-4.64589
-4.64589
0.821
-4.49149
-4.49149
-4.51268
-4.51657
0.905
-4.54155
-4.64522
-4.64586
-4.67045
0.826
-4.53749
-4.53759
-4.53758
-4.53759
0.924
-4.68524
-4.68531
-4.6858
-4.6859
0.864
-4.61242
-4.61238
-4.61243
-4.61243
0.91
-4.64589
-4.64589
-4.64589
-4.64589
0.928
-4.49589
-4.49589
-4.49589
-4.49589
0.891
-4.49588
-4.49587
-4.49588
-4.52092
0.771
-4.52482
-4.52482
-4.52483
-4.52483
0.901
-4.49433
-4.49478
-4.49478
-4.49478
0.912
-4.53764
-4.53764
-4.53764
-4.53764
0.854
-4.49086
-4.49087
-4.49147
-4.49146
0.914
-4.68527
-4.68533
-4.68531
-4.68531
0.826
-4.65684
-4.65685
-4.68593
-4.68592
0.932
-4.64147
-4.64148
-4.64149
-4.64146
0.867
-4.68325
-4.68324
-4.68325
-4.68325
0.9
-4.37481
-4.37481
-4.37481
-4.53279
0.89
-4.47735
-4.47734
-4.47734
-4.47732
0.9
-4.64148
-4.64148
-4.64148
-4.64149
0.73
-4.32916
-4.32912
-4.35823
-4.35822
0.891
-4.49585
-4.52097
-4.53764
-4.53764
0.875
-4.68589
-4.68593
-4.68593
-4.68593
0.872
-4.51908
-4.5191
-4.51911
-4.5191
0.886
-8.82251
-8.82259
-8.82194
-8.82117
1.82
-9.21889
-9.22317
-9.21848
-9.21815
1.558
-9.07465
-9.0837
-9.08627
-9.09715
1.911
-9.0032
-9.10606
-9.10497
-9.11089
1.771
-9.30569
-9.31007
-9.31093
-9.31089
1.775
-9.26945
-9.28548
-9.29619
-9.28391
1.683
-8.67766
-8.71263
-8.97877
-9.21423
1.506
-9.15785
-9.15591
-9.16283
-9.16479
1.556
-8.48283
-8.54685
-8.54068
-8.55575
1.697
-9.34362
-9.34411
-9.34117
-9.34583
1.566
-8.98275
-8.98711
-8.98419
-9.19398
1.739
-8.61676
-8.60888
-8.61808
-8.72616
1.484
-8.58422
-8.5809
-8.58765
-8.76479
1.653
-9.19712
-9.19359
-9.306
-9.29678
1.804
-8.92798
-8.92533
-8.92263
-8.92728
1.689
-9.32009
-9.3169
-9.31684
-9.31472
1.667
-8.61907
-8.87432
-8.8714
-8.87075
1.723
-9.27622
-9.27829
-9.34883
-9.36273
1.802
-9.02129
-9.02066
-9.02849
-9.03283
1.782
-9.10553
-9.11423
-9.10431
-9.11067
1.831
-9.16028
-9.17182
-9.17703
-9.1727
1.869
-8.93513
-9.19277
-9.20603
-9.22834
1.824
-8.48573
-8.52639
-8.5678
-8.74579
1.895
-9.13247
-9.39606
-9.39554
-9.4063
1.763
-9.39235
-9.38624
-9.39059
-9.38676
1.74
-9.35904
-9.40247
-9.38898
-9.38592
1.748
-8.59559
-9.17242
-9.1697
-9.17043
1.699
-8.72837
-8.74098
-8.73214
-8.73663
1.536
-9.06204
-9.07943
-9.07457
-9.07871
1.561
-9.12588
-9.31819
-9.41535
-9.41675
1.693
-22.7359
-22.271
-23.1099
-22.0752
4.721
-21.9367
-21.89
-22.0448
-22.3755
5.191
-21.3376
-22.42
-21.4854
-20.4537
5.317
-21.8258
-23.0198
-22.8222
-21.7839
5.349
-22.9173
-22.8429
-22.9357
-22.0065
5.046
-21.1997
-22.0618
-22.6177
-21.9401
5.17
-21.8929
-21.5366
-23.7881
-22.0378
5.189
-22.1187
-20.6794
-20.7985
-21.5727
5.051
-21.1955
-21.6765
-20.8562
-21.9799
5.186
-22.2316
-22.874
-21.808
-22.2221
5.063
-23.0317
-21.7653
-23.2525
-23.3127
5.132
-21.8856
-21.6626
-21.4148
-22.3733
5.407
-21.6821
-22.6427
-23.0449
-22.3284
5.289
-21.0896
-23.1071
-22.054
-21.0443
5.08
-22.9568
-23.0408
-22.6648
-21.5613
5.14
-22.7648
-24.7646
-22.3361
-22.9899
5.174
-21.9337
-22.9423
-23.2271
-21.7928
5.169
-22.4607
-22.2753
-21.6542
-21.8852
5.373
-21.2684
-21.9362
-21.5919
-22.6641
5.168
-21.2223
-21.7862
-21.8902
-21.4361
5.227
-20.9972
-22.5831
-22.0847
-21.4791
5.201
-22.7747
-21.3585
-21.5745
-23.0398
5.117
-22.2823
-22.2236
-22.4811
-22.8284
5.232
-22.4554
-21.2789
-22.6186
-22.4212
4.83
-21.5362
-22.0869
-22.5411
-22.9513
4.715
-22.4142
-22.1751
-22.4354
-23.2496
4.918
-22.023
-22.1552
-20.8656
-20.8437
5.113
-21.5735
-22.7651
-21.2945
-22.8146
4.741
-21.3804
-21.8576
-21.6962
-21.4993
5.2
-21.8635
-22.2384
-23.3508
-21.9821
5.085