-4.63654
-4.63781
-4.6305
-4.63204
6.862
-4.68196
-4.67633
-4.68271
-4.68697
6.796
-4.68287
-4.67732
-4.68375
-4.67887
6.679
-4.19576
-4.67603
-4.68309
-4.67502
6.922
-4.52991
-4.53654
-4.53635
-4.51917
6.892
-4.51014
-4.51206
-4.51347
-4.66905
6.731
-4.51999
-4.67513
-4.68084
-4.66322
6.88
-4.67604
-4.68012
-4.67836
-4.67764
6.94
-4.53182
-4.53511
-4.53137
-4.53039
6.79
-4.47772
-4.52211
-4.51854
-4.51756
6.924
-4.50594
-4.50554
-4.51836
-4.51971
6.903
-4.46714
-4.52193
-4.52142
-4.52339
6.92
-4.4469
-4.4408
-4.48839
-4.49277
6.849
-4.51933
-4.51799
-4.51835
-4.51626
6.87
-4.03408
-4.37247
-4.36899
-4.37441
6.947
-4.47964
-4.48193
-4.52367
-4.52297
6.897
-4.64102
-4.64377
-4.63407
-4.64343
6.799
-4.66856
-4.67982
-4.67762
-4.6813
6.923
-4.32691
-4.33027
-4.36664
-4.37261
6.896
-4.36468
-4.37325
-4.35362
-4.37131
6.937
-4.64257
-4.6415
-4.65818
-4.68449
6.91
-4.53636
-4.52867
-4.53381
-4.52365
6.958
-4.68629
-4.68079
-4.68237
-4.68462
6.866
-4.51857
-4.53136
-4.53063
-4.5332
6.911
-4.51955
-4.51318
-4.52106
-4.52079
6.744
-4.53342
-4.53178
-4.53189
-4.52654
6.946
-4.67706
-4.67376
-4.6712
-4.67317
6.883
-4.67818
-4.68419
-4.68221
-4.66863
6.728
-4.47854
-4.47949
-4.47639
-4.47959
6.839
-4.53411
-4.53567
-4.52932
-4.53253
6.792
-9.54722
-9.54824
-9.52946
-9.60795
13.561
-9.02671
-9.03513
-9.42493
-9.44624
13.259
-8.7532
-9.04795
-9.02512
-9.05704
11.841
-9.43421
-9.44199
-9.44611
-9.42803
13.266
-9.21334
-9.38161
-9.37071
-9.37105
13.292
-9.25906
-9.23964
-9.51808
-9.53003
13.507
-9.54959
-9.5694
-9.56106
-9.56072
13.352
-8.97793
-9.20908
-9.42713
-9.4231
13.552
-9.04428
-9.16355
-9.16503
-9.15315
13.499
-9.16028
-9.3849
-9.36544
-9.41519
13.356
-8.99528
-9.10468
-9.11615
-9.09519
13.382
-9.35695
-9.36915
-9.35924
-9.34222
13.379
-9.26011
-9.22906
-9.21756
-9.40829
13.211
-9.39004
-9.40371
-9.402
-9.41047
13.371
-8.88403
-8.85792
-9.06281
-9.37272
12.725
-9.4427
-9.43923
-9.43108
-9.46167
12.822
-9.12439
-9.12188
-9.14324
-9.1294
12.593
-9.07146
-9.10572
-9.10392
-9.23035
13.464
-9.42734
-9.42348
-9.44053
-9.43622
13.537
-9.18727
-9.24642
-9.25187
-9.25194
13.28
-8.97076
-9.09583
-9.09731
-9.13676
13.537
-8.98216
-9.1838
-9.18951
-9.22494
12.904
-9.22851
-9.20757
-9.44488
-9.4512
13.002
-9.13471
-9.17617
-9.16702
-9.19431
13.346
-9.48447
-9.48353
-9.4994
-9.4591
13.494
-9.19725
-9.28755
-9.40629
-9.41947
12.922
-9.22797
-9.43788
-9.4163
-9.42777
12.935
-8.94309
-9.22559
-9.23783
-9.33608
13.534
-9.04055
-9.06447
-9.0673
-9.07172
13.535
-9.26103
-9.42091
-9.39888
-9.43541
13.345
-27.2789
-27.1872
-27.5841
-27.6958
39.324
-27.4378
-28.095
-27.8629
-28.0432
38.149
-27.0398
-27.4571
-27.4968
-27.6603
38.129
-26.8078
-27.3659
-27.3151
-27.3034
38.306
-27.2157
-28.3354
-27.8238
-28.3188
38.544
-26.5118
-26.9166
-27.2022
-27.2148
38.082
-27.5707
-27.6064
-27.4057
-27.5894
37.814
-26.8143
-27.0994
-27.6241
-27.753
40.161
-27.1097
-27.7012
-27.7174
-27.472
35.791
-26.6509
-26.7401
-26.9275
-27.7024
40.156
-27.011
-27.4595
-27.6207
-27.3802
39.51
-27.6927
-27.8915
-28.1029
-28.1497
40.108
-27.3323
-27.2931
-27.757
-27.7115
38.96
-27.4729
-27.4716
-27.9593
-27.7851
38.297
-26.7312
-27.3454
-26.9649
-27.6605
37.743
-27.3825
-27.2352
-27.4399
-27.4208
39.987
-26.9388
-27.2228
-27.5375
-28.1282
40.058
-26.1078
-26.6886
-27.0994
-27.1988
38.144
-27.1726
-27.9223
-28.145
-28.2341
36.591
-26.3142
-26.5112
-26.9467
-26.749
38.253
-25.7797
-26.7685
-26.8422
-26.6559
38.797
-27.136
-27.3088
-27.0754
-27.0496
38.983
-26.5745
-27.5293
-27.418
-28.0212
38.875
-26.7659
-27.5284
-27.1435
-27.5644
39.916
-27.1914
-27.5057
-27.5497
-27.7777
38.854
-27.3017
-27.9335
-27.802
-28.0148
37.46
-26.4813
-27.6223
-27.9054
-28.2802
38.58
-26.7
-27.1934
-27.6891
-27.5645
37.396
-26.8175
-27.6074
-27.8042
-27.6383
38.882
-27.6795
-27.9387
-27.5289
-28.1108
38.026