-4.63955
-4.66448
-4.6646
-4.66444
1.919
-4.68765
-4.68765
-4.68765
-4.68765
1.509
-4.64573
-4.64576
-4.68752
-4.68765
1.835
-4.47671
-4.47669
-4.64352
-4.64357
1.797
-4.5191
-4.51907
-4.51911
-4.51907
1.889
-4.68751
-4.68764
-4.68764
-4.68764
1.438
-4.51844
-4.687
-4.68705
-4.68703
1.724
-4.68708
-4.68764
-4.68764
-4.68764
1.77
-4.68765
-4.68766
-4.68764
-4.68765
1.833
-4.64408
-4.66914
-4.683
-4.6859
1.43
-4.68321
-4.68324
-4.68325
-4.6832
1.776
-4.61681
-4.67034
-4.67033
-4.67029
1.735
-4.68765
-4.68764
-4.68763
-4.68766
1.776
-4.53765
-4.53765
-4.53765
-4.53765
1.805
-4.68765
-4.68765
-4.68765
-4.68765
1.649
-4.687
-4.68704
-4.68705
-4.68704
1.767
-4.68588
-4.68592
-4.68591
-4.68591
1.502
-4.64526
-4.64529
-4.64589
-4.64589
1.755
-4.51656
-4.51654
-4.53318
-4.53324
1.833
-4.64147
-4.64137
-4.64145
-4.64589
1.985
-4.68141
-4.68145
-4.68148
-4.68141
1.742
-4.68263
-4.68265
-4.68264
-4.68258
1.773
-4.64147
-4.64146
-4.64146
-4.64143
1.779
-4.687
-4.68703
-4.68702
-4.68705
1.803
-4.68529
-4.68527
-4.6853
-4.68592
1.679
-4.52098
-4.52099
-4.52094
-4.52093
1.837
-4.68588
-4.68593
-4.68592
-4.68592
1.959
-4.6586
-4.68764
-4.68765
-4.68764
1.644
-4.64148
-4.64143
-4.64144
-4.64147
1.746
-4.49588
-4.49589
-4.49589
-4.49589
1.839
-9.22175
-9.24621
-9.19145
-9.28387
3.423
-9.43235
-9.4528
-9.41895
-9.44478
3.332
-9.16045
-9.14271
-9.23265
-9.21959
3.627
-9.21216
-9.18461
-9.26477
-9.28732
3.276
-9.05698
-9.26803
-9.36499
-9.30308
3.308
-9.00806
-9.09014
-8.93908
-9.1064
3.573
-8.98378
-9.12167
-9.05055
-9.07021
3.622
-9.32472
-9.35067
-9.31564
-9.45977
3.61
-9.02375
-8.98761
-9.11965
-9.12046
3.67
-8.77473
-9.27836
-9.31213
-9.33931
3.575
-9.35954
-9.32556
-9.53967
-9.45156
3.695
-9.0021
-9.07569
-8.93812
-9.15586
3.535
-9.13922
-9.1786
-9.20344
-9.28434
3.58
-9.11215
-9.33252
-9.29013
-9.3443
3.47
-9.22898
-9.21303
-9.23374
-9.13952
3.625
-9.21795
-9.16868
-9.20929
-9.18766
3.537
-9.23974
-9.30233
-9.36408
-9.3402
3.404
-9.24738
-9.24726
-9.31625
-9.2176
3.574
-8.91903
-9.01773
-9.07899
-9.37056
3.611
-9.36696
-9.52513
-9.49407
-9.46128
3.707
-9.29427
-9.26313
-9.31249
-9.29583
3.36
-9.51874
-9.51686
-9.52447
-9.4939
3.434
-8.91242
-9.22006
-9.33961
-9.36172
3.122
-9.09018
-9.0683
-9.15234
-9.09863
3.493
-8.45658
-8.59074
-8.5954
-8.45033
3.297
-9.33273
-9.48673
-9.40983
-9.43613
3.526
-9.1549
-9.28068
-9.20826
-9.17879
3.27
-9.28577
-9.35833
-9.38092
-9.40934
3.518
-9.17475
-9.19929
-9.38306
-9.37514
3.366
-9.18169
-9.28015
-9.36086
-9.28196
3.587
-16.4645
-17.775
-18.3649
-18.5393
10.603
-17.3611
-17.2192
-18.1618
-18.359
9.905
-18.1519
-18.5753
-17.1632
-19.0373
10.194
-18.8279
-18.1172
-17.5686
-18.3553
10.087
-17.5284
-18.0277
-17.9131
-19.1745
10.157
-19.1274
-17.569
-18.8922
-17.4811
10.095
-17.3844
-18.1847
-18.5197
-17.4392
10.112
-16.0624
-17.2871
-18.1624
-17.9578
10.575
-17.0673
-19.2564
-17.1092
-19.0688
10.924
-16.2577
-16.4499
-18.2454
-17.6083
10.395
-18.6744
-17.7483
-17.9408
-18.5906
10.446
-17.6884
-17.5484
-20.4355
-18.8288
10.605
-17.8134
-18.6082
-17.3366
-16.8218
10.538
-17.8357
-18.2683
-17.9708
-18.546
10.729
-17.6501
-17.4926
-20.0677
-16.5844
10.845
-17.9278
-17.6149
-18.3969
-17.069
9.968
-19.1479
-20.0165
-19.6535
-17.6143
10.12
-18.0641
-17.9705
-17.9111
-19.2114
10.475
-17.7143
-16.8516
-17.4486
-18.723
10.019
-17.1743
-18.4309
-18.505
-18.376
10.318
-18.7079
-16.9361
-19.0279
-18.6522
10.654
-17.8329
-17.8251
-18.4761
-16.7933
10.527
-18.6326
-17.9878
-18.8695
-17.2499
10.172
-17.8185
-19.0005
-16.837
-17.3122
9.673
-17.8606
-17.5412
-18.7098
-18.7073
10.085
-17.8673
-18.0772
-19.5311
-17.0858
10.759
-17.949
-16.4928
-18.2885
-19.6246
10.895
-17.3459
-17.9629
-16.7363
-18.2362
10.698
-17.7724
-17.5184
-17.3486
-17.9239
10.768
-18.1116
-17.8122
-17.3087
-18.3522
9.418