-4.6459
-4.6459
-4.6459
-4.6459
1.856
-4.68325
-4.68325
-4.68325
-4.68325
1.966
-4.47236
-4.6409
-4.6409
-4.6409
1.959
-4.42518
-4.4947
-4.49477
-4.68764
1.927
-4.68764
-4.68764
-4.68764
-4.68764
2.189
-4.37534
-4.37534
-4.37534
-4.37534
2.084
-4.64193
-4.64193
-4.64193
-4.64193
1.952
-4.66659
-4.66659
-4.66659
-4.66659
1.952
-4.64589
-4.64589
-4.64589
-4.64589
1.997
-4.46549
-4.48081
-4.48081
-4.48081
2.016
-4.64085
-4.64085
-4.64149
-4.64149
2.093
-4.50246
-4.50246
-4.67099
-4.67099
1.979
-4.64525
-4.64525
-4.64589
-4.64589
2.048
-4.61244
-4.61244
-4.61244
-4.64149
1.973
-4.49149
-4.49149
-4.49149
-4.49149
2.025
-4.48978
-4.48978
-4.48978
-4.48978
1.996
-4.66599
-4.66599
-4.66599
-4.666
1.864
-4.49025
-4.49025
-4.49149
-4.49149
2.046
-4.49589
-4.49589
-4.49589
-4.49589
1.916
-4.35636
-4.35636
-4.35636
-4.35636
2.049
-4.64149
-4.64149
-4.64149
-4.64149
1.838
-4.68753
-4.68753
-4.68753
-4.68766
1.928
-4.49528
-4.49528
-4.49528
-4.49528
1.915
-4.47672
-4.47672
-4.47672
-4.47672
1.927
-4.45358
-4.45358
-4.45358
-4.48263
2.051
-4.49528
-4.49528
-4.49529
-4.49529
2.026
-4.64589
-4.64589
-4.67097
-4.67099
2.09
-4.68093
-4.68093
-4.68093
-4.68093
1.977
-4.67099
-4.67099
-4.68765
-4.68765
2.144
-4.49589
-4.49589
-4.49589
-4.49589
2.125
-9.18454
-9.34337
-9.34337
-9.34337
3.945
-9.40641
-9.49341
-9.49341
-9.49341
3.778
-9.06472
-9.06472
-9.06472
-9.06472
3.723
-9.41963
-9.41963
-9.41963
-9.42084
3.788
-9.1204
-9.40028
-9.4005
-9.4005
3.181
-9.29779
-9.29779
-9.29779
-9.29779
3.646
-9.17423
-9.17437
-9.17444
-9.17444
3.758
-9.01849
-9.28877
-9.28878
-9.48165
3.664
-9.03155
-9.11918
-9.33409
-9.33409
3.996
-9.38277
-9.57576
-9.57576
-9.57576
3.816
-9.52581
-9.5541
-9.55427
-9.55427
3.71
-8.99727
-8.99728
-8.99791
-9.20932
3.508
-9.30192
-9.30192
-9.30192
-9.30192
3.336
-8.82444
-9.07945
-9.07945
-9.07945
3.691
-9.50651
-9.50651
-9.50651
-9.6152
3.654
-8.69212
-8.79819
-8.79819
-8.99104
3.985
-9.24639
-9.24639
-9.24647
-9.24647
3.393
-9.15209
-9.15209
-9.3206
-9.3206
3.588
-9.42477
-9.42541
-9.42541
-9.42541
3.844
-9.41879
-9.42169
-9.45074
-9.45074
2.99
-8.97513
-8.97577
-9.20912
-9.20912
3.591
-9.61288
-9.61288
-9.61288
-9.61288
3.537
-8.70178
-8.78084
-8.78137
-8.78137
3.805
-8.99096
-8.99162
-8.99162
-8.99162
3.616
-9.51863
-9.51863
-9.51863
-9.51863
3.668
-8.98922
-9.31611
-9.31616
-9.31616
3.664
-9.50391
-9.50391
-9.50391
-9.50391
3.573
-9.10871
-9.51864
-9.51864
-9.54769
3.866
-8.81541
-8.81541
-9.08441
-9.12609
3.876
-8.82584
-8.82584
-8.82584
-8.82584
3.798
-26.2649
-26.1303
-25.9109
-26.3032
10.262
-25.7052
-25.9037
-26.2561
-26.1291
10.343
-26.144
-25.9378
-26.3921
-25.7565
10.485
-25.9639
-26.3013
-26.243
-27.4986
10.897
-26.4355
-26.2883
-26.8438
-26.8263
10.975
-25.3058
-26.0221
-26.1766
-25.9789
10.94
-25.0551
-26.0642
-26.5936
-26.5968
10.874
-25.5947
-26.0608
-26.1852
-27.3167
10.772
-25.7247
-26.0431
-26.4466
-27.0222
11.357
-25.6898
-26.1619
-26.0802
-26.3684
10.739
-25.5842
-25.8971
-26.3895
-26.197
10.276
-25.9537
-26.2543
-26.7134
-26.793
10.856
-25.5436
-25.5205
-25.4008
-25.371
10.806
-26.6371
-26.6187
-27.2248
-26.6543
10.362
-26.5818
-26.6366
-25.861
-25.8208
10.285
-25.733
-25.4135
-26.0887
-25.8909
10.11
-26.3091
-26.5496
-26.5973
-27.2196
10.908
-25.182
-27.2511
-26.4843
-25.8976
10.57
-25.5656
-26.9297
-27.1148
-27.0693
10.989
-26.236
-26.363
-26.7836
-26.9174
10.602
-23.7972
-24.5775
-26.8057
-25.3341
10.187
-25.679
-25.8746
-26.2715
-26.1133
10.705
-26.3954
-25.4357
-26.6514
-26.6812
10.646
-25.023
-26.1608
-26.312
-26.3192
11.304
-27.0789
-26.5251
-26.704
-25.8979
10.366
-25.913
-26.6376
-26.4621
-26.448
10.88
-24.9357
-26.1298
-26.1999
-26.1635
10.85
-26.2205
-24.7834
-25.8482
-26.0237
10.366
-25.8168
-26.1091
-27.9555
-27.0855
11.074
-26.434
-25.775
-26.7479
-25.6299
10.543