-4.68325
-4.68325
-4.68324
-4.68325
9.106
-4.53765
-4.53765
-4.53765
-4.53766
9.012
-4.6815
-4.68152
-4.6815
-4.68152
8.935
-4.64416
-4.68582
-4.68593
-4.68593
9.264
-4.68706
-4.68765
-4.68766
-4.68766
9.011
-4.53765
-4.53766
-4.53766
-4.53766
9.171
-4.64417
-4.68593
-4.68593
-4.68592
9.334
-4.64417
-4.68591
-4.68593
-4.68593
8.403
-4.68585
-4.68593
-4.68593
-4.68593
8.95
-4.68766
-4.68766
-4.68766
-4.68766
9.408
-4.50771
-4.5249
-4.5249
-4.5249
9.233
-4.68766
-4.68766
-4.68766
-4.68766
9
-4.49459
-4.49466
-4.68766
-4.68766
9.296
-4.67098
-4.68766
-4.68765
-4.68766
8.926
-4.6459
-4.6459
-4.68766
-4.68766
9.341
-4.68766
-4.68766
-4.68766
-4.68766
9.307
-4.53765
-4.53765
-4.53765
-4.53765
9.268
-4.68766
-4.68766
-4.68765
-4.68766
8.111
-4.68766
-4.68766
-4.68766
-4.68766
9.355
-4.66926
-4.68593
-4.68593
-4.68593
9.184
-4.68317
-4.68324
-4.68325
-4.68325
8.831
-4.50647
-4.52316
-4.68151
-4.68149
9.007
-4.53766
-4.53765
-4.53765
-4.53765
8.594
-4.68765
-4.68766
-4.68766
-4.68765
8.902
-4.68765
-4.68766
-4.68766
-4.68766
8.995
-4.64589
-4.68765
-4.68766
-4.68765
8.727
-4.52488
-4.68324
-4.68325
-4.68324
8.475
-4.64588
-4.67097
-4.68766
-4.68765
9.066
-4.53706
-4.53765
-4.53766
-4.53766
8.71
-4.66658
-4.68325
-4.68325
-4.68766
8.453
-9.60052
-9.60008
-9.59582
-9.59602
17.665
-8.87394
-8.97499
-8.97387
-8.97341
16.948
-9.31183
-9.31381
-9.30783
-9.31243
17.826
-9.06183
-9.06046
-9.1636
-9.33148
17.705
-9.01764
-9.02158
-9.19425
-9.19764
17.467
-9.54514
-9.54269
-9.54847
-9.54658
17.601
-9.39836
-9.38941
-9.40016
-9.41948
17.315
-9.0915
-9.27316
-9.37064
-9.35596
17.657
-9.01661
-9.00293
-9.00566
-9.10529
17.705
-9.08689
-9.08313
-9.09426
-9.29595
17.611
-9.43919
-9.43303
-9.45244
-9.45421
17.417
-8.86787
-9.07642
-9.06956
-9.20619
17.8
-9.51913
-9.56028
-9.55191
-9.55185
17.121
-9.24587
-9.24112
-9.24205
-9.24194
16.69
-9.45084
-9.45667
-9.45024
-9.44913
17.577
-9.09692
-9.28954
-9.28901
-9.28856
17.767
-9.11484
-9.12601
-9.32016
-9.3464
17.686
-9.50014
-9.53682
-9.54194
-9.5423
16.933
-9.1462
-9.21071
-9.20065
-9.20935
17.296
-9.31558
-9.32346
-9.32285
-9.31808
17.149
-9.41507
-9.54058
-9.54969
-9.54841
17.245
-9.24708
-9.23994
-9.24102
-9.23724
17.347
-8.9433
-9.14691
-9.14712
-9.14438
17.477
-9.40037
-9.39678
-9.49754
-9.49643
17.92
-9.43297
-9.57781
-9.59212
-9.5997
17.306
-9.27178
-9.2702
-9.26332
-9.27166
17.635
-9.06787
-9.28165
-9.50789
-9.50836
17.282
-9.34162
-9.33732
-9.44237
-9.59657
16.671
-9.267
-9.26567
-9.28452
-9.42928
17.782
-9.1524
-9.18455
-9.18776
-9.17718
17.627
-22.2254
-22.1412
-24.2112
-22.7893
51.153
-20.9015
-21.987
-22.5917
-21.5351
53.134
-21.3525
-23.5695
-22.4884
-21.4972
53.01
-22.1212
-22.3519
-21.9519
-21.9322
53.662
-22.7761
-22.1746
-22.1265
-23.6735
51.565
-22.7802
-22.1481
-23.3509
-22.0039
51.181
-21.0859
-22.5422
-21.6875
-22.5387
52.13
-21.7236
-22.4601
-23.0673
-22.4449
52.72
-20.7991
-22.3003
-21.7499
-22.9084
53.309
-22.5483
-23.125
-23.424
-21.6896
53.74
-21.6378
-23.5305
-22.5177
-22.7503
53.626
-23.2593
-22.3139
-22.3731
-22.4114
52.418
-22.3233
-22.4405
-22.2403
-23.0225
52.746
-22.9182
-23.1326
-22.3513
-22.5007
50.829
-21.4992
-21.415
-22.911
-21.2548
52.333
-23.5236
-22.1659
-23.158
-21.5987
52.064
-22.2764
-23.2051
-21.7696
-23.3155
52.853
-24.315
-23.5627
-22.771
-21.6143
51.24
-22.9334
-22.8477
-22.8969
-21.5791
52.641
-23.7047
-21.8204
-22.2945
-23.1625
53.035
-20.9272
-22.51
-21.3994
-21.8959
52.257
-22.1643
-23.2282
-23.1473
-21.5789
51.946
-22.2679
-21.1891
-22.2912
-22.8724
53.71
-23.2885
-22.7161
-22.4833
-23.1515
51.741
-21.5767
-22.0888
-22.5388
-22.4931
53.145
-23.1288
-22.3241
-22.4153
-23.3042
52.92
-21.378
-22.8086
-22.9696
-22.8161
51.171
-23.9338
-20.9887
-22.8366
-22.3031
53.109
-22.0651
-22.5041
-23.1542
-21.9556
53.126
-22.9928
-22.7166
-22.0871
-23.0946
51.974