-4.68153
-4.68593
-4.68593
-4.68593
19.284
-4.68153
-4.68153
-4.68152
-4.68153
18.763
-4.68766
-4.68766
-4.68766
-4.68766
19.378
-4.67099
-4.68766
-4.68766
-4.68766
18.671
-4.68766
-4.68766
-4.68766
-4.68766
18.412
-4.68153
-4.68153
-4.68153
-4.68153
17.022
-4.68593
-4.68593
-4.68593
-4.68593
18.114
-4.68707
-4.68766
-4.68766
-4.68766
18.692
-4.68766
-4.68766
-4.68766
-4.68766
18.374
-4.68766
-4.68766
-4.68766
-4.68766
18.243
-4.68153
-4.68153
-4.68152
-4.68152
18.172
-4.6459
-4.68766
-4.68766
-4.68766
19.38
-4.53766
-4.53766
-4.53766
-4.53766
18.532
-4.49478
-4.68766
-4.68766
-4.68766
18.803
-4.68706
-4.68766
-4.68766
-4.68766
18.478
-4.68707
-4.68707
-4.68707
-4.68707
19.164
-4.53766
-4.53766
-4.53766
-4.53766
18.395
-4.68593
-4.68593
-4.68593
-4.68593
18.695
-4.64589
-4.68766
-4.68766
-4.68766
18.082
-4.33254
-4.4953
-4.4953
-4.53706
18.773
-4.68325
-4.68325
-4.68325
-4.68325
18.032
-4.68266
-4.68266
-4.68266
-4.68325
19.234
-4.66927
-4.68593
-4.68593
-4.68593
18.838
-4.68593
-4.68593
-4.68593
-4.68593
18.192
-4.68707
-4.68707
-4.68707
-4.68766
19.232
-4.68534
-4.68593
-4.68593
-4.68593
18.502
-4.49149
-4.53325
-4.53325
-4.53325
18.138
-4.68153
-4.68593
-4.68593
-4.68593
16.875
-4.52317
-4.68593
-4.68593
-4.68593
18.415
-4.68766
-4.68766
-4.68766
-4.68766
18.345
-9.32613
-9.50594
-9.53137
-9.49962
35.127
-9.47609
-9.47841
-9.48886
-9.54256
35.681
-9.51585
-9.5093
-9.51285
-9.51591
34.998
-9.41078
-9.45352
-9.45889
-9.45389
36.818
-9.43997
-9.496
-9.50216
-9.49772
35.432
-9.60266
-9.58698
-9.59766
-9.61062
36.673
-9.45643
-9.44634
-9.45718
-9.47622
36.555
-9.37612
-9.5907
-9.60951
-9.57286
36.535
-9.3112
-9.36794
-9.34193
-9.35563
35.359
-9.4551
-9.4566
-9.45312
-9.57553
34.467
-9.59178
-9.58675
-9.60304
-9.60115
35.471
-9.49518
-9.51381
-9.52204
-9.51406
37.054
-9.43309
-9.43572
-9.38482
-9.56423
35.353
-9.35417
-9.32988
-9.39301
-9.39661
35.458
-9.23632
-9.44699
-9.50273
-9.50823
35.573
-9.20118
-9.29428
-9.28718
-9.36527
35.249
-9.23813
-9.55904
-9.60731
-9.6054
33.841
-9.48187
-9.48557
-9.47363
-9.60905
35.36
-9.44598
-9.4441
-9.45707
-9.45593
36.332
-9.43672
-9.52751
-9.52827
-9.51062
35.4
-9.27863
-9.58127
-9.59786
-9.52011
34.379
-9.33166
-9.43566
-9.47646
-9.4824
37.006
-9.54151
-9.56203
-9.57744
-9.57681
35.505
-9.59813
-9.58574
-9.59833
-9.58311
37.432
-9.4948
-9.5098
-9.49804
-9.5518
35.407
-9.19787
-9.3101
-9.2981
-9.38225
37.217
-9.62022
-9.62889
-9.6135
-9.61604
35.326
-9.45359
-9.64315
-9.59329
-9.61866
35.161
-9.37256
-9.40839
-9.54395
-9.53784
34.223
-9.44976
-9.46433
-9.53861
-9.53829
35.064
-19.8679
-18.8659
-18.9659
-18.8834
109.457
-20.1537
-19.5433
-21.3301
-19.4985
104.762
-19.3372
-19.4289
-20.7109
-20.277
101.672
-18.6668
-19.0329
-18.7711
-19.3677
102.934
-19.88
-18.7807
-19.679
-19.6727
105.833
-20.3072
-19.9575
-18.7522
-19.5479
106.404
-19.8531
-19.7414
-19.4426
-19.0187
103.859
-20.2792
-19.0224
-21.1541
-19.944
107.381
-18.8434
-18.4024
-21.3909
-18.8549
101.88
-18.5012
-19.8758
-17.9291
-18.9213
106.233
-19.2822
-18.8438
-20.2145
-19.3468
105.342
-19.984
-19.7621
-18.4838
-19.4818
107.407
-19.6026
-19.4739
-18.4386
-20.1788
108.806
-19.2241
-19.7477
-19.9708
-19.1841
109.096
-19.6484
-19.2727
-18.2414
-19.5592
104.047
-20.2623
-19.5613
-19.2654
-19.3679
105.78
-18.7853
-19.6807
-18.6486
-21.4766
103.609
-18.9867
-19.5113
-20.0432
-19.0815
105.7
-19.9944
-18.9269
-21.3131
-18.9446
104.238
-20.6067
-19.0533
-19.4988
-20.7964
105.878
-18.4465
-20.1416
-20.1122
-20.2388
107.429
-19.8205
-18.3638
-20.0985
-19.5372
104.09
-18.7284
-19.3503
-19.3831
-18.0099
106.743
-20.2348
-19.1325
-19.1436
-19.1624
105.695
-18.8832
-19.8718
-19.6717
-19.8601
105.618
-19.9973
-18.0137
-18.7528
-19.0266
106.917
-18.6409
-19.8017
-20.0448
-20.199
103.854
-18.8758
-19.755
-20.8062
-19.1287
101.678
-21.0705
-18.7323
-19.5123
-19.7918
106.033
-19.8169
-17.6696
-19.3721
-19.8866
105.562