-4.49467
-4.49467
-4.49467
-4.68766
9.113
-4.52317
-4.52317
-4.52317
-4.68144
8.831
-4.45283
-4.64589
-4.67099
-4.68766
9.151
-4.52317
-4.52317
-4.52317
-4.52317
8.708
-4.68324
-4.68325
-4.68325
-4.68763
8.66
-4.64149
-4.68325
-4.68325
-4.68325
8.371
-4.37489
-4.3749
-4.3749
-4.53764
8.95
-4.45301
-4.49478
-4.49478
-4.68766
9.358
-4.64589
-4.68766
-4.68766
-4.68766
9.239
-4.68766
-4.68766
-4.68766
-4.68766
9.157
-4.68765
-4.68766
-4.68766
-4.68766
9.237
-4.49476
-4.49477
-4.49478
-4.49478
9.352
-4.3749
-4.37489
-4.37489
-4.37489
9.321
-4.64588
-4.67099
-4.68766
-4.68766
9.435
-4.51912
-4.68766
-4.68766
-4.68766
8.861
-4.66654
-4.68325
-4.68325
-4.68766
9.364
-4.64417
-4.68593
-4.68593
-4.68593
9.048
-4.49589
-4.52099
-4.53765
-4.53766
9.145
-4.53261
-4.53323
-4.53323
-4.53323
9.132
-4.64589
-4.67099
-4.68766
-4.68766
9.275
-4.68325
-4.68324
-4.68324
-4.68325
9.176
-4.64589
-4.68766
-4.68766
-4.68766
8.617
-4.68593
-4.68593
-4.68593
-4.68593
8.786
-4.53765
-4.53765
-4.53766
-4.53765
9.186
-4.68593
-4.68593
-4.68593
-4.68593
8.515
-4.68325
-4.68325
-4.68325
-4.68325
9.166
-4.68266
-4.68325
-4.68325
-4.68324
9.516
-4.49149
-4.53292
-4.53325
-4.53325
9.222
-4.64415
-4.68592
-4.68593
-4.68592
8.917
-4.68706
-4.68766
-4.68766
-4.68766
9.494
-9.31257
-9.30079
-9.3265
-9.45979
16.371
-9.19578
-9.23889
-9.24385
-9.26058
17.216
-9.07473
-9.07531
-9.06703
-9.10531
17.624
-9.16779
-9.43365
-9.43406
-9.43297
18.123
-8.88951
-8.8927
-8.97013
-8.96984
18.209
-9.23347
-9.23278
-9.23594
-9.23538
17.672
-9.03472
-9.32982
-9.40565
-9.41018
17.116
-9.07722
-9.07942
-9.08122
-9.2766
16.823
-9.40549
-9.40904
-9.40828
-9.40313
18.059
-8.58114
-8.98936
-9.0431
-9.04829
16.558
-9.2969
-9.2917
-9.29561
-9.28767
17.665
-8.58823
-8.72265
-8.72014
-8.72356
17.536
-9.21685
-9.21691
-9.2167
-9.21552
17.757
-9.4432
-9.54993
-9.55127
-9.55005
16.68
-9.12415
-9.15423
-9.1569
-9.17551
16.479
-9.35903
-9.35486
-9.36307
-9.35672
16.953
-9.04859
-9.12129
-9.28345
-9.44936
18.325
-8.78355
-8.78502
-9.11574
-9.10798
17.513
-9.25771
-9.25894
-9.2524
-9.25816
17.586
-9.04391
-9.14691
-9.25082
-9.28844
18.152
-9.43746
-9.48404
-9.58237
-9.58126
18.075
-9.01101
-9.36417
-9.36357
-9.36343
17.648
-9.16556
-9.1638
-9.16398
-9.16254
18.037
-9.41076
-9.60488
-9.60937
-9.61339
17.966
-9.27383
-9.27762
-9.27307
-9.27354
18.047
-9.20795
-9.21072
-9.40121
-9.39562
16.801
-9.12285
-9.12873
-9.12331
-9.12515
17.66
-9.36832
-9.36942
-9.37174
-9.53699
17.556
-9.14799
-9.14377
-9.14208
-9.13934
18.237
-9.01954
-9.02191
-9.30981
-9.34445
16.601
-24.1089
-24.8611
-23.1948
-24.3789
54.051
-24.608
-23.888
-24.7331
-23.9182
52.578
-25.5922
-24.8094
-24.2878
-24.2344
51.493
-24.6812
-24.2032
-23.8286
-23.1063
52.858
-24.7759
-24.4604
-25.5198
-23.6593
52.504
-24.1878
-25.2909
-24.7362
-24.4543
51.594
-24.6207
-24.2189
-22.3784
-25.0774
52.732
-25.1516
-24.7791
-25.4319
-24.9286
51.943
-25.2376
-24.531
-25.102
-24.3761
52.885
-25.3503
-23.4932
-25.4557
-25.8179
54.133
-23.7322
-26.7918
-23.9705
-25.5473
51.275
-24.9827
-25.0303
-25.0388
-23.5254
51.013
-25.2047
-24.5704
-24.3841
-24.1213
53.337
-24.4856
-24.7856
-23.523
-25.0696
52.718
-24.7715
-25.7625
-23.8917
-25.2477
52.914
-23.8129
-25.3616
-24.4375
-24.6101
52.823
-24.3036
-24.7635
-24.9506
-25.3417
51.845
-24.345
-23.9674
-25.515
-24.7112
52.583
-25.1798
-25.5576
-25.0889
-25.5095
53.261
-24.8267
-24.9908
-24.6804
-24.5979
53.173
-24.6288
-24.6682
-24.5915
-23.9595
53.773
-25.1897
-24.484
-24.422
-25.1247
51.478
-24.7596
-23.9899
-24.004
-25.025
52.736
-24.7993
-23.6771
-26.0489
-24.6584
53.236
-24.6622
-24.1046
-24.6809
-25.771
51.405
-24.227
-24.5041
-24.7825
-25.1616
52.793
-25.5507
-24.6524
-25.3145
-24.4973
51.876
-24.413
-25.9647
-25.5134
-24.4365
52.159
-24.6146
-24.3511
-25.7739
-24.6562
51.635
-24.4907
-26.197
-23.9218
-24.5014
52.571