-4.53706
-4.53706
-4.53706
-4.53706
0.974
-4.53705
-4.53706
-4.53706
-4.53706
1.006
-4.63976
-4.63976
-4.63976
-4.63976
1.063
-4.49468
-4.49468
-4.49468
-4.49468
1.084
-4.3268
-4.3268
-4.3268
-4.3268
1.066
-4.49588
-4.49588
-4.49588
-4.49589
0.892
-4.49527
-4.49527
-4.49527
-4.49529
1.067
-4.61511
-4.61511
-4.61511
-4.61511
0.901
-4.48253
-4.48253
-4.48253
-4.48253
0.898
-4.49089
-4.49089
-4.49089
-4.49089
1.07
-4.64351
-4.64351
-4.64351
-4.64351
1.072
-4.45408
-4.45408
-4.45408
-4.45408
0.969
-4.68153
-4.68153
-4.68153
-4.68153
1.045
-4.53265
-4.53265
-4.53265
-4.53265
0.999
-4.15978
-4.48082
-4.48082
-4.48082
1.008
-4.35577
-4.35577
-4.35577
-4.35577
1.051
-4.42458
-4.42458
-4.42458
-4.42458
0.984
-4.4953
-4.4953
-4.4953
-4.4953
0.999
-4.6459
-4.6459
-4.6459
-4.6459
0.988
-4.39569
-4.39569
-4.44861
-4.44861
1.051
-4.64077
-4.64077
-4.64077
-4.64077
1.096
-4.22532
-4.22532
-4.22532
-4.22532
0.919
-4.50246
-4.67099
-4.67099
-4.67099
0.931
-4.68259
-4.68259
-4.68259
-4.68259
1.034
-4.53266
-4.53266
-4.53266
-4.53266
1.065
-4.4824
-4.4824
-4.4824
-4.48241
0.986
-4.49529
-4.49529
-4.49529
-4.49529
1.071
-4.49468
-4.49468
-4.49468
-4.49468
0.976
-4.44786
-4.44786
-4.44786
-4.44786
1.076
-4.63976
-4.63976
-4.63976
-4.63976
0.93
-9.01385
-9.01385
-9.01385
-9.01385
1.914
-9.03842
-9.03916
-9.03916
-9.03916
1.902
-8.80945
-8.80944
-8.80945
-8.80944
1.617
-8.85318
-9.36467
-9.36483
-9.36483
1.962
-8.93108
-9.11334
-9.11335
-9.11335
1.945
-8.68467
-8.68504
-8.68503
-8.84703
1.829
-9.02245
-9.02245
-9.03903
-9.36006
1.979
-8.95638
-8.95638
-9.01334
-9.11551
1.734
-8.97155
-8.97155
-8.97155
-8.97155
1.828
-9.19957
-9.20047
-9.20047
-9.20047
1.886
-9.00961
-9.00964
-9.00964
-9.00964
1.851
-8.87071
-9.07211
-9.28273
-9.28273
1.447
-9.22523
-9.25428
-9.25428
-9.25428
1.741
-8.64455
-8.64455
-8.64455
-8.64455
1.818
-9.32216
-9.32216
-9.32215
-9.32216
1.869
-8.98176
-8.98176
-9.0387
-9.03883
1.769
-8.84901
-9.00814
-9.00814
-9.00814
2
-8.88079
-8.88079
-8.88079
-9.09259
1.742
-9.46499
-9.46499
-9.46499
-9.46499
2.018
-9.07187
-9.07189
-9.07189
-9.07189
1.712
-8.69832
-8.69852
-8.8012
-8.8012
1.874
-9.5154
-9.5154
-9.5154
-9.5154
2.016
-8.82037
-8.87308
-8.8791
-8.88624
1.703
-8.53704
-8.78112
-8.78112
-9.05109
1.915
-8.95114
-8.95114
-8.95114
-8.95187
1.595
-8.99246
-9.02145
-9.02151
-9.02151
1.65
-9.17336
-9.40126
-9.40143
-9.40143
1.792
-9.21091
-9.21094
-9.21094
-9.21094
1.826
-9.30307
-9.30932
-9.41189
-9.41189
2.017
-9.39503
-9.39505
-9.39505
-9.39506
1.875
-25.4489
-25.6738
-25.2612
-26.2727
5.071
-24.3747
-25.7259
-24.6531
-25.741
5.011
-25.4845
-25.2497
-26.542
-26.3729
5.138
-24.3841
-25.8599
-25.8818
-26.1577
5.177
-25.6555
-24.2724
-24.0505
-25.2219
4.931
-25.8073
-25.2826
-25.0453
-26.4649
5.319
-25.4063
-25.9956
-25.0158
-24.961
5.524
-24.5891
-25.4342
-25.3845
-24.8926
5.391
-24.9946
-24.9647
-25.0461
-25.0234
5.573
-24.625
-25.0345
-25.3086
-25.6192
5.546
-25.6228
-25.3509
-25.6489
-25.6279
5.206
-25.0533
-25.9046
-25.8985
-25.5878
5.173
-24.5511
-24.2565
-25.5871
-26.3499
5.567
-24.211
-25.456
-26.1388
-27.2871
5.284
-25.6602
-24.5874
-24.6634
-24.6874
5.326
-24.1076
-25.697
-25.3357
-26.3824
5.469
-24.3347
-25.7907
-25.0667
-23.229
4.945
-24.8436
-24.8066
-24.9137
-24.9398
5.011
-23.7324
-25.2702
-24.5706
-25.6434
5.615
-24.5644
-25.4051
-25.6082
-24.8597
5.279
-25.6898
-24.6184
-25.5484
-25.8893
4.798
-24.9296
-25.195
-25.9884
-24.1324
5.373
-25.6981
-25.5445
-24.8771
-25.2969
5.177
-24.1287
-25.0807
-24.9908
-26.571
5.525
-24.6487
-24.8774
-25.5034
-24.473
5.284
-25.1913
-25.0431
-26.0864
-24.9722
5.524
-25.8223
-25.4973
-26.044
-25.4078
5.203
-24.6414
-24.8451
-25.5243
-25.08
5.259
-23.4578
-25.2613
-25.6818
-25.2336
5.577
-25.0185
-24.7276
-26.0602
-25.6201
5.084