-4.33587
-4.33282
-4.33268
-4.35806
1.399
-4.4821
-4.48246
-4.48176
-4.48293
1.151
-4.23425
-4.28911
-4.28895
-4.28938
1.4
-4.53743
-4.53738
-4.53711
-4.53762
1.345
-4.5372
-4.53752
-4.53729
-4.53708
1.391
-4.53131
-4.53221
-4.53229
-4.53207
1.376
-4.6384
-4.63768
-4.6394
-4.68041
1.397
-4.46063
-4.4602
-4.46036
-4.46024
1.306
-4.49552
-4.49594
-4.49478
-4.49441
1.389
-4.67134
-4.67933
-4.68096
-4.68051
1.361
-4.53723
-4.53736
-4.53663
-4.53732
1.307
-4.67047
-4.68751
-4.68756
-4.68739
1.375
-4.49429
-4.49452
-4.49455
-4.68756
1.4
-4.45236
-4.45276
-4.45214
-4.45252
1.381
-4.68231
-4.68191
-4.68228
-4.68252
1.314
-4.64563
-4.64579
-4.64559
-4.64563
1.343
-4.37446
-4.37385
-4.37441
-4.37466
1.382
-4.68739
-4.68715
-4.6874
-4.68671
1.405
-4.491
-4.49093
-4.49066
-4.49073
1.086
-4.51783
-4.6875
-4.68743
-4.68717
1.384
-4.52291
-4.52223
-4.52176
-4.52223
1.393
-4.53759
-4.53695
-4.53752
-4.53739
1.197
-4.35386
-4.35518
-4.35552
-4.35355
1.387
-4.37409
-4.37453
-4.37438
-4.37448
1.381
-4.37169
-4.37366
-4.37314
-4.37206
1.379
-4.68561
-4.68542
-4.68435
-4.68402
1.359
-4.68663
-4.68637
-4.68669
-4.6863
1.406
-4.4941
-4.49484
-4.49458
-4.49458
1.374
-4.61629
-4.61587
-4.61633
-4.61484
1.4
-4.68016
-4.67787
-4.68084
-4.68091
1.4
-8.82736
-8.93764
-8.94923
-8.93799
2.629
-9.37864
-9.52022
-9.5143
-9.52378
2.235
-9.08449
-9.33469
-9.32756
-9.32459
2.666
-9.06353
-9.06779
-9.06052
-9.06408
2.591
-9.20618
-9.36092
-9.37961
-9.3843
2.533
-9.13804
-9.15302
-9.15276
-9.15018
2.691
-8.94138
-9.26976
-9.25987
-9.25942
2.717
-8.67947
-8.66704
-8.75289
-8.87042
2.451
-8.81623
-8.82539
-8.84018
-8.84002
2.715
-9.33893
-9.33804
-9.34273
-9.34984
2.532
-8.91383
-9.14883
-9.15015
-9.16276
2.602
-8.49169
-8.52616
-8.51535
-8.6616
2.642
-8.57127
-8.5735
-8.67143
-8.67575
2.686
-9.0871
-9.06573
-9.08157
-9.06156
2.668
-9.35467
-9.35556
-9.37711
-9.39765
2.613
-9.20654
-9.20886
-9.24561
-9.24388
2.645
-8.87477
-9.14797
-9.14026
-9.15829
2.306
-9.26582
-9.25612
-9.25954
-9.26548
2.505
-9.03189
-9.17597
-9.17865
-9.17494
2.446
-9.07121
-9.053
-9.06688
-9.06992
2.501
-9.23385
-9.30856
-9.31448
-9.31761
2.668
-9.12845
-9.12652
-9.13553
-9.12352
2.573
-8.9453
-8.97363
-9.10216
-9.11249
2.553
-8.84819
-8.94386
-8.93786
-9.06731
2.709
-9.17965
-9.2249
-9.47833
-9.47563
2.618
-8.90406
-9.01165
-9.07727
-9.0756
2.639
-8.87938
-8.95216
-9.13577
-9.14973
2.667
-8.9326
-8.94222
-8.93776
-9.13749
2.588
-9.5545
-9.55775
-9.55828
-9.56896
2.705
-8.98354
-9.26646
-9.26657
-9.26166
2.678
-26.6644
-27.2203
-26.998
-27.2559
8.043
-26.8328
-27.2679
-27.138
-27.4426
7.517
-25.853
-26.9706
-26.8775
-26.973
7.416
-26.8484
-27.3122
-27.2652
-27.5557
8.031
-26.2677
-26.5123
-26.716
-27.2151
7.655
-25.7842
-26.6083
-27.0009
-27.1251
7.629
-23.6642
-24.4399
-25.7201
-25.8924
8.034
-26.9983
-27.2971
-27.8581
-27.7746
7.48
-25.7505
-26.6095
-26.6022
-27.3698
7.879
-26.0069
-26.1984
-26.614
-26.6491
7.706
-25.9451
-26.3079
-26.8958
-26.8117
7.493
-26.9304
-27.1805
-27.3321
-27.4447
8.039
-25.7477
-26.2645
-26.8052
-26.9566
7.544
-26.5628
-27.5588
-27.6173
-27.6733
8.042
-26.9229
-27.2184
-27.4752
-27.3583
7.6
-27.893
-27.8299
-27.8646
-27.6694
7.192
-26.3176
-26.407
-26.1401
-26.9422
7.696
-25.2296
-25.4275
-25.954
-26.1094
7.92
-24.3587
-25.4476
-25.8468
-25.8594
8.033
-25.8146
-26.8661
-27.4252
-27.2544
7.945
-27.0174
-26.9937
-26.7906
-27.0708
7.752
-26.8121
-27.4053
-27.4407
-27.7157
7.968
-25.9262
-27.2654
-27.8983
-27.9482
7.729
-26.1948
-26.3504
-26.5975
-26.678
7.919
-26.3425
-26.9247
-27.0298
-27.2295
7.181
-26.657
-26.7479
-27.0909
-27.1521
7.194
-26.119
-27.1293
-27.11
-26.9449
7.707
-25.2179
-25.8785
-26.1207
-25.6845
8.033
-25.8362
-26.2128
-26.6761
-27.1024
7.696
-25.4019
-26.1136
-25.9925
-26.2335
7.837