-4.6815
-4.68593
-4.68593
-4.68765
18.484
-4.68592
-4.68593
-4.68593
-4.68593
18.15
-4.68593
-4.68592
-4.68593
-4.68593
17.783
-4.68592
-4.68592
-4.68592
-4.68766
18.146
-4.68593
-4.68593
-4.68592
-4.68593
18.291
-4.68325
-4.68323
-4.68324
-4.68325
18.159
-4.53765
-4.53766
-4.53765
-4.53766
17.722
-4.68766
-4.68766
-4.68766
-4.68766
17.679
-4.68766
-4.68766
-4.68766
-4.68766
18.341
-4.68766
-4.68766
-4.68766
-4.68766
18.279
-4.68766
-4.68766
-4.68766
-4.68766
18.57
-4.68766
-4.68766
-4.68766
-4.68766
17.989
-4.68766
-4.68766
-4.68766
-4.68766
17.894
-4.64589
-4.68766
-4.68766
-4.68766
18.336
-4.68324
-4.68324
-4.68325
-4.68324
17.717
-4.68324
-4.68324
-4.68766
-4.68766
17.581
-4.68593
-4.68593
-4.68592
-4.68593
18.47
-4.53325
-4.53324
-4.53765
-4.53766
18.191
-4.68322
-4.68323
-4.68325
-4.68765
18.175
-4.68766
-4.68766
-4.68766
-4.68766
17.785
-4.68592
-4.68593
-4.68592
-4.68593
17.77
-4.68592
-4.68593
-4.68593
-4.68593
18.529
-4.53766
-4.53765
-4.53766
-4.53765
17.924
-4.68593
-4.68593
-4.68592
-4.68593
17.644
-4.68766
-4.68766
-4.68766
-4.68766
17.746
-4.68766
-4.68766
-4.68766
-4.68766
18.268
-4.68766
-4.68766
-4.68766
-4.68766
18.024
-4.68765
-4.68766
-4.68766
-4.68766
18.146
-4.68766
-4.68766
-4.68766
-4.68766
18.384
-4.68766
-4.68766
-4.68766
-4.68766
18.201
-9.09268
-9.09598
-9.22199
-9.37772
35.406
-9.60586
-9.6025
-9.60532
-9.59981
35.785
-9.47341
-9.47347
-9.47251
-9.54456
35.384
-9.36535
-9.37344
-9.37072
-9.37682
34.275
-9.3571
-9.35851
-9.35972
-9.35603
35.848
-9.1745
-9.41913
-9.41598
-9.41158
35.101
-9.31314
-9.31817
-9.31617
-9.32385
33.12
-9.49668
-9.50033
-9.49532
-9.49204
35.215
-9.28027
-9.27784
-9.27828
-9.26967
35.169
-9.32384
-9.48994
-9.48899
-9.48838
34.468
-9.34086
-9.44506
-9.4497
-9.4416
34.558
-9.25945
-9.5333
-9.37524
-9.56732
36.047
-9.45398
-9.46419
-9.53513
-9.53448
36.035
-9.41799
-9.41687
-9.42702
-9.42034
35.185
-9.46337
-9.45775
-9.45642
-9.45881
36.223
-9.41474
-9.41008
-9.41138
-9.41417
36.143
-9.46433
-9.46339
-9.47315
-9.46728
34.777
-9.42431
-9.42962
-9.42697
-9.42859
34.221
-9.5591
-9.56068
-9.56261
-9.56148
33.396
-9.56381
-9.57128
-9.56695
-9.56745
35.721
-9.36314
-9.35093
-9.35658
-9.359
35.194
-9.34099
-9.33511
-9.35557
-9.35095
36.096
-9.41472
-9.51067
-9.50748
-9.51617
35.974
-9.20421
-9.20508
-9.20503
-9.31854
35.782
-9.25952
-9.35457
-9.36123
-9.35412
35.585
-9.3782
-9.59084
-9.58439
-9.59199
33.273
-9.60107
-9.60617
-9.60225
-9.60025
35.854
-9.19866
-9.20094
-9.20768
-9.2031
33.504
-9.21285
-9.22282
-9.22249
-9.22633
35.136
-9.39309
-9.39995
-9.39714
-9.39585
35.627
-22.9438
-24.2389
-23.2616
-24.2357
105.086
-22.7302
-22.5498
-23.0106
-24.0514
103.22
-23.9131
-22.6373
-23.6836
-22.7769
105.005
-23.6098
-23.0074
-22.2399
-23.1178
103.64
-23.345
-24.3566
-23.8432
-23.8864
106.635
-24.2941
-23.0659
-23.5675
-22.5234
106.475
-23.3722
-23.0042
-22.7523
-22.4293
106.708
-22.711
-23.5325
-22.8008
-23.1764
106.275
-23.7898
-22.6169
-23.5169
-23.8792
106.553
-23.6481
-24.0237
-22.0295
-23.5704
105.384
-23.3353
-23.2237
-24.6575
-23.0275
105.67
-23.7295
-21.8657
-23.2645
-22.9216
105.89
-23.1965
-23.2332
-23.1417
-23.6673
106.298
-23.003
-22.8539
-23.0538
-23.2671
105.778
-23.5285
-23.1954
-23.7222
-22.7892
105.648
-23.5528
-22.7673
-24.1008
-23.9125
105.885
-23.2371
-22.6226
-24.7271
-23.8994
106.569
-22.9587
-23.0508
-23.0899
-22.8664
104.588
-22.7822
-22.1358
-23.8933
-22.9555
105.851
-23.3097
-22.3968
-23.2977
-22.4291
104.593
-23.8466
-24.0704
-23.8142
-23.4928
103.682
-23.3593
-22.0801
-24.1564
-22.9866
104.317
-22.1504
-23.9642
-22.6144
-22.9027
105.681
-22.8966
-24.5067
-23.8243
-22.5541
104.452
-22.6231
-22.8246
-23.1365
-23.8741
107.065
-23.9115
-22.5389
-23.8602
-24.122
106.535
-22.2584
-23.1284
-23.1355
-22.8716
104.835
-23.5786
-24.0323
-24.6576
-22.9853
106.345
-23.895
-23.6247
-22.8034
-23.5982
104.696
-23.9293
-23.7292
-23.0808
-23.1513
105.895