-4.63877
-4.62956
-4.63995
-4.61944
0.67
-4.67827
-4.67355
-4.67977
-4.68245
0.682
-4.19942
-4.21303
-4.20938
-4.20969
0.697
-4.4772
-4.48227
-4.47492
-4.47942
0.693
-4.49984
-4.49705
-4.66373
-4.67797
0.696
-4.62994
-4.63057
-4.6309
-4.62968
0.696
-4.19101
-4.17235
-4.17959
-4.19163
0.692
-4.44727
-4.64077
-4.64248
-4.63633
0.691
-4.49567
-4.48632
-4.49349
-4.48872
0.574
-4.67928
-4.68403
-4.68531
-4.68665
0.666
-4.52207
-4.52342
-4.51902
-4.5194
0.674
-4.63739
-4.63561
-4.62767
-4.62952
0.691
-4.64493
-4.66687
-4.68041
-4.67961
0.655
-4.67404
-4.68045
-4.68639
-4.68537
0.691
-4.50304
-4.53487
-4.52506
-4.52468
0.69
-4.05898
-4.05164
-4.05396
-4.04753
0.695
-4.64088
-4.64454
-4.64209
-4.6303
0.696
-4.53099
-4.53043
-4.53415
-4.53589
0.667
-4.47216
-4.61846
-4.63136
-4.63501
0.696
-4.51262
-4.51689
-4.51324
-4.51984
0.683
-4.50562
-4.67616
-4.67836
-4.67922
0.693
-4.67724
-4.68403
-4.68284
-4.67607
0.653
-4.44984
-4.45243
-4.44501
-4.44421
0.677
-4.46678
-4.453
-4.46788
-4.46435
0.691
-4.17303
-4.16609
-4.36281
-4.36103
0.696
-4.50887
-4.5044
-4.51091
-4.51782
0.691
-4.32802
-4.34215
-4.34829
-4.3523
0.684
-4.49172
-4.48835
-4.48025
-4.49157
0.69
-4.36617
-4.36887
-4.36964
-4.36693
0.699
-4.64297
-4.64101
-4.63863
-4.63882
0.691
-8.31352
-8.35009
-8.45624
-8.45847
1.344
-8.83484
-8.91152
-8.86574
-8.90604
1.352
-8.88637
-8.96051
-8.94838
-8.92182
1.339
-8.78047
-8.93345
-8.97558
-8.96789
1.358
-8.79649
-8.81055
-8.7861
-8.78714
1.339
-8.24216
-8.26524
-8.54506
-8.55708
1.34
-8.41888
-8.94101
-8.931
-8.94456
1.336
-9.53744
-9.51071
-9.52018
-9.54396
1.358
-9.15962
-9.19185
-9.12305
-9.23984
1.342
-9.33959
-9.36447
-9.37567
-9.34183
1.355
-8.73003
-8.72241
-8.98484
-8.96247
1.331
-8.95016
-9.27607
-9.29538
-9.27471
1.081
-8.49508
-8.50655
-8.86
-8.82971
1.354
-8.89508
-8.86477
-8.86001
-8.98245
1.328
-8.88365
-9.0694
-9.31762
-9.2921
1.352
-8.82944
-8.85771
-8.86582
-8.85234
1.361
-8.84674
-8.91446
-8.88751
-9.11089
1.32
-8.49634
-8.52475
-8.62869
-8.64146
1.333
-8.85471
-8.96831
-8.98915
-8.99028
1.226
-8.65162
-9.09066
-9.0957
-9.07948
1.355
-8.36389
-8.79774
-8.79655
-8.84448
1.336
-8.41819
-8.41911
-8.76821
-8.74351
1.306
-9.07696
-9.23537
-9.27111
-9.2281
1.342
-8.91975
-9.17727
-9.19145
-9.26563
1.237
-8.82622
-8.83169
-9.06665
-9.0721
1.262
-8.90188
-9.02434
-9.16024
-9.18753
1.318
-9.03703
-9.36652
-9.35954
-9.35059
1.357
-8.91243
-9.17155
-9.17315
-9.17339
1.312
-8.27129
-8.65156
-8.65904
-8.66223
1.328
-8.59196
-8.75284
-8.77079
-8.89901
1.36
-24.9624
-25.3063
-25.7852
-25.3344
3.949
-26.4922
-26.7555
-26.4463
-26.9606
4.001
-25.3968
-25.8421
-26.5916
-26.4695
4.01
-25.3762
-25.7038
-26.2334
-26.5771
3.897
-24.2626
-25.3551
-25.2541
-25.4589
4.011
-25.8181
-26.0935
-26.0701
-26.3364
4.027
-25.4588
-26.4782
-26.4948
-27.0227
3.971
-25.517
-25.9851
-26.8837
-26.8883
3.87
-25.8486
-26.5031
-26.6139
-26.3374
3.906
-24.732
-25.6517
-25.8496
-26.0257
3.995
-25.5602
-26.0503
-26.6864
-27.2325
4.016
-25.5841
-25.8676
-26.1499
-25.58
4.027
-25.1563
-25.7301
-26.2122
-26.4386
4.023
-25.6022
-25.727
-25.8538
-26.3411
4.018
-24.9349
-25.6827
-26.4253
-26.9445
4.025
-26.1577
-26.4302
-26.1675
-26.7008
4.007
-24.8314
-25.7849
-26.1861
-26.0147
4.016
-25.9472
-26.2183
-26.3188
-26.7344
4.025
-26.0428
-25.9192
-26.3856
-26.5535
3.985
-25.4592
-26.6464
-26.5869
-27.1106
4.002
-23.7324
-24.912
-26.0061
-26.0109
4.011
-26.5778
-26.5603
-26.4346
-26.1251
4.022
-25.4472
-25.5382
-25.8381
-25.8365
3.91
-24.3332
-26.1181
-26.4885
-26.427
3.821
-25.6887
-26.3811
-26.1708
-26.6766
4.026
-26.4511
-27.1985
-27.3918
-27.4044
3.827
-25.2059
-26.0412
-26.7729
-26.8878
3.809
-25.9873
-26.7239
-26.6664
-26.5758
3.637
-25.0764
-25.8857
-26.0339
-26.3587
4.017
-25.2303
-25.6564
-25.8959
-26.2345
3.782