-4.41817
-4.49589
-4.49588
-4.49588
0.704
-4.68524
-4.68529
-4.68518
-4.68513
0.864
-4.28487
-4.28525
-4.47702
-4.48133
0.705
-4.68306
-4.68306
-4.68312
-4.68318
0.925
-4.52427
-4.52438
-4.52431
-4.5243
0.882
-4.29002
-4.29006
-4.29009
-4.29013
0.95
-4.48253
-4.48259
-4.4826
-4.48256
0.931
-4.68302
-4.68319
-4.68291
-4.68319
0.68
-4.68578
-4.68589
-4.68591
-4.68575
0.939
-4.49589
-4.49588
-4.49587
-4.49587
0.834
-4.19588
-4.21205
-4.21297
-4.21297
0.714
-4.18225
-4.49155
-4.49166
-4.49179
0.881
-4.68765
-4.68765
-4.68762
-4.68765
0.689
-4.64049
-4.64076
-4.64057
-4.64082
0.904
-4.47783
-4.4778
-4.47791
-4.47797
0.892
-4.68764
-4.68766
-4.68765
-4.68765
0.705
-4.5332
-4.5332
-4.53317
-4.5332
0.692
-4.37477
-4.37488
-4.37489
-4.53314
0.924
-4.5363
-4.53703
-4.53706
-4.53704
0.875
-4.45241
-4.45209
-4.4524
-4.4524
0.842
-4.33313
-4.33312
-4.33312
-4.3331
0.692
-4.68134
-4.68144
-4.68146
-4.6814
0.894
-4.66904
-4.66923
-4.66903
-4.66914
0.655
-4.68292
-4.68314
-4.68308
-4.68311
0.913
-4.52434
-4.52432
-4.52437
-4.52434
0.944
-4.63877
-4.63901
-4.63903
-4.63908
0.943
-4.64589
-4.64588
-4.64589
-4.64588
0.888
-4.47722
-4.64572
-4.67015
-4.67094
0.797
-4.64142
-4.64146
-4.64139
-4.64145
0.965
-4.47717
-4.4772
-4.47735
-4.47725
0.942
-9.00592
-9.18526
-9.13036
-9.10132
1.848
-8.67974
-8.66836
-8.83154
-8.90566
1.8
-9.06426
-9.13985
-9.22004
-9.13673
1.769
-8.79772
-8.84443
-9.01275
-9.22037
1.817
-8.92311
-8.9569
-9.13662
-9.39885
1.688
-9.00058
-8.98967
-8.96271
-8.89588
1.829
-8.95344
-9.11449
-9.21895
-9.11811
1.899
-8.54579
-8.75355
-8.85879
-8.74596
1.702
-8.55821
-8.74015
-8.9104
-8.87015
1.553
-8.8224
-8.7711
-8.87602
-8.89114
1.692
-8.80976
-8.93593
-8.74903
-8.96455
1.779
-9.11525
-9.15515
-9.17371
-9.22549
1.846
-8.61652
-8.62516
-8.73492
-8.76227
1.765
-8.50702
-9.20136
-9.08277
-9.07937
1.9
-8.85904
-9.1613
-9.08991
-9.2212
1.62
-9.28855
-9.24704
-9.33644
-9.26014
1.899
-8.65091
-8.81524
-9.11563
-9.17762
1.683
-9.00962
-8.89221
-9.21604
-9.24858
1.756
-8.75947
-8.3546
-8.43929
-8.92631
1.874
-8.83828
-8.68156
-8.86996
-8.9562
1.781
-8.62759
-8.67509
-8.90948
-8.80515
1.563
-8.76115
-8.9458
-8.78111
-8.9318
1.785
-9.09641
-9.23277
-9.31121
-9.31044
1.62
-9.25317
-9.2902
-9.32223
-9.06164
1.751
-8.87959
-8.84972
-9.18098
-9.29587
1.842
-9.01695
-9.25606
-9.15073
-9.37872
1.886
-8.93859
-8.9261
-8.92594
-8.73731
1.692
-8.82571
-8.96502
-9.10757
-9.26934
1.602
-8.61482
-8.96613
-9.17981
-9.27376
1.818
-9.18196
-9.36111
-9.26461
-9.30625
1.859
-17.9085
-17.6886
-17.1987
-16.7714
5.313
-16.3175
-18.8521
-17.2303
-17.3948
5.42
-16.9232
-16.0011
-17.2751
-17.5865
5.269
-15.899
-16.8354
-17.5124
-16.7504
5.174
-18.6098
-16.3356
-17.317
-16.2153
5.226
-18.0178
-15.3985
-15.5491
-16.0704
5.014
-16.4157
-16.6383
-16.1176
-17.1826
5.027
-17.4705
-15.8666
-18.1119
-16.9276
5.267
-16.7916
-16.3831
-15.3849
-16.7032
5.465
-17.0339
-17.1904
-15.7483
-16.5657
5.197
-16.7599
-14.9412
-17.6069
-16.7831
5.293
-16.4737
-17.0271
-16.6638
-15.6444
4.683
-16.6394
-17.3958
-17.1732
-16.6586
5.434
-16.9391
-16.9981
-16.2334
-16.4997
5.04
-17.8012
-17.5094
-19.4909
-17.7467
5.176
-16.1315
-17.3567
-15.7295
-16.6005
5.056
-16.3353
-16.3911
-16.7259
-18.0398
5.44
-16.3953
-19.5704
-16.743
-17.1204
5.284
-15.7209
-16.6346
-17.7835
-16.552
5.248
-17.7626
-18.3978
-16.9809
-17.8829
5.341
-16.0983
-16.4094
-16.4835
-18.0847
5.246
-17.0123
-16.2392
-16.9689
-16.3577
5.327
-16.8701
-16.4924
-17.035
-16.2015
5.365
-16.5147
-16.8748
-16.2532
-17.3495
5.419
-16.7876
-18.3694
-15.8852
-15.8077
5.162
-17.8776
-16.5165
-17.0051
-16.4008
4.751
-16.6815
-17.9428
-17.4705
-15.8986
4.787
-17.5429
-16.5411
-16.3746
-15.4588
5.217
-17.19
-16.5311
-16.8185
-16.3238
5.258
-17.2591
-16.6617
-16.541
-16.7083
5.376