-4.6389
-4.64075
-4.68131
-4.67789
0.696
-4.3735
-4.37487
-4.37576
-4.37424
0.701
-4.28845
-4.28985
-4.29
-4.28968
0.658
-4.45274
-4.48212
-4.48284
-4.48296
0.701
-4.45998
-4.46113
-4.49013
-4.48976
0.703
-4.66467
-4.66644
-4.68527
-4.68477
0.706
-4.64448
-4.64518
-4.64474
-4.64527
0.699
-4.31435
-4.31389
-4.31331
-4.46951
0.696
-4.5364
-4.53659
-4.53589
-4.53631
0.705
-4.66441
-4.65578
-4.66391
-4.6637
0.7
-4.4894
-4.48992
-4.48802
-4.48871
0.703
-4.65775
-4.68572
-4.6865
-4.68716
0.706
-4.49034
-4.49041
-4.48985
-4.49024
0.667
-4.64298
-4.64497
-4.6456
-4.64531
0.681
-4.49456
-4.49404
-4.52396
-4.52305
0.695
-4.35488
-4.3537
-4.35533
-4.35556
0.704
-4.64003
-4.63779
-4.63962
-4.6409
0.695
-4.48704
-4.4882
-4.48989
-4.49083
0.7
-4.33855
-4.37531
-4.37399
-4.37538
0.698
-4.44065
-4.43751
-4.46903
-4.46831
0.669
-4.64213
-4.64235
-4.64231
-4.64353
0.696
-4.46623
-4.46648
-4.4619
-4.46621
0.706
-4.68393
-4.68527
-4.68711
-4.68604
0.703
-4.66907
-4.66886
-4.6708
-4.66943
0.691
-4.53591
-4.5362
-4.53512
-4.53696
0.701
-4.49565
-4.49521
-4.49508
-4.5361
0.694
-4.63796
-4.63317
-4.66624
-4.66776
0.708
-4.64481
-4.64396
-4.64583
-4.64413
0.704
-4.31216
-4.33665
-4.33806
-4.33657
0.693
-4.53072
-4.5319
-4.53173
-4.53196
0.681
-9.21904
-9.33896
-9.33315
-9.3372
1.252
-8.25689
-8.27607
-8.88605
-8.8872
1.336
-9.0481
-9.23577
-9.22192
-9.23334
1.356
-9.25936
-9.27798
-9.31256
-9.30448
1.238
-8.63969
-8.94152
-8.93303
-8.91992
1.359
-8.71395
-8.97848
-9.44836
-9.47487
1.362
-9.21042
-9.26459
-9.26269
-9.25794
1.297
-9.24191
-9.27198
-9.2627
-9.53408
1.329
-9.43455
-9.45178
-9.46013
-9.45715
1.189
-8.4321
-8.75655
-8.7704
-8.78093
1.332
-9.30479
-9.36093
-9.46652
-9.47281
1.363
-8.4754
-8.84117
-9.01499
-9.01019
1.339
-8.95855
-9.20698
-9.22279
-9.20389
1.356
-8.29454
-8.5063
-8.7991
-8.95289
1.346
-9.0082
-9.27899
-9.25504
-9.27
1.351
-8.8048
-9.21265
-9.17247
-9.20144
1.361
-8.55494
-8.60144
-8.59824
-8.58867
1.355
-9.2337
-9.2487
-9.24515
-9.2395
1.36
-9.28486
-9.3886
-9.39542
-9.38706
1.346
-8.86071
-8.86748
-9.03
-9.02151
1.345
-9.11498
-9.1773
-9.23937
-9.25229
1.113
-8.7783
-9.06949
-9.17996
-9.17976
1.323
-8.99544
-8.9868
-8.98892
-8.98286
1.351
-8.19448
-8.53855
-9.12176
-9.13982
1.316
-8.41951
-8.85269
-8.86565
-8.87507
1.361
-8.92362
-8.98763
-9.00637
-9.02116
1.359
-8.7636
-8.79055
-8.78043
-8.81335
1.322
-8.61889
-8.77468
-8.77108
-8.77001
1.355
-9.37976
-9.40691
-9.40772
-9.38791
1.298
-9.08646
-9.08552
-9.35173
-9.35486
1.301
-26.15
-26.4929
-26.9032
-26.2694
3.975
-26.2844
-25.887
-26.3821
-26.7022
3.936
-24.7819
-25.8643
-26.3497
-26.7676
3.424
-25.9001
-26.0752
-26.3644
-26.6922
4.024
-26.4172
-26.4111
-26.5264
-26.6955
3.995
-26.0474
-26.7652
-26.6261
-26.974
4.021
-25.1443
-25.8143
-26.0866
-26.4297
4.006
-26.1355
-26.1774
-26.1809
-26.0484
4.009
-25.4228
-26.552
-26.4517
-26.1864
3.997
-25.3114
-25.4823
-26.1051
-26.0165
3.995
-25.8396
-26.5029
-26.4187
-26.6416
3.931
-25.8547
-25.7301
-26.0888
-27.3231
4.008
-24.5447
-25.4064
-25.4949
-25.8893
3.72
-26.345
-27.1318
-26.729
-26.7339
3.976
-26.2178
-26.4906
-26.6624
-26.9873
3.945
-25.5986
-26.001
-26.6027
-26.7773
4.015
-24.8439
-25.6622
-25.8261
-27.1488
4.007
-25.9122
-26.553
-26.7162
-26.9071
4.007
-25.887
-26.8357
-26.8767
-26.8921
3.553
-24.9952
-26.2184
-26.2129
-26.548
4.005
-24.3364
-24.8333
-25.0901
-25.7594
4.02
-25.5251
-25.4782
-26.2788
-26.5541
4.01
-27.706
-27.4598
-27.5588
-27.7212
4.014
-25.744
-25.5037
-26.1293
-26.0128
3.996
-26.2721
-26.7273
-26.9416
-26.5847
4.024
-25.4764
-26.0677
-25.978
-25.998
3.707
-25.545
-25.3306
-25.9041
-26.6608
4.018
-25.0315
-25.6403
-25.5747
-26.2914
4.025
-26.1522
-26.669
-26.6882
-26.4702
3.02
-24.8626
-25.4279
-25.4161
-25.9676
3.553