-4.68593
-4.68593
-4.68593
-4.68593
9.142
-4.68325
-4.68325
-4.68325
-4.68325
9.446
-4.63976
-4.63976
-4.63976
-4.68153
9.096
-4.68766
-4.68766
-4.68766
-4.68766
9.167
-4.64149
-4.66659
-4.66659
-4.68325
8.995
-4.53766
-4.53766
-4.53766
-4.53766
9.024
-4.68593
-4.68593
-4.68593
-4.68593
9.136
-4.49589
-4.49589
-4.53766
-4.53766
9.08
-4.49478
-4.49478
-4.49478
-4.68766
8.95
-4.6409
-4.66659
-4.68764
-4.68764
9.449
-4.67099
-4.67099
-4.67099
-4.68766
8.861
-4.66927
-4.66927
-4.68593
-4.68593
9.157
-4.68153
-4.68153
-4.68153
-4.68152
9.482
-4.68766
-4.68766
-4.68766
-4.68766
9.133
-4.68766
-4.68766
-4.68766
-4.68766
8.792
-4.53318
-4.53318
-4.53318
-4.53325
8.499
-4.64149
-4.66659
-4.68324
-4.68325
9.212
-4.68325
-4.68325
-4.68325
-4.68325
9.161
-4.6453
-4.6704
-4.68707
-4.68766
8.925
-4.64149
-4.64149
-4.64149
-4.64149
9.27
-4.48141
-4.48141
-4.66486
-4.68153
8.625
-4.68766
-4.68766
-4.68766
-4.68766
8.761
-4.51912
-4.68593
-4.68593
-4.68593
8.911
-4.50823
-4.50823
-4.5249
-4.5249
9.074
-4.68707
-4.68766
-4.68766
-4.68766
8.869
-4.68534
-4.68534
-4.68534
-4.68593
9.08
-4.53766
-4.53766
-4.53766
-4.53766
8.972
-4.68325
-4.68325
-4.68325
-4.68325
8.822
-4.5249
-4.68325
-4.68766
-4.68766
8.876
-4.53325
-4.53325
-4.53325
-4.53325
9.073
-9.16217
-9.16095
-9.24036
-9.43474
17.668
-8.94341
-9.26273
-9.49711
-9.49707
17.532
-9.14558
-9.14553
-9.14237
-9.14577
17.855
-9.10626
-9.11188
-9.31036
-9.30735
17.481
-9.20223
-9.2267
-9.20021
-9.29246
17.395
-9.41459
-9.59173
-9.61479
-9.61343
18.152
-9.0528
-9.42112
-9.41994
-9.41953
17.977
-9.0004
-9.00234
-9.00095
-9.00054
18.203
-9.38907
-9.38558
-9.39127
-9.39084
17.887
-9.20273
-9.41374
-9.47499
-9.47879
17.641
-9.49789
-9.49912
-9.49904
-9.49901
18.109
-9.45724
-9.45796
-9.45833
-9.4608
16.58
-8.97069
-8.99095
-9.1381
-9.14003
17.733
-9.297
-9.29697
-9.29867
-9.4014
18.055
-8.9617
-8.95804
-9.1605
-9.16054
17.87
-9.15521
-9.28774
-9.2897
-9.44729
17.676
-9.27703
-9.29548
-9.29381
-9.29504
17.543
-9.37914
-9.38068
-9.38184
-9.38209
17.601
-9.44014
-9.43906
-9.43986
-9.44105
17.023
-9.09125
-9.08743
-9.30087
-9.33156
17.03
-9.44142
-9.47099
-9.4715
-9.47067
17.95
-9.08645
-9.40604
-9.58311
-9.58392
17.676
-9.08653
-9.08709
-9.41191
-9.41328
17.496
-9.29169
-9.29254
-9.29107
-9.29285
17.868
-8.9468
-8.94629
-8.95186
-8.94968
17.693
-9.3567
-9.35319
-9.35606
-9.35332
17.949
-9.3279
-9.33194
-9.3307
-9.33293
18.128
-9.32155
-9.32568
-9.32847
-9.32833
18.146
-9.05099
-9.05402
-9.04634
-9.05508
17.898
-9.19965
-9.19761
-9.20114
-9.19984
17.982
-23.0446
-22.1248
-22.6673
-22.4154
53.036
-23.1946
-23.1068
-21.9305
-23.0946
52.39
-22.5429
-23.3748
-23.9745
-22.6421
52.185
-22.9899
-22.494
-21.7003
-22.881
52.605
-22.8209
-22.0239
-23.7939
-22.9126
52.313
-21.5495
-22.314
-22.5449
-22.1879
52.492
-22.8979
-22.2478
-22.8038
-22.9774
53.624
-23.4223
-23.3005
-21.6071
-22.7512
53.828
-23.1645
-22.5763
-22.3493
-21.9482
52.555
-23.9155
-22.8714
-23.04
-22.6413
52.834
-23.0229
-24.1451
-23.4587
-23.5333
50.993
-22.4723
-24.0509
-23.0704
-22.5575
52.796
-22.165
-23.3059
-24.207
-23.2075
52.037
-23.0135
-24.1439
-22.1167
-24.287
52.686
-23.7834
-21.8504
-24.0002
-23.8941
52.302
-23.5035
-23.445
-23.2547
-25.5612
52.91
-24.0097
-22.9081
-23.0952
-23.1503
52.44
-23.939
-23.335
-22.9068
-23.2172
53.396
-22.5925
-22.5278
-22.3246
-24.564
53.377
-22.7152
-23.0784
-21.9314
-23.0476
51.722
-22.4812
-23.3248
-22.9136
-23.4714
50.763
-22.7231
-21.6218
-23.2402
-23.0733
52.876
-23.8659
-23.5322
-23.3128
-22.3863
52.707
-22.5841
-23.9149
-22.8328
-23.0069
52.939
-22.3507
-23.2924
-23.1127
-22.6879
52.575
-23.2627
-24.0139
-23.2769
-22.7219
52.203
-22.9584
-23.6578
-22.2804
-24.3765
52.004
-22.2904
-23.7684
-23.7291
-22.6469
50.887
-23.2733
-24.2853
-24.0292
-24.6954
53.739
-23.6393
-24.4805
-22.8493
-24.7158
52.251