-4.31781
-4.49149
-4.49149
-4.49149
9.89
-4.68753
-4.68753
-4.68766
-4.68766
10.5
-4.66927
-4.66927
-4.68593
-4.68593
9.937
-4.6453
-4.6453
-4.6453
-4.6453
9.998
-4.63917
-4.63917
-4.63917
-4.63917
10.236
-4.68705
-4.68705
-4.68705
-4.68705
10.202
-4.65852
-4.68759
-4.68759
-4.68759
9.947
-4.53763
-4.53766
-4.53766
-4.53766
10.193
-4.6459
-4.67099
-4.68766
-4.68766
10.596
-4.6409
-4.6409
-4.64149
-4.66659
10.266
-4.52207
-4.52207
-4.52256
-4.52258
10.489
-4.68153
-4.68153
-4.68153
-4.68153
9.577
-4.68153
-4.68153
-4.68153
-4.68153
10.219
-4.6586
-4.68707
-4.68707
-4.68707
10.388
-4.37439
-4.37439
-4.53766
-4.53766
10.196
-4.66486
-4.68153
-4.68153
-4.68153
10.63
-4.53324
-4.53324
-4.53324
-4.53324
10.665
-4.64588
-4.68764
-4.68766
-4.68766
9.129
-4.68759
-4.68766
-4.68766
-4.68766
10.096
-4.67099
-4.67099
-4.68766
-4.68766
10.377
-4.51598
-4.53265
-4.53265
-4.53265
10.206
-4.64149
-4.68325
-4.68325
-4.68325
9.357
-4.46242
-4.49147
-4.53325
-4.53325
9.763
-4.49589
-4.52099
-4.52099
-4.53766
10.415
-4.6409
-4.666
-4.666
-4.666
10.417
-4.53706
-4.53706
-4.53706
-4.53706
9.787
-4.6459
-4.67099
-4.67099
-4.67099
9.441
-4.68153
-4.68153
-4.68153
-4.68153
10.162
-4.22092
-4.22151
-4.49147
-4.49147
10.196
-4.68586
-4.68586
-4.68593
-4.68593
10.486
-9.44336
-9.44336
-9.44336
-9.44336
18.032
-9.18818
-9.18818
-9.44167
-9.44167
18.174
-9.21059
-9.40355
-9.40355
-9.40355
18.527
-8.79935
-8.79997
-9.338
-9.39998
18.69
-9.06
-9.06002
-9.29653
-9.31319
18.438
-9.11452
-9.38449
-9.38449
-9.38449
19.27
-9.41601
-9.43279
-9.4328
-9.4328
18.98
-9.521
-9.521
-9.521
-9.52102
18.773
-9.41036
-9.41036
-9.43546
-9.43546
18.72
-9.36496
-9.36498
-9.52771
-9.52774
19.332
-9.38529
-9.58592
-9.58592
-9.58592
19.175
-9.23608
-9.26513
-9.43195
-9.43195
19.154
-9.16119
-9.32403
-9.57904
-9.57904
18.909
-9.33866
-9.53155
-9.53156
-9.53156
18.848
-9.40292
-9.57146
-9.57146
-9.57146
18.183
-9.36921
-9.52833
-9.52835
-9.52835
18.658
-9.56144
-9.57811
-9.58251
-9.58251
19.027
-8.7404
-9.14506
-9.30418
-9.46694
19.116
-9.39276
-9.45031
-9.45031
-9.45031
18.594
-9.1911
-9.1911
-9.40289
-9.40289
18.373
-9.00235
-9.16149
-9.16149
-9.43146
18.583
-9.30567
-9.6174
-9.6174
-9.6174
18.88
-9.38067
-9.46652
-9.47264
-9.49774
18.485
-9.46317
-9.46325
-9.46325
-9.46325
18.785
-9.40314
-9.40314
-9.40314
-9.61455
19.202
-9.36602
-9.36602
-9.52514
-9.55024
18.035
-9.11525
-9.11525
-9.33884
-9.33886
19.342
-8.58243
-8.97371
-9.40398
-9.55443
18.933
-9.39223
-9.39223
-9.39223
-9.3923
18.733
-9.46587
-9.46587
-9.46587
-9.49097
18.563
-25.7744
-25.9583
-25.8647
-25.6835
53.855
-26.1329
-26.1389
-25.8419
-26.378
53.537
-25.8971
-26.0583
-25.8633
-26.04
51.627
-26.5427
-24.5241
-26.2206
-24.8561
53.778
-25.9073
-25.6594
-26.0862
-26.4394
54.667
-26.611
-26.6203
-25.7566
-26.1843
54.816
-25.715
-25.6516
-26.2357
-25.668
53.755
-27.1578
-25.8641
-26.4038
-26.6039
53.393
-25.4266
-26.9748
-26.8818
-25.2209
54.67
-26.2648
-26.3656
-26.3946
-26.9416
52.585
-26.3916
-26.8565
-25.1979
-26.2943
53.826
-25.2133
-25.7359
-25.9489
-25.9153
53.535
-25.9566
-25.853
-26.4828
-25.8621
52.79
-26.4408
-25.9987
-25.7854
-25.489
53.042
-25.9112
-26.5387
-26.3147
-25.7758
54.342
-26.4154
-25.7996
-25.4363
-25.6582
53.877
-26.0201
-26.8242
-26.0981
-25.693
53.206
-25.0692
-25.7273
-26.2134
-26.4786
54.756
-25.8857
-26.3426
-26.4378
-25.9836
52.764
-25.6583
-25.2425
-26.4567
-25.3033
53.422
-25.3054
-25.6269
-26.6855
-25.8376
52.824
-25.8116
-25.2672
-26.4402
-26.1798
53.353
-26.7131
-25.9248
-25.9516
-24.6292
54.013
-24.7917
-26.398
-25.1646
-26.0968
51.953
-25.4588
-25.9366
-26.2079
-26.01
53.759
-25.188
-25.2258
-25.7695
-25.8065
53.519
-26.0284
-26.6236
-25.6833
-24.2861
54.012
-26.5138
-26.1127
-26.003
-26.8514
54.637
-26.3487
-25.9085
-26.0045
-26.3169
54.157
-24.9673
-25.3244
-25.9778
-25.6064
53.289