-4.45097
-4.45261
-4.47359
-4.6872
6.946
-4.52276
-4.68029
-4.67895
-4.67674
6.973
-4.53578
-4.53617
-4.53695
-4.53748
6.939
-4.64393
-4.68513
-4.68567
-4.6841
6.95
-4.33369
-4.52946
-4.53209
-4.5322
6.982
-4.4751
-4.47685
-4.51832
-4.68554
6.971
-4.52251
-4.52169
-4.52037
-4.52189
6.959
-4.4703
-4.46867
-4.47095
-4.47148
6.975
-4.35276
-4.3598
-4.68641
-4.68682
6.958
-4.53039
-4.53199
-4.53097
-4.53209
6.92
-4.44643
-4.46934
-4.68276
-4.6803
6.726
-4.68166
-4.68258
-4.67909
-4.68113
6.896
-4.48005
-4.47904
-4.63764
-4.64236
6.015
-4.68026
-4.67749
-4.67922
-4.67974
6.964
-4.68116
-4.67974
-4.68011
-4.67737
6.949
-4.6393
-4.64106
-4.68277
-4.68286
6.734
-4.49063
-4.532
-4.53111
-4.53732
6.881
-4.53566
-4.53635
-4.53679
-4.53725
6.97
-4.66829
-4.68749
-4.68656
-4.68438
6.738
-4.4522
-4.45238
-4.45253
-4.66975
6.905
-4.66773
-4.68338
-4.68715
-4.68732
6.602
-4.20469
-4.20702
-4.4798
-4.48101
6.979
-4.6455
-4.68721
-4.68551
-4.68578
6.979
-4.52035
-4.68316
-4.68512
-4.68505
6.678
-4.33209
-4.33207
-4.33267
-4.33184
6.942
-4.64488
-4.68646
-4.68742
-4.68731
6.882
-4.48954
-4.49054
-4.52217
-4.53214
6.627
-4.68128
-4.68369
-4.68537
-4.68346
6.976
-4.64464
-4.64556
-4.64506
-4.64534
6.837
-4.64569
-4.64553
-4.64446
-4.64503
6.962
-9.19849
-9.19384
-9.18479
-9.54011
13.408
-9.1986
-9.41399
-9.42582
-9.42581
13.257
-8.94772
-8.93766
-8.94298
-8.94829
13.376
-9.29105
-9.45216
-9.46716
-9.49119
13.209
-9.12416
-9.13228
-9.13229
-9.55623
13.177
-9.30921
-9.28466
-9.30963
-9.30206
13.449
-9.23957
-9.49562
-9.52333
-9.64323
13.368
-9.14172
-9.17138
-9.17158
-9.16756
12.355
-9.07632
-9.10011
-9.0964
-9.28347
13.063
-9.37197
-9.37137
-9.3516
-9.37507
12.841
-9.5492
-9.56986
-9.56617
-9.56767
12.745
-8.82744
-8.82069
-8.82384
-8.8229
13.072
-9.34422
-9.35568
-9.41472
-9.39718
12.878
-8.95856
-8.96617
-9.15573
-9.15174
13.365
-9.32808
-9.32152
-9.32234
-9.32607
11.988
-9.18068
-9.20131
-9.3675
-9.37593
12.958
-9.00198
-9.18317
-9.19665
-9.4034
12.821
-9.10144
-9.31379
-9.3091
-9.31421
12.645
-9.23661
-9.48834
-9.57564
-9.57507
12.883
-8.96199
-8.97396
-8.97499
-9.12157
12.492
-9.25756
-9.46113
-9.46077
-9.47774
13.233
-9.57115
-9.57798
-9.57159
-9.5796
12.802
-8.61992
-8.64115
-8.63794
-9.39113
12.756
-9.18896
-9.25172
-9.28539
-9.29063
13.52
-9.26167
-9.34735
-9.35567
-9.34692
13.217
-9.19581
-9.33479
-9.352
-9.45934
13.457
-9.03882
-9.32169
-9.31555
-9.3194
12.914
-9.21868
-9.22651
-9.23371
-9.23067
12.82
-9.19526
-9.25205
-9.25016
-9.25348
11.927
-9.4115
-9.41166
-9.40375
-9.42573
13.119
-26.9094
-26.6599
-27.9439
-28.1516
39.159
-26.8251
-27.7349
-27.9161
-27.8661
36.116
-27.1413
-27.949
-27.9765
-27.8147
39.174
-26.6423
-26.5926
-26.808
-26.9089
38.341
-27.9993
-28.0536
-28.1075
-28.1015
38.644
-27.3584
-27.4661
-27.7947
-27.7714
39.145
-27.2364
-27.2895
-27.4952
-27.0846
38.889
-26.4964
-26.8021
-27.5888
-27.3812
38.586
-26.2651
-27.1795
-27.3858
-26.9378
36.77
-26.7988
-27.2219
-27.1766
-26.9744
38.235
-27.3591
-27.7254
-27.9261
-27.9385
37.58
-26.7972
-26.9823
-26.9344
-27.1433
38.207
-26.5195
-26.9272
-27.4824
-27.9812
40.082
-26.791
-27.6234
-27.733
-27.8133
39.855
-27.3819
-28.0989
-27.9798
-28.0245
37.682
-27.5808
-27.6597
-28.0021
-27.9982
38.025
-27.079
-27.8157
-27.521
-28.2121
38.485
-26.3062
-26.6247
-27.1167
-27.0129
40.057
-27.2801
-27.3742
-27.557
-27.3635
37.332
-26.487
-26.9926
-26.8548
-27.5663
38.371
-26.6649
-27.1818
-27.4832
-27.7944
39.035
-26.2756
-26.6213
-27.7823
-27.7174
38.447
-27.3658
-27.7196
-27.5149
-28.2843
38.524
-26.7038
-27.532
-27.3951
-27.1784
37.023
-26.5739
-27.1509
-26.6538
-26.1553
39.052
-27.0052
-27.4932
-27.7738
-27.9386
37.88
-26.9595
-27.5026
-28.0696
-27.9838
36.432
-27.3342
-27.6649
-27.701
-27.9383
37.102
-26.4125
-27.4939
-27.4978
-27.8358
37.412
-27.1953
-27.3846
-27.6224
-27.5163
38.216