-4.3749
-4.53766
-4.53766
-4.53766
20.43
-4.68593
-4.68593
-4.68593
-4.68593
20.298
-4.68266
-4.68266
-4.68266
-4.68266
20.386
-4.68766
-4.68766
-4.68766
-4.68766
20.524
-4.6542
-4.68266
-4.68266
-4.68266
20.234
-4.666
-4.666
-4.666
-4.68325
20.514
-4.64417
-4.64417
-4.64417
-4.64417
20.661
-4.53766
-4.53766
-4.53766
-4.53766
20.563
-4.68766
-4.68766
-4.68766
-4.68766
19.901
-4.68325
-4.68325
-4.68325
-4.68325
20.316
-4.68766
-4.68766
-4.68766
-4.68766
20.316
-4.49038
-4.68325
-4.68325
-4.68325
20.367
-4.53766
-4.53766
-4.53766
-4.53766
20.295
-4.68758
-4.68758
-4.68766
-4.68766
20.94
-4.68153
-4.68153
-4.68153
-4.68153
20.366
-4.68766
-4.68766
-4.68766
-4.68766
19.473
-4.68153
-4.68153
-4.68153
-4.68593
20.531
-4.53325
-4.53325
-4.53325
-4.53325
19.767
-4.63976
-4.66486
-4.66486
-4.66486
20.214
-4.64149
-4.67099
-4.67099
-4.68766
20.226
-4.68325
-4.68325
-4.68325
-4.68325
20.674
-4.53766
-4.53766
-4.53766
-4.53766
20.443
-4.52038
-4.53706
-4.53706
-4.53706
20.165
-4.67098
-4.68764
-4.68766
-4.68766
21.119
-4.67099
-4.68766
-4.68766
-4.68766
20.349
-4.6409
-4.68266
-4.68266
-4.68707
20.405
-4.6586
-4.68766
-4.68766
-4.68766
20.317
-4.68325
-4.68325
-4.68325
-4.68325
20.262
-4.66914
-4.68593
-4.68593
-4.68593
21.022
-4.68153
-4.68153
-4.68153
-4.68153
20.306
-9.10516
-9.10516
-9.37512
-9.40022
37.359
-9.61754
-9.61754
-9.61754
-9.61754
38.041
-9.1936
-9.1936
-9.38649
-9.41123
38.293
-9.61214
-9.61214
-9.61214
-9.61214
37.405
-9.4588
-9.4588
-9.4588
-9.4588
38.113
-9.50869
-9.50869
-9.50869
-9.50928
37.555
-9.46252
-9.46265
-9.46272
-9.46272
38.726
-9.33937
-9.33937
-9.33937
-9.33937
38.016
-9.61661
-9.61661
-9.61661
-9.6172
37.146
-9.16002
-9.37182
-9.37182
-9.56104
37.497
-9.08929
-9.45905
-9.50082
-9.50082
36.957
-9.42358
-9.42358
-9.42358
-9.42358
38
-9.60926
-9.60926
-9.60926
-9.60926
37.409
-9.46494
-9.46494
-9.46494
-9.46494
37.526
-9.40622
-9.40997
-9.40997
-9.62138
37.994
-9.21275
-9.37161
-9.37161
-9.37161
38.071
-9.55766
-9.55766
-9.55766
-9.55766
38.585
-8.90433
-9.12181
-9.32157
-9.32157
37.825
-9.24212
-9.35072
-9.54379
-9.5438
37.326
-9.13732
-9.51598
-9.51598
-9.51598
37.482
-9.01149
-9.28145
-9.28145
-9.28145
37.863
-9.11573
-9.39582
-9.41248
-9.41248
37.584
-9.0235
-9.53399
-9.53458
-9.53458
37.946
-9.0423
-9.40824
-9.40824
-9.40824
37.899
-9.45747
-9.45747
-9.45754
-9.45754
37.673
-9.47409
-9.49075
-9.49256
-9.5495
37.943
-9.1175
-9.19018
-9.20013
-9.21681
38.022
-9.27643
-9.3384
-9.3384
-9.3384
37.894
-9.31489
-9.47325
-9.47325
-9.47765
37.648
-9.40069
-9.43033
-9.6584
-9.6584
37.1
-27.3374
-27.6895
-27.8535
-27.2416
106.654
-26.9681
-27.2534
-26.8335
-26.8707
106.248
-26.746
-26.9497
-26.507
-26.4458
109.599
-26.1718
-26.1416
-27.2238
-26.6853
108.132
-26.5701
-26.8688
-26.2959
-27.2743
109.919
-26.4772
-27.8025
-26.7372
-27.4488
108.331
-27.3104
-27.224
-27.4633
-27.4851
108.206
-26.3362
-26.192
-27.126
-26.2039
104.095
-27.1289
-26.9292
-26.7747
-27.4945
104.236
-25.8195
-26.4533
-26.6857
-27.2202
104.163
-26.8682
-27.2319
-26.8986
-26.7554
110.117
-26.9272
-26.9409
-26.2607
-26.979
104.264
-26.3111
-26.5221
-26.9816
-26.8049
109.739
-26.379
-27.0241
-27.0328
-26.7041
105.82
-26.1482
-26.9055
-26.6941
-26.3363
106.685
-26.0643
-26.2305
-27.0096
-26.3787
103.121
-26.7514
-26.2544
-27.2069
-26.7464
109.98
-27.0794
-26.7137
-26.5815
-26.589
107.095
-27.323
-26.5472
-26.816
-27.1758
109.59
-27.0061
-26.9244
-26.9895
-27.0403
108.44
-25.9855
-26.4345
-26.9548
-26.9128
109.127
-26.3888
-27.1158
-26.6812
-27.2486
108.131
-26.5671
-26.1751
-26.6531
-27.7007
109.729
-27.0161
-26.7927
-26.8809
-26.5431
109.824
-26.7777
-26.8375
-27.1301
-27.5449
108.836
-27.1042
-26.59
-26.6108
-26.8311
104.652
-27.0545
-26.6986
-27.0728
-27.7044
109.795
-26.2302
-27.0978
-26.0766
-26.8012
105.668
-27.0027
-27.2819
-27.2039
-27.5726
110.028
-26.3689
-26.7573
-26.4748
-27.2122
109.509