2.39388e-05
2.89952e-06
3.42928e-06
1.04534e-06
1.942
7.4782e-06
3.42928e-06
7.40252e-06
8.57557e-06
1.747
2.13278e-05
2.98418e-05
8.93979e-07
2.21839e-06
1.917
2.48327e-06
2.18055e-06
2.02919e-06
2.21839e-06
1.683
1.23584
1.23586
1.23583
1.23583
1.928
2.0798e-05
5.66186e-06
9.18102e-06
3.20224e-06
2.009
2.47179
2.47177
2.47169
1.2378
1.692
4.17994e-05
3.95905e-06
4.33745e-06
2.82384e-06
1.573
1.23586
1.23583
1.23584
1.23583
2.021
2.67248e-06
5.91256e-07
3.5428e-06
4.60233e-06
1.857
1.23587
1.23584
1.23582
1.23582
1.864
7.88829e-05
1.15886e-06
1.46158e-06
1.49942e-06
1.9
9.89998e-06
2.55895e-06
4.56449e-06
1.01649e-05
1.687
9.31819e-07
5.47266e-06
3.27792e-06
2.18055e-06
1.73
5.92675e-06
9.59726e-06
4.9429e-06
2.9752e-06
1.867
3.65632e-06
6.19163e-06
4.29961e-06
5.81323e-06
1.784
2.21839e-06
3.42928e-06
2.63464e-06
1.34806e-06
1.78
2.23081
1.23583
1.23583
1.23586
1.953
4.0475e-05
3.3536e-06
1.68863e-06
1.33813e-05
1.911
9.69659e-07
2.29927e-05
2.82384e-06
5.28346e-06
1.915
8.76477e-06
5.54834e-06
2.44543e-06
6.00243e-06
1.87
1.23585
2.82384e-06
2.67248e-06
1.04676e-05
1.863
3.46712e-06
1.31022e-06
8.68909e-06
3.26373e-07
2.022
1.23583
1.23583
1.23583
1.23583
1.95
1.00513e-05
4.14825e-06
2.52111e-06
8.68909e-06
1.946
1.23586
1.23583
1.23583
1.23583
1.833
5.81323e-06
7.78092e-06
3.50496e-06
1.0619e-05
1.749
1.23583
1.23582
1.23582
1.23583
1.984
1.91567e-06
7.93229e-06
8.72693e-06
4.14825e-06
1.987
3.48746e-05
4.26177e-06
3.58064e-06
8.27285e-06
1.549
7.10968
2.83017
2.60306
2.65657
3.8
3.29074
0.260339
0.485474
0.312188
3.93
6.94635
4.89415
2.14444
1.58263
3.719
3.65452
2.48098
0.255213
0.439296
3.6
3.40348
2.26797
2.57899
2.4209
3.538
9.53714
8.50154
8.46501
8.70614
3.78
4.8025
3.04939
2.94489
3.16308
3.391
5.4222
3.7077
1.60294
0.199272
3.459
3.49316
2.49081
1.60762
2.52758
3.834
9.90373
9.55081
8.48944
7.15996
3.523
9.32902
7.97446
7.84783
4.43946
3.361
5.73982
2.63528
1.65395
1.86171
3.784
3.20954
1.21397
1.55665
0.599354
3.593
4.32076
2.1084
1.68914
2.12271
3.585
5.7868
5.23978
4.13188
3.36508
3.404
4.38493
4.2617
4.33649
3.2036
3.638
2.39714
0.457734
0.312256
0.573646
3.439
8.94757
5.91295
0.352213
0.348262
3.969
4.76473
3.86575
2.77526
1.40412
3.616
4.48751
2.14952
2.19677
0.339445
3.773
7.33227
6.17317
6.12728
4.8352
3.554
7.03322
3.15031
2.82441
2.73362
3.425
10.9778
10.0644
3.91689
3.76816
3.751
6.12774
4.28128
3.83181
3.15969
3.452
6.23775
5.60876
4.68368
2.86572
3.958
11.7295
10.0035
4.85062
4.94834
3.774
6.93985
4.16706
2.86041
1.53563
3.556
5.91566
5.21403
3.74289
3.10503
3.417
4.19891
2.75497
2.91851
3.62731
3.514
10.1706
8.31551
7.88818
7.99233
3.84
141.247
137.699
136.71
129.22
11.111
126.694
128.577
117.143
141.971
10.806
142.229
126.203
135.469
121.781
11.553
129.752
121.593
118.884
126.948
11.4
151.542
145.373
122.569
107.89
10.472
146.706
139.635
141.801
94.107
10.937
117.506
95.0994
118.788
130.312
11.164
124.667
116.781
140.385
151.928
11.447
143.278
130.656
130.858
132.577
11.422
127.753
98.548
134.119
164.206
11.303
125.182
137.908
119.174
127.131
11.346
146.004
132.302
150.418
138.551
10.445
138.68
122.865
127.847
136.724
10.724
117.375
147.246
142.938
144.785
10.541
139.874
153.393
133.323
139.947
11.321
136.344
108.871
123.654
145.537
10.496
139.826
161.68
135.344
134.325
11.468
134.934
147.128
147.45
108.422
10.922
125.28
128.555
133.061
141.306
11.242
142.647
142.483
126.031
112.13
10.576
105.431
113.467
131.176
127.368
11.141
137.105
138.432
115.39
137.894
10.561
135.973
144.604
117.983
146.977
11.002
143.494
141.657
156.277
105.638
10.767
153.182
120.469
157.145
127.399
11.384
125.156
123.649
121.801
128.657
11.075
134.017
133.623
127.613
123.701
11.257
137.645
129.968
175.662
158.78
10.952
133.114
147.458
129.383
136.848
10.75
124.618
143.809
164.093
141.933
10.829