1.2359
1.23595
1.23588
1.23584
9.748
3.69558e-05
1.62193e-05
3.42692e-05
8.84045e-06
9.277
1.23609
1.23583
1.23584
1.23583
9.745
3.35124e-05
2.02919e-06
2.46199e-05
3.37772e-05
9.16
1.5751e-06
4.02054e-07
4.7537e-06
1.24731e-05
9.421
1.37975e-05
1.97763e-05
8.15933e-06
4.45097e-06
9.514
8.91613e-06
6.83633e-05
1.16028e-05
3.66909e-05
9.525
1.23584
1.99655e-05
2.82147e-05
4.37529e-06
8.735
1.24033
1.23641
1.23585
3.39144e-06
9.244
1.91567e-06
1.40246e-05
5.6997e-06
0.000100906
9.715
5.20778e-06
3.27792e-06
2.59679e-06
8.99181e-06
10.195
1.23588
1.23585
1.23586
3.3536e-06
9.619
1.23595
1.23609
1.23582
1.23584
9.786
3.28691e-05
6.41867e-06
3.50496e-06
1.87546e-05
9.606
1.22082e-05
1.83762e-05
5.81323e-06
5.26217e-05
9.878
2.02682e-05
5.28346e-06
3.88857e-05
9.29454e-06
9.434
2.47201
2.47177
2.47183
2.47167
9.132
1.72789e-05
3.25664e-05
6.41867e-06
5.97735e-05
9.908
1.23588
1.2359
1.23601
1.23584
9.293
2.57551e-05
7.17548e-06
7.59172e-06
1.77329e-05
9.693
2.82384e-06
1.61815e-05
4.54699e-05
9.29454e-06
9.776
2.93736e-06
1.27238e-06
6.72139e-06
1.31022e-06
9.252
2.36975e-06
7.59172e-06
6.07811e-06
2.66254e-05
9.564
1.2359
1.50084e-05
1.39867e-05
5.35914e-06
9.414
1.49706e-05
3.58585e-05
1.80215e-06
1.35705e-05
9.364
1.45165e-05
5.96459e-06
2.01547e-05
4.33745e-06
9.431
1.44787e-05
2.85553e-05
1.95493e-05
9.02966e-06
9.711
3.24008e-06
3.76985e-06
0.000102609
8.46205e-06
10.211
3.3588e-05
4.67801e-06
5.62402e-06
2.07223e-05
9.423
2.4719
1.24371
1.23583
1.23586
9.423
0.465706
0.41813
1.2019
0.474582
18.104
0.515933
0.16635
0.726703
0.852078
17.155
0.248343
1.95093
0.770987
0.572686
18.238
1.52791
2.41448
0.892553
0.50283
19.268
4.77297
3.31591
0.486707
0.926181
17.995
0.536773
1.13898
2.03637
2.3439
18.43
2.37147
2.95524
3.40257
1.4326
17.668
2.75552
2.33028
0.155356
0.798556
18.93
0.779633
0.857114
0.660892
0.291542
19.182
3.42012
2.13361
1.42222
0.912356
18.275
3.43542
2.69261
0.437194
1.45815
18.336
1.22897
0.632539
1.13189
1.50058
17.104
3.37672
3.03795
2.68946
3.48877
18.357
1.34105
1.14761
0.657183
1.08622
18.232
2.56689
0.156238
0.760669
2.17796
17.211
1.68628
0.633327
1.71772
0.213861
18.889
1.20041
1.29187
0.339885
0.635001
17.557
3.48125
1.22503
0.958149
1.20756
18.112
2.61201
1.52625
0.686141
2.11761
18.453
1.81568
0.855605
0.8516
0.235332
19.371
0.325324
0.204566
2.37076
1.73694
19.134
1.33421
0.740007
0.211923
0.854355
18.328
3.66286
3.06661
2.75068
2.18751
18.265
1.64817
0.610318
0.689889
2.51371
19.394
3.52493
1.62184
1.54851
1.07121
17.277
2.62838
2.03169
0.931687
0.957598
18.998
4.2659
2.03365
0.491374
0.463905
19.598
1.63733
1.45357
1.71043
1.00282
18.736
0.266706
0.448003
0.773509
2.20389
18.219
6.5147
0.617363
0.47341
1.06124
19.587
151.082
185.793
149.842
160.352
53.934
125.879
161.793
126.515
146.639
56.64
145.01
175.945
155.944
152.009
53.953
138.261
176.431
153.572
153.805
56.433
166.383
152.377
170.034
159.509
56.786
172.995
140.858
153.343
153.682
55.315
139.519
150.799
143.414
179.814
55.253
153.177
163.111
170.611
151.58
53.69
165.285
177.133
132.858
165.501
54.986
170.328
179
126.099
161.9
54.724
157.52
167.093
129.418
125.353
56.361
137.83
145.949
163.054
150.436
55.89
154.201
153.085
117.197
153.56
56.034
176.733
124.483
162.331
154.008
53.202
145.825
156.383
130.392
165.046
55.038
172.501
141.801
170.86
147.407
57.052
157.148
152.422
139.386
154.218
55.768
136.473
139.372
172.508
165.51
55.714
152.784
112.926
114.393
156.6
55.372
182.821
128.505
173.625
154.36
55.472
133.376
161.247
168.046
139.351
55.062
144.418
154.292
162.557
159.882
55.245
149.222
147.972
169.555
133.322
54.087
140.628
138.273
130.654
171.892
54.614
170.266
124.267
158.962
144.72
54.191
159.571
135.374
142.558
158.37
53.396
136.01
165.028
149.702
150.85
56.305
155.015
139.88
145.207
153.602
55.194
161.9
146.755
141.26
129.986
54.802
182.058
160.718
169.267
150.857
54.356