2.36502e-08
2.36502e-08
2.36502e-08
2.36502e-08
10.001
1.23582
1.23582
1.23582
1.23582
10.104
2.36502e-08
2.36502e-08
2.36502e-08
2.36502e-08
10.309
2.47165
2.47165
1.23582
2.36502e-08
10.461
2.47165
2.47165
2.47165
2.47165
10.462
2.36502e-08
2.36502e-08
2.36502e-08
2.36502e-08
10.318
2.36502e-08
2.36502e-08
2.36502e-08
2.36502e-08
10.192
2.47165
2.47165
2.47165
2.47165
10.28
3.70747
3.4666
1.23582
1.23582
10.103
2.36502e-08
2.36502e-08
2.36502e-08
2.36502e-08
10.44
1.23582
1.23582
1.23582
1.23582
9.965
1.23582
1.23582
1.23582
1.23582
10.566
2.47165
2.47165
2.47165
2.47165
9.668
2.36502e-08
2.36502e-08
2.36502e-08
2.36502e-08
10.428
1.23582
1.23582
1.23582
1.23582
10.478
1.23582
1.23582
1.23582
1.23582
10.633
2.36502e-08
2.36502e-08
2.36502e-08
2.36502e-08
9.705
2.47165
2.47165
2.47165
2.47165
10.516
1.23582
1.23582
1.23582
1.23582
9.97
1.23582
1.23582
1.23582
1.23582
10.439
2.36502e-08
2.36502e-08
2.36502e-08
2.36502e-08
10.496
2.36502e-08
2.36502e-08
2.36502e-08
2.36502e-08
10.006
2.36502e-08
2.36502e-08
2.36502e-08
2.36502e-08
9.604
2.36502e-08
2.36502e-08
2.36502e-08
2.36502e-08
10.473
1.23582
1.23582
1.23582
1.23582
9.669
2.47165
2.47165
1.23582
2.36502e-08
10.204
1.23582
1.23582
1.23582
1.23582
10.413
1.23582
1.23582
1.23582
1.23582
10.58
2.47165
2.47165
2.47165
1.23582
10.562
2.36502e-08
2.36502e-08
2.36502e-08
2.36502e-08
10.215
1.23582
1.23583
1.23584
1.23583
19.456
3.70747
3.70748
3.70748
3.70752
19.531
2.47165
2.47165
2.47165
2.47165
19.399
2.47165
1.23582
1.23583
1.23583
19.205
6.14906e-07
1.6366e-06
9.93309e-07
7.28427e-07
19.29
4.94329
4.94333
4.94329
3.70749
18.588
3.70747
3.70748
3.70748
2.47167
19.835
2.47165
2.47165
2.47165
2.47168
19.605
2.47165
2.47167
2.47165
2.47165
20.31
2.47165
2.47165
2.47165
2.47165
19.477
2.47165
2.47165
2.47165
2.47165
19.318
2.47165
2.47169
2.47165
2.47165
19.197
1.23582
1.23582
1.23583
4.96655e-06
19.478
3.70747
3.70749
3.70748
3.70747
20.045
6.15924
1.23583
1.23582
1.23582
18.971
3.70748
3.70747
3.70748
3.70747
19.075
1.23588
1.23582
1.23583
1.23582
20.247
2.47165
2.47165
2.47167
2.47165
18.578
2.47165
2.47165
2.47165
2.47167
20.228
6.17912
3.70768
3.7075
3.70747
19.372
4.9433
4.9433
4.94333
4.94338
19.429
1.23583
1.23583
1.23583
1.23582
19.457
1.23584
1.23582
2.24204e-06
1.75012e-06
19.199
2.47168
2.47165
2.47165
2.47165
20.112
4.94332
4.94332
4.94344
4.94334
19.926
2.47165
2.47165
2.47165
2.47165
19.396
2.47165
2.47165
2.47165
2.47166
19.521
6.17911
6.17931
6.17916
6.17926
19.166
2.47165
2.47165
2.47165
2.47165
19.978
1.23583
1.23582
1.23583
1.23583
19.394
37.2861
48.0529
41.9883
39.6636
55.644
36.4891
39.9718
23.9565
43.7053
54.882
50.4376
40.3223
51.1667
42.6861
52.984
40.2063
35.6296
43.5817
35.6022
54.92
55.1587
36.9191
49.2106
39.0293
54.423
50.6095
38.1108
53.9534
45.3894
55.112
42.2764
35.9465
28.5961
39.422
55.289
59.9666
57.7181
47.4056
35.953
56.662
49.434
37.8126
45.6126
41.2967
55.95
47.649
41.1692
38.8571
47.3772
56.739
50.2052
28.6366
40.2555
38.7545
54.215
33.9158
43.1382
36.3499
39.1515
55.264
49.2569
30.0511
33.1548
39.6636
57.016
41.4441
33.6504
47.5729
50.2445
55.014
37.4997
43.5028
42.7425
34.9428
55.814
41.5895
39.4701
29.1883
39.8277
54.686
42.3116
40.0623
43.9685
46.557
55.869
53.2683
29.1765
35.0462
33.8836
56.223
33.1642
43.3023
33.231
38.3349
54.621
42.0519
32.451
39.0875
59.572
57.079
44.2244
32.2379
46.797
47.2523
55.593
43.524
39.8017
40.6151
48.2554
53.876
40.067
43.7181
42.1171
39.9473
55.063
50.5763
34.9553
35.6362
58.0824
56.567
48.4397
37.8413
41.7987
52.4805
55.135
51.3669
54.0981
53.9737
46.9715
54.382
44.4508
47.9831
47.6614
39.3803
56.783
43.0881
34.9774
44.7325
42.3387
56.775
37.1186
44.9434
35.3679
45.9646
54.284
40.3922
41.6791
51.522
34.5303
55.873