2.36502e-08
2.36502e-08
2.36502e-08
2.36502e-08
9.5
1.23584
1.23589
1.23583
1.23583
9.729
1.23584
1.23585
1.23586
1.23583
9.187
2.36502e-08
2.36502e-08
2.36502e-08
2.36502e-08
9.428
1.23583
1.23583
1.23583
1.23583
9.27
2.36502e-08
2.36502e-08
2.36502e-08
2.36502e-08
9.554
2.36502e-08
2.36502e-08
2.36502e-08
2.36502e-08
8.934
2.36502e-08
2.36502e-08
2.36502e-08
2.36502e-08
9.43
2.36502e-08
2.36502e-08
2.36502e-08
2.36502e-08
9.362
2.36502e-08
2.36502e-08
2.36502e-08
2.36502e-08
8.624
1.23583
2.36502e-08
2.36502e-08
2.36502e-08
9.419
1.23583
1.23583
1.23585
1.23582
9.442
2.36502e-08
2.36502e-08
2.36502e-08
2.36502e-08
9.216
2.36502e-08
2.36502e-08
2.36502e-08
2.36502e-08
8.293
2.36502e-08
2.36502e-08
2.36502e-08
2.36502e-08
9.699
1.23583
1.23584
2.36502e-08
2.36502e-08
9.564
2.47168
2.47165
2.47179
2.47177
9.505
2.36502e-08
2.36502e-08
2.36502e-08
2.36502e-08
9.431
2.36502e-08
2.36502e-08
2.36502e-08
2.36502e-08
9.045
2.36502e-08
2.36502e-08
2.36502e-08
2.36502e-08
9.329
2.36502e-08
2.36502e-08
2.36502e-08
2.36502e-08
9.578
2.36502e-08
2.36502e-08
2.36502e-08
2.36502e-08
9.002
2.47167
2.47174
2.47165
1.23583
9.735
2.36502e-08
2.36502e-08
2.36502e-08
2.36502e-08
9.538
2.36502e-08
2.36502e-08
2.36502e-08
2.36502e-08
9.357
2.47177
2.47187
1.23583
1.23582
9.5
2.47169
2.47167
2.47168
2.47179
9.512
1.23582
1.23585
1.23582
1.23584
9.678
2.47167
2.47168
2.4717
2.47177
9.306
2.47178
2.47168
2.47169
1.23585
9.275
1.26196
1.274
1.26361
1.25422
16.939
2.53064
2.51599
2.51075
2.52895
18.648
4.78846
3.76428
3.77889
3.74963
18.608
2.50729
2.52989
2.51867
2.53325
17.891
1.00885
7.15277e-05
4.7991e-05
0.000112849
18.216
2.52007
2.50446
2.50692
1.2551
18.525
12.4889
7.48987
7.46805
7.47357
18.724
5.97448
1.2529
1.24741
1.25335
18.443
2.50158
2.50773
2.49856
2.5157
18.705
3.51419
3.51811
2.58798
2.50608
19.222
3.50491
3.51417
3.5041
2.51822
18.107
7.01545
6.03154
3.80017
3.77271
17.687
5.00247
5.04
5.07628
5.02231
17.226
2.51472
2.51015
2.50163
2.51451
18.401
5.57018
2.54149
2.51954
2.51637
19.145
1.24959
1.2504
1.25924
1.25795
19.036
5.52654
3.53469
2.50599
2.51659
18.225
13.4322
9.52892
8.47727
7.46429
18.833
0.000216986
0.000164426
0.000449589
0.000414624
18.325
2.51135
2.51319
2.50876
2.51027
19.054
2.26965
1.25895
1.25421
1.2565
17.19
3.76695
3.78302
3.76677
3.75417
18.323
8.50905
7.50044
3.49815
2.52255
17.512
0.000128288
8.03445e-05
3.85309e-05
2.46057e-05
18.669
3.76419
3.75636
3.77531
3.77163
18.476
2.50958
2.52643
2.52293
2.52113
19.058
5.04657
5.05549
5.03788
5.0671
18.357
0.000153149
2.91465e-05
3.57686e-05
1.37455e-05
17.221
12.2789
7.62044
7.60449
7.60593
18.256
2.50248
2.52378
2.51631
2.52149
17.974
104.499
109.52
104.385
109.54
55.512
85.0547
63.4791
106.95
124.637
55.176
112.598
82.4798
87.6478
90.0976
55.336
100.479
101.229
102.434
98.9945
54.395
84.7089
104.468
94.676
97.8318
55.661
76.0977
97.0976
89.8208
94.2655
56.276
116.791
95.0182
101.236
89.5001
54.994
92.1152
110.845
86.7989
82.1708
55.31
91.3307
96.7154
97.1956
110.021
55.886
94.4059
94.9802
79.5134
102.107
54.872
110.323
113.582
100.294
82.1044
55.902
94.61
92.9778
98.5197
106.997
56.308
95.6029
82.2778
89.3631
89.0565
53.54
81.2244
95.1763
96.8245
97.3608
54.956
91.1081
100.235
95.7274
94.7825
56.541
93.2126
102.087
98.7048
103.523
56.259
98.0038
82.7038
106.39
109.962
56.483
78.8731
80.5405
71.0881
87.0232
54.992
98.032
86.3562
99.6015
80.4104
56.357
92.8399
63.6041
85.5607
75.4772
55.169
91.8652
107.119
101.231
102.093
55.961
101.071
109.004
111.188
90.7012
56.473
86.5574
95.3569
69.9202
83.2339
55.366
77.3021
105.835
105.886
107.717
55.286
79.5028
95.7527
85.4303
82.0499
55.698
79.1261
99.2448
82.1949
83.7381
55.176
77.9779
117.465
88.2813
98.5993
55.188
103.161
96.6507
85.9818
101.577
53.402
91.0725
103.975
87.5947
89.7063
54.433
99.3963
100.433
97.4823
90.6602
55.177