1.23582
1.23582
1.23582
2.36502e-08
9.385
3.70747
3.70747
3.70748
3.70747
9.236
2.36502e-08
2.36502e-08
2.36502e-08
2.36502e-08
9.32
2.36502e-08
2.36502e-08
2.36502e-08
2.36502e-08
9.246
1.23582
1.23582
1.23582
1.23582
9.804
2.47165
2.47165
2.47165
2.47165
9.646
2.36502e-08
2.36502e-08
2.36502e-08
2.36502e-08
9.733
2.36502e-08
2.36502e-08
2.36502e-08
2.36502e-08
9.541
1.23582
1.23582
1.23582
1.23582
9.656
2.36502e-08
2.36502e-08
2.36502e-08
2.36502e-08
9.687
2.36502e-08
2.36502e-08
2.36502e-08
2.36502e-08
10.033
2.36502e-08
2.36502e-08
2.36502e-08
2.36502e-08
9.57
2.47165
2.47165
2.47165
2.47165
9.86
2.47165
2.47165
2.47165
2.47165
9.068
3.70747
3.70747
2.47165
1.23582
9.72
2.36502e-08
2.36502e-08
2.36502e-08
2.36502e-08
9.88
2.36502e-08
2.36502e-08
2.36502e-08
2.36502e-08
9.557
2.47165
2.47165
2.47165
2.47165
9.641
1.23582
1.23582
1.23582
1.23582
9.829
2.47165
1.23582
1.23582
1.23582
9.683
1.23582
2.36502e-08
2.36502e-08
2.36502e-08
8.917
1.23582
0.994963
2.36502e-08
2.36502e-08
8.886
2.36502e-08
2.36502e-08
2.36502e-08
2.36502e-08
9.037
2.47165
1.23582
1.23582
1.23582
9.627
1.23582
1.23582
1.23582
1.23582
9.455
2.36502e-08
2.36502e-08
2.36502e-08
2.36502e-08
9.103
1.23582
2.36502e-08
2.36502e-08
2.36502e-08
9.874
6.15924
1.23582
1.23582
1.23582
9.579
2.36502e-08
2.36502e-08
2.36502e-08
2.36502e-08
9.103
1.23582
1.23582
1.23582
1.23582
8.362
2.47518
2.47644
2.47669
2.47955
18.357
8.66184
8.65248
8.66668
8.65344
18.696
1.23802
1.23746
1.23856
1.23754
17.255
2.47853
2.47754
2.47799
2.47694
18.269
6.16576
6.1734
2.4784
2.47536
18.43
8.64916
4.96194
3.71438
3.71563
18.332
2.47616
2.47593
2.48016
2.47837
18.285
4.73004e-08
4.73004e-08
4.73004e-08
4.73004e-08
18.4
3.71371
3.71671
3.72066
3.7271
18.111
6.16746
2.481
2.47778
2.48251
17.557
4.96011
3.7165
3.71683
3.71447
16.946
7.4262
2.47633
2.47767
2.478
18.448
9.89813
4.95925
3.71544
3.71735
18.629
3.72119
3.71766
3.72174
3.71338
17.42
2.47549
2.47837
2.47691
2.47845
18.635
2.47656
2.47464
2.47547
2.48095
19.167
7.41108
2.47717
2.47576
2.47615
18.02
3.72356
3.71706
3.71909
3.71531
16.972
1.23745
1.23742
1.23767
1.23803
19.038
3.71601
3.71964
3.72299
3.71493
18.491
3.718
3.72378
3.71959
3.71746
17.283
4.73004e-08
4.73004e-08
4.73004e-08
4.73004e-08
18.577
2.47793
2.47715
2.47899
1.23715
18.177
3.72403
3.7243
3.72076
3.71563
18.669
2.47462
2.47707
2.48006
2.47479
17.585
4.95727
4.95726
4.95871
4.95563
17.534
2.48037
2.47535
2.47815
2.47731
19.087
4.73004e-08
4.73004e-08
4.73004e-08
4.73004e-08
18.945
3.71877
3.71652
2.47686
2.47642
19.092
12.3567
2.47702
2.47362
2.4761
18.096
46.4667
43.2102
44.3338
40.1791
55.53
43.0833
49.9113
41.3172
37.3854
52.354
42.293
33.694
29.3107
29.9541
54.146
43.9651
30.6706
41.7698
33.8872
56.85
51.1312
44.4661
29.8602
27.0283
55.044
54.2103
54.0098
48.5129
47.2819
55.791
44.3263
49.8401
52.4379
43.2356
55.852
39.7315
23.8869
35.0612
32.3778
50.29
37.9297
24.4826
27.285
19.6891
56.577
51.3102
39.3588
53.5354
29.5206
55.669
50.5213
49.7432
49.9911
39.5535
56.785
44.0602
48.8019
37.5208
30.2905
53.957
54.8581
28.995
27.7177
32.9626
53.255
44.1341
32.8244
36.5649
27.6029
54.241
49.7472
60.0806
44.0576
49.6295
53.991
62.1021
42.3936
41.2643
37.6286
52.366
44.2708
44.8332
29.672
28.2419
56.682
45.0453
33.8642
28.9744
27.0551
53.262
38.4821
37.7582
34.6362
34.1586
52.272
42.45
45.2272
40.1619
50.0474
56.782
46.1605
43.4899
34.0217
35.9399
55.546
48.4311
40.8091
45.0485
39.6652
56.806
31.0508
25.6829
28.8754
41.766
56.579
37.9548
27.934
33.4178
26.4692
53.855
64.1982
43.6934
53.3443
35.5725
55.436
32.9937
29.8883
32.733
35.5632
50.999
53.0779
29.8294
36.5929
33.2396
55.706
40.3828
38.1186
41.5413
35.7022
53.549
39.625
32.9966
32.1009
35.7923
56.738
31.2729
29.5604
26.1224
23.8074
56.107