1.23667
2.36502e-08
2.36502e-08
2.36502e-08
14.277
2.47521
2.47249
1.23619
1.23786
14.492
1.2372
1.23886
1.23773
2.36502e-08
14.509
1.23892
1.23665
1.23678
2.36502e-08
14.582
2.36502e-08
2.36502e-08
2.36502e-08
2.36502e-08
14.465
2.36502e-08
2.36502e-08
2.36502e-08
2.36502e-08
14.42
2.36502e-08
2.36502e-08
2.36502e-08
2.36502e-08
14.547
1.23743
1.23869
1.23838
2.36502e-08
14.671
2.36502e-08
2.36502e-08
2.36502e-08
2.36502e-08
14.508
1.23649
1.23862
1.23733
1.23622
14.5
1.23918
1.2376
1.23733
1.23778
14.48
2.36502e-08
2.36502e-08
2.36502e-08
2.36502e-08
14.697
1.23646
2.36502e-08
2.36502e-08
2.36502e-08
14.267
1.23816
1.23698
1.23655
1.23716
14.131
2.36502e-08
2.36502e-08
2.36502e-08
2.36502e-08
14.503
1.2387
1.23802
1.23693
1.23768
14.499
2.36502e-08
2.36502e-08
2.36502e-08
2.36502e-08
14.449
2.36502e-08
2.36502e-08
2.36502e-08
2.36502e-08
14.489
2.36502e-08
2.36502e-08
2.36502e-08
2.36502e-08
14.454
1.23706
1.23775
1.23695
2.36502e-08
14.183
2.36502e-08
2.36502e-08
2.36502e-08
2.36502e-08
14.491
1.23627
1.23676
2.36502e-08
2.36502e-08
14.583
2.36502e-08
2.36502e-08
2.36502e-08
2.36502e-08
14.457
1.23686
2.36502e-08
2.36502e-08
2.36502e-08
14.386
2.36502e-08
2.36502e-08
2.36502e-08
2.36502e-08
14.489
1.2375
2.36502e-08
2.36502e-08
2.36502e-08
14.49
2.36502e-08
2.36502e-08
2.36502e-08
2.36502e-08
14.597
1.23753
2.36502e-08
2.36502e-08
2.36502e-08
14.405
2.36502e-08
2.36502e-08
2.36502e-08
2.36502e-08
14.501
2.36502e-08
2.36502e-08
2.36502e-08
2.36502e-08
14.448
5.00318
5.01451
3.73365
2.48554
28.419
4.73004e-08
4.73004e-08
4.73004e-08
4.73004e-08
28.168
1.23845
1.23838
1.24484
1.24582
28.367
2.49335
2.48622
2.48511
2.48281
28.338
4.96597
3.73029
3.73964
3.73384
28.382
2.4939
1.24536
1.2424
1.24748
27.937
4.73004e-08
4.73004e-08
4.73004e-08
4.73004e-08
28.452
2.4869
2.4835
2.49333
2.49025
28.057
2.49559
1.25001
1.24026
1.24514
27.932
3.75086
2.4838
2.48714
1.24459
28.186
1.2488
1.24477
1.24395
1.24113
28.291
5.00346
3.74524
3.73467
3.7387
28.471
4.73004e-08
4.73004e-08
4.73004e-08
4.73004e-08
28.305
2.48245
1.24282
1.24443
1.24344
28.105
4.73004e-08
4.73004e-08
4.73004e-08
4.73004e-08
27.839
1.2444
1.23873
1.24296
1.24461
28.452
3.73425
3.74716
2.4993
2.49538
28.462
4.73004e-08
4.73004e-08
4.73004e-08
4.73004e-08
27.658
1.24142
1.24425
1.24568
1.24685
28.447
3.74568
2.49845
2.49939
1.24551
28.353
2.48659
2.48529
2.48874
1.24013
28.082
3.72794
1.24326
1.24762
1.24539
28.355
2.48489
2.48992
2.48327
1.24444
28.072
2.49318
2.48684
2.49973
2.49736
28.724
2.49656
2.49216
1.24428
1.24067
28.333
2.5027
1.24787
1.24675
1.24691
28.429
5.01523
3.75606
3.74184
2.48596
27.609
2.49204
2.49632
1.23991
1.24114
28.391
1.24334
1.24178
1.24985
1.24016
27.624
1.24571
1.24183
1.24192
1.23981
28.393
17.1178
15.1764
14.1972
8.34366
84.106
19.8867
19.3944
19.1186
19.3346
84.331
42.2435
22.3964
14.7912
15.0128
84.184
31.143
12.2649
12.4148
12.1214
84.742
28.9879
21.6675
15.4587
8.31164
83.728
25.8847
7.21008
6.82742
7.13478
85.399
8.33092
8.35168
7.01824
6.61994
84.127
15.0042
8.33476
6.81096
6.62848
83.648
9.74499
8.48172
8.04025
8.37035
85.291
31.6464
16.7313
12.5487
11.3154
84.641
27.7343
17.3814
16.1152
12.5676
84.191
15.0077
5.54209
5.80592
5.56259
84.7
20.1909
13.9537
13.7488
13.6546
83.967
22.2328
15.0558
8.50547
8.30133
84.833
17.9061
16.082
11.3214
10.1711
84.85
17.9715
9.63131
9.90698
8.35197
84.224
17.9652
17.0634
16.754
16.3377
84.106
28.2227
18.4105
18.8437
18.6423
85.173
16.9999
16.0149
16.7916
11.082
84.627
32.3761
14.7447
9.65776
9.64248
82.05
10.2605
7.14861
6.82348
4.23932
85.129
25.2989
13.2773
11.7729
7.10975
84.343
13.342
13.716
14.0944
13.5062
83.726
17.1594
13.9043
12.1546
8.24472
84.99
7.02558
5.50718
5.41797
5.88778
85.338
27.3807
14.6153
9.45222
8.68438
84.215
28.1082
15.0674
9.60221
9.58542
83.996
23.4282
18.4096
17.9775
16.3703
82.105
19.735
11.9251
7.15553
6.76862
84.479
25.0438
14.9025
15.6596
9.39235
84.483