1.23969
1.23976
1.23704
1.23811
1.017
2.24163
1.24198
1.23986
1.2379
0.952
2.49771
2.47435
2.4776
2.4838
0.897
2.23311
2.23239
1.26569
1.24503
0.945
1.24282
1.23977
1.23812
1.23706
0.918
0.000959268
0.000269976
0.000251586
0.00025624
0.962
1.00059
0.00338775
0.00113417
0.000620793
0.949
0.0501088
0.00143609
9.34893e-05
0.000716036
0.932
0.995011
0.00054814
0.000110063
0.00030233
0.679
2.23788
1.24558
1.23706
1.23936
0.754
2.49356
2.47479
2.2372
1.23707
0.875
3.49122
2.48446
2.48448
1.24876
0.913
2.47405
2.47821
2.48524
2.47993
0.841
4.92504
4.92528
4.93483
1.24289
0.879
0.999686
0.00015532
0.000458686
0.000832165
0.877
0.00420206
0.000974362
0.00019755
0.000272928
0.765
0.00386601
0.000913979
0.000984284
0.00236077
0.924
2.24454
1.2381
0.265193
0.000330445
0.871
1.48407
0.00171023
0.00050326
0.000701051
0.746
1.23793
1.23859
1.23871
1.23689
0.856
1.24841
1.24176
1.23731
1.24027
0.704
1.9934
0.997026
0.00155196
0.000425347
0.746
2.30029
1.23893
1.24452
1.23765
0.885
1.24344
1.24357
0.00240213
0.000268463
0.904
1.23684
1.23881
1.23739
1.23911
0.997
0.00938415
0.000648643
0.00106465
0.000995178
0.666
0.00238339
0.00117303
0.00225081
0.00184113
0.987
0.000972172
0.00176148
0.000487519
0.00093467
0.935
0.000832695
0.00180025
0.000209508
0.000226762
1
1.00277
1.00142
0.926489
0.00210979
0.68
12.0223
11.4742
4.00086
12.0027
1.652
6.03129
7.71995
6.56716
9.84308
1.85
12.968
6.36307
5.86262
9.13095
1.912
15.9382
9.43852
5.90161
10.0963
1.858
14.6991
10.044
8.90818
12.0124
1.897
13.6128
11.3731
3.11534
5.99436
1.899
6.66905
7.70762
5.61947
6.39002
1.939
5.11809
7.60261
9.32906
6.98392
1.828
7.58909
6.22341
6.14686
7.59453
1.782
8.07952
5.33764
7.2215
6.55875
1.922
10.4335
8.02606
7.61311
10.153
1.792
14.6601
14.0847
14.3937
13.8916
1.877
16.3457
15.9292
12.4697
10.4652
1.722
16.7915
14.0709
12.4353
10.361
1.879
11.2874
15.3062
9.5624
8.24889
1.876
19.0963
14.0363
9.6622
6.4671
1.858
16.1255
12.4317
13.5144
9.26535
1.886
10.7425
8.4494
11.0062
4.24688
1.898
15.1311
15.5997
9.51411
5.55397
1.736
4.41987
7.56628
4.77072
5.31391
1.823
11.3336
11.1684
9.38978
4.47243
1.805
13.155
11.5135
8.55126
7.93519
1.749
14.5283
11.8426
9.01307
4.39425
1.801
7.74069
8.27177
7.62673
4.62697
1.721
11.577
9.81073
7.72631
7.04124
1.767
11.381
9.41228
12.0259
7.36599
1.929
15.2438
7.96517
8.80669
13.2336
1.91
10.4323
7.63476
8.88998
7.26068
1.74
8.24809
8.53401
5.32308
8.2664
1.801
12.599
22.1932
11.6165
11.6584
1.788
202.794
184.765
157.68
165.74
5.291
178.214
164.591
176.008
196.919
5.321
184.781
160.904
158.28
180.008
5.374
208.85
179.108
211.404
199.285
5.164
176.28
163.728
150.631
203.013
5.59
184.215
186.371
194.096
152.966
5.371
160.148
183.088
168.949
162.831
5.612
162.748
165.623
164.544
149.012
5.294
183.067
149.289
180.855
186.869
5.011
195.282
144.278
180.62
177.677
5.314
176.8
209.068
128.057
174.12
4.894
189.537
179.077
203.213
167.921
5.742
187.388
163.011
174.561
167.591
5.712
159.898
158.555
183.548
176.633
5.295
173.563
162.383
174.793
186.298
5.661
158.985
163.492
172.887
206.363
5.649
174.316
160.659
172.14
176.737
5.307
185.03
178.497
188.665
170.415
5.326
189.144
173.745
180.846
174.786
5.088
197.968
179.822
199.605
186.953
5.35
176.655
165.491
177.083
157.413
5.167
164.467
182.538
173.357
206.69
5.048
179.33
133.73
177.14
162.626
5.075
192.858
175.372
183.074
160.082
5.709
187.995
177.814
191.635
188.281
5.531
188.862
187.744
215.517
170.04
5.191
170.867
180.218
149.539
178.582
5.667
187.868
169.368
211.002
213.559
5.371
197.981
205.016
182.471
180.349
5.592
167.068
184.966
183.161
163.061
5.507