2.36502e-08
2.36502e-08
2.36502e-08
2.36502e-08
18.992
2.36502e-08
2.36502e-08
2.36502e-08
2.36502e-08
19.306
2.47165
2.47165
1.23582
1.23582
18.832
2.36502e-08
2.36502e-08
2.36502e-08
2.36502e-08
18.945
1.23582
1.23582
1.23582
1.23582
18.896
1.23582
1.23582
1.23582
1.23582
19.05
2.36502e-08
2.36502e-08
2.36502e-08
2.36502e-08
18.943
1.23582
1.23582
1.23582
1.23582
17.932
2.36502e-08
2.36502e-08
2.36502e-08
2.36502e-08
18.572
1.23582
1.23582
2.36502e-08
2.36502e-08
19.131
1.23582
2.36502e-08
2.36502e-08
2.36502e-08
18.983
2.36502e-08
2.36502e-08
2.36502e-08
2.36502e-08
18.495
1.23582
1.23582
1.23582
1.23582
18.912
2.36502e-08
2.36502e-08
2.36502e-08
2.36502e-08
18.917
2.36502e-08
2.36502e-08
2.36502e-08
2.36502e-08
18.05
2.36502e-08
2.36502e-08
2.36502e-08
2.36502e-08
19.4
2.36502e-08
2.36502e-08
2.36502e-08
2.36502e-08
19.009
2.36502e-08
2.36502e-08
2.36502e-08
2.36502e-08
19.084
2.36502e-08
2.36502e-08
2.36502e-08
2.36502e-08
18.055
2.36502e-08
2.36502e-08
2.36502e-08
2.36502e-08
18.966
1.23582
1.23582
1.23582
1.23582
18.847
1.23582
2.36502e-08
2.36502e-08
2.36502e-08
19
2.36502e-08
2.36502e-08
2.36502e-08
2.36502e-08
18.446
2.36502e-08
2.36502e-08
2.36502e-08
2.36502e-08
19.131
2.36502e-08
2.36502e-08
2.36502e-08
2.36502e-08
18.432
2.36502e-08
2.36502e-08
2.36502e-08
2.36502e-08
18.958
2.36502e-08
2.36502e-08
2.36502e-08
2.36502e-08
18.062
1.23582
1.23582
1.23582
2.36502e-08
19.183
1.23582
1.23582
1.23582
1.23582
18.884
2.36502e-08
2.36502e-08
2.36502e-08
2.36502e-08
19.012
3.72893
2.49192
2.47744
2.48075
36.67
2.48161
2.48559
2.47807
2.48288
36.807
8.51502e-05
8.45447e-05
8.52354e-06
7.65321e-06
36.761
3.73024
3.72865
2.48049
2.48513
37.863
5.27589e-05
4.23906e-05
2.19947e-05
8.22082e-06
35.985
4.98607
4.96832
4.96918
4.98049
37.409
2.47935
2.4816
2.48388
1.24489
37.93
2.48623
2.48546
1.23983
1.24254
36.86
1.24017
1.2406
1.2403
1.23799
36.809
1.24244
1.24044
1.24098
1.24426
37.554
5.11318e-05
8.71935e-05
5.19359e-06
6.10176e-06
37.545
1.48429e-05
3.22494e-05
6.89641e-06
5.60983e-06
37.897
0.000108535
1.0075e-05
1.19292e-05
8.40906e-05
36.885
2.48292
2.48568
1.24302
1.24119
36.705
1.00571
1.24968e-05
2.61193e-05
5.42063e-06
37.139
2.48147
2.4844
2.48005
2.48891
36.433
2.48571
2.48199
2.48171
2.48525
36.723
3.72062
3.72348
3.72409
3.72984
37.041
2.22596e-05
2.30542e-05
2.28272e-05
4.15203e-05
36.582
1.24281
1.2433
1.24097
1.24066
37.482
1.23866
1.24153
1.24065
1.24004
37.715
5.08007e-06
8.62854e-05
8.25866e-06
2.86168e-05
37.548
0.000105243
8.71557e-05
8.20851e-05
2.94871e-05
36.787
4.7395e-06
2.6914e-05
3.30157e-06
3.49077e-06
36.875
2.48344
2.48655
2.48412
2.48473
37.572
7.42132
7.42639
2.48538
2.48605
37.764
1.24133
1.24127
1.24199
1.2404
37.858
2.48111
2.4852
2.48624
2.4847
37.79
2.48285
2.48486
2.48344
2.48271
37.018
4.93978
4.94291
0.000126358
8.06472e-05
36.7
76.8355
64.8577
77.6666
78.6627
112.749
68.384
87.5793
46.5174
52.6887
107.974
66.8015
69.5793
67.2237
78.0645
112.449
88.0268
61.7602
54.0422
63.222
112.828
61.386
76.544
68.2243
68.8283
110.002
63.9115
62.9857
52.8379
55.2208
108.943
70.1453
62.858
49.7085
61.4374
108.502
72.1138
61.2114
65.5347
49.0876
109.982
65.2828
55.2257
67.1055
64.4359
113.84
70.0255
74.5129
57.2861
55.576
110.205
84.4496
56.4967
66.4178
61.1116
111.091
65.8224
57.8904
64.3434
71.1797
110.245
66.8121
70.3452
83.5336
74.8991
114.011
79.1574
62.626
69.9578
53.6435
109.313
67.847
69.4826
67.0632
71.3101
108.379
43.5041
65.1787
66.2815
65.2792
109.888
78.0131
72.3778
62.1852
59.5502
110.727
56.271
59.3259
53.5616
66.5253
109.289
75.9045
68.2188
65.608
65.3888
113.61
63.5317
57.9433
56.0965
55.9875
113.268
59.7645
68.0911
65.6568
71.6538
110.979
68.6733
53.79
79.0472
72.4695
113.487
65.1851
43.1686
62.9879
69.1213
108.334
52.8324
66.9271
67.88
69.9031
111.172
63.6558
88.2253
56.9557
60.8116
108.811
73.7595
62.6403
61.8196
64.848
110.018
57.9834
62.6429
65.6517
69.4038
109.144
62.6451
55.6206
53.5356
60.3636
109.078
65.4529
58.9495
53.0368
68.2013
109.119
68.6201
63.4404
55.8035
56.8441
113.677