1.68863e-06
2.36502e-08
2.36502e-08
2.36502e-08
0.791
1.2359
1.23582
1.23582
1.23582
0.787
2.36502e-08
2.36502e-08
2.36502e-08
2.36502e-08
0.991
6.15924
6.15924
6.15924
6.15924
0.838
2.36502e-08
2.36502e-08
2.36502e-08
2.36502e-08
1.018
1.23582
1.23582
1.23582
1.23582
0.913
2.36502e-08
2.36502e-08
2.36502e-08
2.36502e-08
0.966
2.36502e-08
2.36502e-08
2.36502e-08
2.36502e-08
0.973
3.4666
2.47165
2.47165
2.47165
0.801
3.70747
3.70747
3.70749
3.70747
0.98
1.23582
1.23582
1.23582
1.23582
0.979
1.23582
1.23582
1.23582
1.23582
0.888
3.70747
3.70747
3.70747
3.70747
0.977
1.23583
1.23582
1.23582
1.23582
1.041
1.23583
1.23582
1.23582
1.23582
0.949
1.23582
1.23582
1.23582
1.23582
0.909
7.15925
6.15924
1.23582
1.23582
0.93
2.23078
1.55154
1.23582
1.23582
0.873
1.23582
1.23582
1.23582
1.23582
1.074
2.36502e-08
2.36502e-08
2.36502e-08
2.36502e-08
0.732
1.00001
2.36502e-08
2.36502e-08
2.36502e-08
0.854
1.23582
1.23582
1.23582
1.23582
0.972
6.15926
1.23673
1.23582
1.23582
0.856
2.36502e-08
2.36502e-08
2.36502e-08
2.36502e-08
0.87
2.47165
2.47165
2.47165
2.47165
0.846
1.23582
1.23582
1.23582
1.23582
1.047
2.36502e-08
2.36502e-08
2.36502e-08
2.36502e-08
0.914
6.15924
6.15924
6.15924
6.15924
0.95
2.36502e-08
2.36502e-08
2.36502e-08
2.36502e-08
0.975
2.36502e-08
2.36502e-08
2.36502e-08
2.36502e-08
1.103
8.17979
3.48762
2.47789
2.47689
1.93
8.41213
7.42338
7.41277
7.41397
1.82
9.17842
9.17134
6.16718
6.17156
1.84
1.82945
1.23848
1.23881
1.23775
1.897
1.2579
1.23686
1.23851
1.23903
1.724
4.27699
1.24624
1.23786
1.23824
1.785
3.40086
0.995879
1.44739e-06
4.73004e-08
1.784
3.74292
3.72536
3.71596
3.71875
1.809
5.01059
5.77066e-07
2.74343e-07
1.60822e-07
1.828
6.48204
2.48527
2.48017
2.47972
1.78
10.3117
6.16988
6.1766
6.17427
1.907
3.24165
1.24036
1.23826
1.23963
1.77
6.50475
3.68459
2.47852
2.47618
1.723
4.77906
3.72128
3.71491
3.71889
1.66
10.7278
9.67754
8.65432
8.65178
1.88
7.50266
3.48141
2.47617
2.47705
1.835
9.91789
9.88514
6.26477
6.20224
1.823
8.25044
7.23392
7.2079
6.21789
1.888
3.48746
2.47962
2.47455
2.47709
1.768
10.7089
8.77453
8.65854
8.66133
1.814
11.1522
8.57038
7.16339
6.17253
1.744
3.00519
2.00246
1.00224
1.00198
1.826
9.65088
8.67848
8.67719
8.65571
1.731
13.4067
9.4151
8.4085
8.41976
1.803
4.71336
3.72641
3.71888
3.71773
1.773
18.6482
18.5782
18.5975
17.6901
1.821
9.47698
3.57144
3.47322
2.47837
1.768
9.64832
7.1994
6.17409
6.17075
1.931
17.5768
16.5676
15.6013
15.5768
1.748
12.3707
12.1347
11.1674
11.1604
1.761
80.7232
66.2247
73.8662
61.8536
5.428
51.496
56.2629
53.5454
45.803
5.568
79.865
63.6668
53.9828
47.1084
5.519
63.7722
61.8574
62.0752
52.7494
5.203
59.7894
60.7463
55.5238
51.8049
5.149
67.4123
62.9266
57.3767
52.5002
5.134
62.0707
50.3016
37.9468
39.0904
5.373
57.2829
55.2207
42.8284
53.6559
5.28
69.6241
56.5938
45.9628
49.0996
5.499
77.2317
66.9799
58.8213
59.347
5.43
58.7507
53.0606
53.6302
51.386
5.585
78.6578
65.8307
56.6338
59.5125
5.452
63.7379
58.4811
54.7794
52.5054
5.292
88.2073
57.575
57.277
60.7072
5.338
80.9837
76.5206
64.6319
62.0302
5.208
84.0795
86.4014
79.3662
71.8314
5.196
87.9303
71.0852
63.5001
57.148
5.215
62.4853
62.8752
61.816
55.3501
4.895
73.3437
60.0522
50.6459
54.054
5.367
55.2239
52.8763
52.1255
51.645
5.045
70.8481
49.2417
51.6222
48.5067
5.443
65.576
55.1125
51.1496
52.2006
5.319
70.468
53.2981
56.6499
52.8775
5.076
63.8972
61.5946
65.1566
71.7323
5.248
68.1838
70.0685
72.0917
71.0993
5.17
74.6835
67.434
65.8215
65.3143
5.059
97.8327
79.353
82.1311
63.3008
5.394
55.7876
56.8715
56.6343
59.9161
5.382
82.3197
52.9068
61.4389
51.7983
5.217
71.229
60.4489
62.2083
56.4408
5.408