2.36502e-08
2.36502e-08
2.36502e-08
2.36502e-08
9.547
2.36502e-08
2.36502e-08
2.36502e-08
2.36502e-08
9.611
1.23582
1.23582
2.36502e-08
2.36502e-08
9.143
2.36502e-08
2.36502e-08
2.36502e-08
2.36502e-08
9.719
1.23582
1.23582
2.36502e-08
2.36502e-08
9.179
1.23582
0.00580689
2.36502e-08
2.36502e-08
9.171
2.36502e-08
2.36502e-08
2.36502e-08
2.36502e-08
9.547
2.36502e-08
2.36502e-08
2.36502e-08
2.36502e-08
8.771
1.23582
1.23582
1.23582
1.23582
9.736
1.23582
1.23582
2.36502e-08
2.36502e-08
9.424
2.36502e-08
2.36502e-08
2.36502e-08
2.36502e-08
9.152
2.36502e-08
2.36502e-08
2.36502e-08
2.36502e-08
9.558
1.23582
1.23582
1.23582
1.23582
9.523
3.70747
3.70747
3.70747
2.47165
9.558
1.23582
1.23582
1.23582
1.23582
9.48
1.23582
1.23582
1.23582
1.23582
9.823
1.23582
1.23582
1.23582
1.23582
9.376
1.23582
1.23582
1.23582
1.23582
9.282
2.47165
2.47165
1.23582
1.23582
8.903
2.36502e-08
2.36502e-08
2.36502e-08
2.36502e-08
9.621
1.23582
1.23582
1.23582
1.23582
8.743
2.36502e-08
2.36502e-08
2.36502e-08
2.36502e-08
9.764
1.23582
1.23582
1.23582
1.23582
9.458
2.47165
2.47165
2.47165
2.47165
9.184
1.23582
1.23582
1.23582
1.23582
9.926
2.36502e-08
2.36502e-08
2.36502e-08
2.36502e-08
9.35
2.36502e-08
2.36502e-08
2.36502e-08
2.36502e-08
9.75
2.36502e-08
2.36502e-08
2.36502e-08
2.36502e-08
9.749
2.36502e-08
2.36502e-08
2.36502e-08
2.36502e-08
8.311
1.23582
1.23582
1.23582
1.23582
9.175
2.49265
2.48602
2.48857
2.48497
18.209
6.23842
6.22145
6.22169
6.25973
19.045
2.48919
2.48048
2.4859
2.48262
18.605
2.4888
2.489
2.4831
2.48939
18.388
4.98916
4.96727
4.97661
4.97535
18.227
1.24499
1.24025
1.24359
1.24572
16.882
6.22999
6.24159
6.23891
6.24341
18.721
16.0574
6.18175
1.2433
1.24593
18.295
3.72903
3.7313
3.72247
3.73609
18.192
5.12438
4.97509
4.97181
4.9823
18.014
3.72711
3.72611
3.72715
3.73553
19.172
6.18973
2.48444
2.48761
2.49289
19.01
1.06804e-05
3.94486e-06
7.66267e-07
4.25704e-07
18.38
6.18462
6.18457
6.17185
1.2405
18.633
3.72722
3.72818
3.73395
3.72648
19.186
6.18683
1.24453
1.24048
1.24323
18.553
2.48353
2.48885
2.49142
2.49985
18.556
4.97777
4.98987
4.97343
5.00764
17.707
2.48581
2.48958
2.48958
2.48625
17.562
1.24306
1.23923
1.24311
1.24138
18.839
2.48646
2.48899
2.48978
2.48495
19.246
8.44786e-06
7.95594e-06
1.48523e-06
8.79788e-07
18.76
2.48609
2.48798
2.48789
2.48752
18.466
2.48306
2.49411
2.48593
2.48306
18.292
2.48499
1.24597
1.24122
1.23828
16.496
1.23813
1.24235
1.24039
1.2444
18.145
1.24169
1.24229
1.24072
1.24081
18.399
6.24239
4.9837
4.97538
4.97348
18.354
1.24183
1.24395
1.23965
1.24227
19.021
6.17191
1.24083
1.24253
1.24215
19.268
71.3941
86.4529
67.3487
86.329
54.519
80.3099
71.769
72.2389
84.1975
53.96
82.172
86.7507
80.4486
73.7823
55.452
89.5699
74.0027
96.5155
77.2924
55.014
78.9741
78.5163
70.5649
89.7922
55.753
67.7693
62.131
60.0409
67.6737
56.594
77.6925
75.094
74.3913
74.1396
56.25
68.8888
78.1179
80.623
76.7161
54.725
63.6804
60.9384
77.2218
97.1567
56.326
85.8105
83.3583
66.3488
85.8044
57.285
79.3055
80.5209
82.9087
87.0727
57.162
65.7494
74.4708
72.2518
74.6858
54.607
80.804
93.8101
78.7595
61.3818
54.293
69.4089
63.3034
70.2334
68.8576
54.34
68.3307
77.3716
79.0646
85.5571
55.482
77.0814
86.0966
73.6701
88.2784
55.869
90.6475
82.9883
77.0922
72.2285
56.052
82.6285
97.0349
65.5552
94.839
56.839
77.9373
76.5788
87.914
61.9191
54.586
82.7278
70.4591
80.971
98.3481
56.996
72.0015
68.3175
88.7132
83.41
56.053
90.7363
64.2767
74.3172
71.0833
54.981
72.7365
79.1905
80.5473
83.2092
56.291
78.7661
80.8368
69.9907
76.9256
54.845
94.1303
74.9862
81.3619
65.8934
55.766
99.4222
76.6054
60.856
84.0837
56.23
84.1846
89.6708
67.9739
91.4819
55.053
73.5988
64.0159
89.6873
74.5722
54.73
83.031
80.2058
70.4638
78.7346
56.288
73.9156
94.1839
74.4818
78.2664
56.068