0.000765717
0.000178592
0.000103101
0.000805183
1.903
0.000158196
8.00181e-05
0.000186539
0.000186122
1.831
0.00197343
0.000303086
0.000277582
8.28183e-05
1.907
1.23707
1.23665
1.23843
1.2363
1.909
0.000222335
0.000326472
0.00019668
7.62719e-05
1.769
1.23629
1.23695
1.23697
1.238
1.855
4.96956
4.95538
4.95988
4.96153
1.741
0.000331429
0.000534289
0.000476885
0.000157666
1.919
1.24367
1.23679
1.23632
1.23752
2.013
1.24908
1.2365
1.23672
1.23653
1.982
0.000774007
0.000456642
0.000235882
0.000438857
1.865
1.23702
1.23715
1.238
1.23746
1.713
1.23654
1.23797
1.23598
0.000807717
1.981
1.23667
1.2376
1.23619
1.23611
2.049
0.995103
0.000180068
0.00055794
0.000260478
2.061
1.23744
1.23615
0.000666579
0.000257678
2.034
1.23777
1.23663
1.23729
1.23776
1.996
0.000556842
0.000231303
0.000124102
0.000103895
1.87
0.995131
0.000275842
0.000154147
0.000205837
1.821
0.000431326
0.000277128
0.000139125
0.000277469
2.01
0.000414109
9.47002e-05
0.000276182
3.49881e-05
1.636
0.000398671
0.000527857
0.000367037
0.00069734
2.039
0.000711873
0.00108149
0.00014586
0.000412823
1.692
1.23705
1.23737
0.299553
0.000161223
1.848
0.000827739
0.000142152
0.000478022
0.000238531
1.89
0.00218137
0.000691288
0.000521727
0.000336045
1.61
0.000853472
9.76896e-05
0.000301194
0.000655492
1.736
0.000153088
0.000605694
0.000119448
2.79498e-05
1.675
0.00131174
0.000230622
0.000411612
0.000126221
1.84
0.000154185
8.81538e-05
0.000288253
0.000213746
2.013
5.30624
5.2324
2.97495
3.50427
3.984
7.41284
6.21587
7.0882
7.17914
3.77
7.95817
6.22456
5.12441
4.93505
3.895
7.68255
5.44366
5.67525
6.22859
3.848
7.34923
3.73512
3.28096
3.08928
3.79
8.61337
7.2018
7.70619
8.84327
3.754
5.65199
5.76883
4.10045
4.36295
3.811
12.7856
12.2714
9.10818
5.3274
3.888
8.19506
7.73482
5.93502
4.16072
3.673
6.69205
5.57478
8.73149
7.37856
3.828
7.25778
7.64855
3.84092
4.04466
3.794
9.49282
8.04571
5.92554
3.24475
3.868
8.08241
8.63025
6.32371
4.23071
3.62
4.502
4.20721
4.89309
3.58896
3.933
7.72064
8.79787
8.27607
6.42454
3.767
6.34993
3.1221
4.13269
3.54505
3.436
5.5831
4.17144
1.69484
3.91495
3.464
7.81039
5.27708
4.13207
5.12516
3.774
11.2611
6.41972
6.62673
4.50631
3.755
7.57713
7.60502
8.28331
6.64655
3.998
12.72
5.67574
6.02674
5.34652
3.833
10.3243
4.66266
5.61077
4.46142
3.805
6.99026
9.54604
7.71294
8.64239
3.823
5.8183
5.10757
4.61199
4.00362
3.613
8.59034
4.67484
2.88675
2.17334
3.58
10.3872
9.93288
7.79483
5.14126
3.823
7.25153
6.05367
9.24103
5.37258
3.744
4.73606
3.93503
4.11197
2.87183
3.848
8.65177
6.95583
7.78432
4.21338
3.797
4.44087
8.27671
3.88459
4.39253
3.887
178.48
174.067
165.616
176.839
10.573
154.52
157.882
180.436
166.22
11.3
161.516
160.484
168.835
161.121
10.755
151.462
157.152
178.487
164.887
10.525
173.667
163.65
143.652
157.145
10.916
166.225
164.102
159.763
165.169
10.066
177.418
140.082
149.153
161.51
9.978
143.159
171.579
151.756
145.527
10.845
167.545
167.287
134.349
123.213
11.021
165.998
149.524
170.921
166.843
11.083
176.218
156.709
160.113
160.251
11.453
175.174
170.902
151.531
141.872
11.306
174.698
164.225
153.195
145.397
10.821
167.306
128.26
165.766
131.135
10.942
182.773
165.62
161.823
148.275
11.326
160.804
131.951
169.688
143.368
10.514
151.528
172.187
182.176
151.903
10.648
145.715
140.887
170.561
150.955
11.105
158.494
176.152
153.819
159.46
9.929
164.894
181.253
161.86
155.116
11.385
154.671
136.71
183.348
173.437
10.51
162.209
166.791
114.783
163.04
11.059
169.224
199.2
152.741
165.935
10.29
180.208
143.834
151.387
172.737
10.335
142.12
160.253
139.834
148.628
10.484
151.467
155.545
176.271
159.757
10.824
137.318
163.859
154.832
140.487
9.705
134.391
168.135
172.344
140.177
10.905
161.887
168.432
170.513
189.285
10.692
170.639
161.743
173.579
165.592
10.244