1.23582
1.23582
1.23582
1.23582
1.856
2.36502e-08
2.36502e-08
2.36502e-08
2.36502e-08
1.928
1.23582
1.23582
1.23582
1.23582
1.89
2.36502e-08
2.36502e-08
2.36502e-08
2.36502e-08
1.681
1.23582
1.23582
1.23582
1.23582
1.878
1.23582
1.23582
1.23582
1.23582
1.738
2.36502e-08
2.36502e-08
2.36502e-08
2.36502e-08
1.66
2.47165
2.47165
2.47165
2.47165
1.866
2.36502e-08
2.36502e-08
2.36502e-08
2.36502e-08
1.73
1.23582
1.23582
1.23582
1.23582
1.971
2.36502e-08
2.36502e-08
2.36502e-08
2.36502e-08
1.87
2.36502e-08
2.36502e-08
2.36502e-08
2.36502e-08
1.928
1.23582
1.23582
1.23582
1.23582
1.794
2.47165
2.47165
2.47165
2.47165
2.009
1.23582
1.23582
1.23582
1.23582
1.914
2.36502e-08
2.36502e-08
2.36502e-08
2.36502e-08
1.733
1.23582
1.23582
1.23582
1.23582
1.942
2.36502e-08
2.36502e-08
2.36502e-08
2.36502e-08
1.661
2.36502e-08
2.36502e-08
2.36502e-08
2.36502e-08
1.821
0.0024577
2.36502e-08
2.36502e-08
2.36502e-08
1.963
1.23582
1.23582
1.23582
1.23582
1.688
1.23583
1.23582
1.23582
1.23582
1.777
1.23583
1.23582
1.23582
1.23582
1.798
2.36502e-08
2.36502e-08
2.36502e-08
2.36502e-08
1.863
4.46156
3.4666
2.47165
2.47165
1.878
2.47165
2.47165
2.47165
2.47165
1.693
1.23582
1.23582
1.23582
1.23582
1.83
0.99496
2.36502e-08
2.36502e-08
2.36502e-08
1.942
2.47165
2.47165
2.47165
2.47165
1.855
2.36502e-08
2.36502e-08
2.36502e-08
2.36502e-08
1.776
5.9504e-06
8.04108e-07
1.60822e-07
1.60822e-07
3.905
4.26875
2.24056
1.23712
1.23672
3.577
4.71414
3.71579
3.71215
3.71103
3.748
1.2986
1.23666
1.23632
1.23724
3.871
3.4722
2.47426
2.47461
2.47404
3.707
4.04309
2.4749
2.47294
2.47309
3.839
2.23379
2.23218
1.23646
1.23632
3.287
3.38474
1.23669
1.23683
1.23708
3.924
5.95915
4.96773
4.95181
4.94831
3.403
9.44562
7.42369
7.39919
7.39956
3.805
5.72041
4.71083
3.70976
3.711
3.907
1.00554
0.995551
1.40955e-06
6.90587e-07
3.327
3.49604
2.47313
2.47222
2.474
3.314
7.46821
3.4701
3.46928
2.47417
3.851
2.49794
2.47459
2.47459
2.47313
3.77
5.5576
3.48802
2.49234
2.47282
3.677
14.5755
9.94726
9.87886
9.88327
3.61
3.60152
2.47793
2.47432
2.4731
3.877
2.34537
2.2325
1.23851
1.23702
3.4
6.2617
6.18914
6.18875
6.19229
3.991
7.40744
3.71769
3.71188
3.71116
3.371
3.47013
2.47508
2.47406
2.47298
3.706
4.75651
3.70984
3.71115
3.7134
3.271
1.24956
1.23631
1.23628
1.23644
2.898
1.23796
1.23604
1.23627
1.23657
3.413
7.17373
2.29246
6.16533
6.16241
3.835
1.23804
1.23681
1.23634
1.23646
3.559
4.72096
3.71088
3.71156
3.70938
3.657
2.23354
1.23688
1.23648
1.2367
3.407
2.51416
2.47451
2.47417
2.47436
3.941
57.044
47.0877
51.7426
45.6459
11.441
56.4149
52.8661
55.1049
54.6038
11.199
65.9108
65.542
66.527
66.9028
11.049
61.0207
52.9009
48.5684
47.5263
10.814
55.3177
51.1889
43.027
45.6384
11.334
50.7147
38.0818
37.8625
39.4661
10.789
61.263
61.0789
51.9211
47.6153
10.625
49.6684
48.4139
46.7316
48.624
11.414
42.762
42.1653
42.7778
40.3313
10.228
56.5491
52.8709
53.2285
50.3442
10.97
60.6935
62.0365
56.2027
58.2367
11.083
54.0013
54.2957
50.7684
46.1425
10.649
47.6448
48.5358
46.266
45.2549
11.072
86.1187
72.9303
73.4685
72.6688
11.003
65.6822
56.0278
58.8506
54.0801
10.883
73.0866
63.4192
57.4345
53.6916
10.813
64.5509
57.4805
61.7802
55.817
11.173
59.6523
63.0304
68.3893
55.9581
11.007
83.2836
76.3277
78.9132
71.7117
11.398
47.2976
41.3753
40.4305
38.2191
11.134
64.7408
63.5253
55.6687
57.6834
11.271
78.5584
79.9289
76.2771
71.1479
11.041
83.015
86.1915
69.2425
70.4526
10.724
81.2633
77.445
72.4152
66.6347
11.329
55.7835
57.377
57.8172
52.8489
10.844
59.4592
57.6221
54.4964
51.059
10.854
35.6964
32.5063
32.6413
32.2477
10.781
55.7184
52.721
53.2226
53.7241
10.532
56.9396
51.5384
45.506
46.1663
10.788
51.883
46.4221
46.5284
45.7759
11.181