3.70747
3.70747
3.70756
3.70761
0.734
1.23639
1.23582
1.23583
1.23583
0.974
2.23584
1.23584
1.23582
1.23583
0.729
0.99497
2.36502e-08
2.36502e-08
2.36502e-08
0.938
2.47167
2.47165
2.47165
2.47165
0.906
3.70749
3.70748
3.7075
3.70761
0.697
1.23583
1.23582
1.23582
1.23583
0.957
5.91839
4.93557
1.23583
1.23585
0.972
6.15927
6.15931
6.15942
6.15925
0.925
2.80143
2.47279
2.47179
2.47165
0.728
2.36502e-08
2.36502e-08
2.36502e-08
2.36502e-08
0.918
2.2308
1.23583
1.23582
1.23582
0.718
1.23584
1.23582
1.23582
1.23583
0.993
2.47208
2.47169
2.47167
2.47165
0.952
2.47169
2.47165
2.47165
2.47165
0.885
3.46687
2.47168
2.47166
2.47167
0.975
1.23583
1.23583
1.23582
1.23582
0.933
6.16029
6.15931
6.15928
6.15934
0.935
2.47171
2.47166
2.47165
2.47167
0.958
2.47369
2.47166
2.47178
1.23593
0.721
2.36502e-08
2.36502e-08
2.36502e-08
2.36502e-08
0.955
1.23716
1.23582
1.23582
1.23583
0.967
3.64213e-07
2.36502e-08
2.36502e-08
2.36502e-08
0.926
7.39602
7.39536
7.39511
7.39569
0.969
1.23584
1.23583
1.23583
1.23583
0.938
1.23587
1.23582
1.23583
1.23583
0.71
3.46661
2.71285
2.47165
2.47166
1.017
2.47166
2.47167
2.47165
2.47166
0.627
4.46157
2.47165
2.47167
2.47168
0.749
1.23622
1.23582
1.23582
1.23582
1
4.29
4.24138
4.23852
2.7435
1.931
19.691
15.7123
15.6673
13.6612
1.482
5.67981
2.39356
1.24425
1.24461
1.808
17.0147
14.2816
14.1773
9.24939
1.711
10.7063
10.6904
9.67142
9.69385
1.766
10.5052
7.48251
7.44107
7.4413
1.755
10.9294
5.9469
5.93893
5.93526
1.874
7.18454
1.24811
1.24261
1.24769
1.832
11.7633
10.7218
9.75308
9.70991
1.747
7.5058
7.43102
7.43536
7.45308
1.733
6.00834
5.15296
4.97489
4.98676
1.718
8.69771
8.24317
7.25784
6.25381
1.809
4.76208
4.74819
4.74826
4.729
1.829
5.47898
4.48768
3.49454
2.50754
1.554
17.6719
9.75758
9.71024
9.69338
1.872
7.01294
6.95345
5.99804
4.99937
1.615
10.301
7.19819
7.18554
7.19755
1.821
6.59084
5.48843
4.47992
2.50836
1.613
12.6256
13.1975
11.4325
7.52789
1.695
11.2892
11.1195
11.1513
11.1509
1.677
7.49356
7.44279
7.45265
7.45394
1.827
11.4406
9.41797
9.44063
8.45491
1.931
5.49113
5.49197
3.49343
3.49179
1.752
5.02937
3.77848
3.7395
3.72763
1.872
7.82397
7.73426
7.74109
6.77213
1.842
13.3692
12.5613
11.0208
11.0141
1.948
5.56587
5.48315
5.46728
4.48515
1.633
7.5886
7.51425
3.78294
2.49485
1.628
3.49067
2.48682
2.49008
2.4876
1.824
20.6309
19.6399
18.6065
18.6696
1.628
104.019
84.2825
77.7286
62.984
5.001
61.6332
60.7309
53.7144
55.1245
5.285
65.9627
51.8091
46.9016
43.1155
5.564
92.9301
94.1421
84.6266
70.9659
5.584
68.9039
63.4823
55.7978
63.5797
5.493
70.4806
58.2133
65.4354
72.0719
5.473
83.1859
67.7399
68.909
80.7493
5.335
115.382
71.3708
87.2768
79.7407
5.465
82.5402
65.5993
66.6119
64.1845
5.416
86.6187
68.4174
63.0192
73.4481
5.141
92.3805
75.5184
85.986
77.7967
5.455
89.1881
72.6382
62.9381
66.2373
5.352
105.248
90.7133
80.1383
73.242
5.511
77.2512
62.7429
58.2553
54.0491
5.562
66.3008
68.5488
68.6505
64.0977
5.583
74.2865
88.8525
61.4289
77.7522
5.167
86.0254
67.8161
58.6052
57.6783
4.979
86.7025
102.97
83.5071
69.7837
5.637
79.8363
74.1194
59.7761
65.6364
5.433
69.1316
67.9966
44.7782
51.5971
5.579
69.4413
65.1693
45.397
52.1311
5.388
89.9078
62.7367
64.9515
60.6125
5.54
77.6891
64.8345
49.225
63.461
5.362
70.9729
66.5973
66.7292
52.3231
5.54
91.2981
59.048
63.4155
60.0434
5.167
84.4801
72.0742
69.0105
60.4194
5.121
62.4502
61.1611
65.0639
61.5353
5.665
65.9317
55.3261
68.9741
64.6502
5.433
85.3792
71.7233
81.8396
73.7521
5.558
84.0935
90.3796
63.6141
59.5935
5.534