2.36502e-08
2.36502e-08
2.36502e-08
2.36502e-08
21.278
2.36502e-08
2.36502e-08
2.36502e-08
2.36502e-08
21.024
1.23582
1.23582
1.23582
1.23582
21.554
2.36502e-08
2.36502e-08
2.36502e-08
2.36502e-08
21.182
1.23582
1.23582
1.23582
1.23582
20.739
2.36502e-08
2.36502e-08
2.36502e-08
2.36502e-08
20.547
2.36502e-08
2.36502e-08
2.36502e-08
2.36502e-08
19.665
2.36502e-08
2.36502e-08
2.36502e-08
2.36502e-08
21.149
2.36502e-08
2.36502e-08
2.36502e-08
2.36502e-08
20.476
1.23582
1.23582
2.36502e-08
2.36502e-08
21.109
2.36502e-08
2.36502e-08
2.36502e-08
2.36502e-08
21.871
2.36502e-08
2.36502e-08
2.36502e-08
2.36502e-08
21.158
2.36502e-08
2.36502e-08
2.36502e-08
2.36502e-08
20.794
2.47165
2.47165
1.23582
2.36502e-08
21.162
2.36502e-08
2.36502e-08
2.36502e-08
2.36502e-08
21.166
1.23582
1.23582
1.23582
2.36502e-08
20.851
1.23582
1.23582
1.23582
1.23582
20.971
2.47165
2.47165
2.47165
2.47165
20.596
1.23582
1.23582
1.23582
1.23582
21.821
2.36502e-08
2.36502e-08
2.36502e-08
2.36502e-08
20.945
2.47165
2.47165
2.47165
1.23582
19.83
2.36502e-08
2.36502e-08
2.36502e-08
2.36502e-08
20.511
1.23582
1.23582
1.23582
1.23582
20.807
2.36502e-08
2.36502e-08
2.36502e-08
2.36502e-08
20.824
2.36502e-08
2.36502e-08
2.36502e-08
2.36502e-08
20.623
1.23582
1.23582
1.23582
1.23582
21.431
2.36502e-08
2.36502e-08
2.36502e-08
2.36502e-08
19.643
2.36502e-08
2.36502e-08
2.36502e-08
2.36502e-08
19.914
2.36502e-08
2.36502e-08
2.36502e-08
2.36502e-08
20.46
2.47165
2.47165
2.47165
2.47165
21.525
6.52746e-07
1.06899e-06
8.41948e-07
8.41948e-07
38.364
6.17914
6.17912
6.17912
3.70747
38.309
5.39225e-07
5.77065e-07
5.01385e-07
6.52746e-07
39.068
2.47165
2.47165
2.47165
1.23582
38.104
6.15924
2.47165
2.47165
1.23582
39.486
1.23583
1.23582
1.23582
6.90587e-07
38.95
2.47165
2.47165
2.47165
2.47165
38.577
2.47165
2.47165
2.47165
2.47165
41.349
3.70747
3.70747
3.70747
2.47165
39.511
1.23582
1.23582
1.23582
1.23582
38.26
6.90587e-07
1.22981e-07
5.39225e-07
1.14467e-06
39.924
2.47165
1.23582
1.23582
1.23582
39.429
1.23582
1.23582
1.23582
1.23582
38.158
2.47165
2.47165
2.47165
1.23582
37.897
2.47165
2.47165
2.47165
2.47165
38.584
2.47165
2.47165
2.47165
2.47165
39.276
2.47165
2.47165
2.47165
2.47165
38.39
7.66267e-07
6.90587e-07
9.17629e-07
1.40955e-06
38.91
2.47165
1.23582
1.23582
1.14467e-06
39.385
2.47165
1.23582
3.50023e-07
3.12183e-07
39.842
2.47165
1.22035e-06
3.87864e-07
1.06899e-06
39.529
1.23582
1.23582
1.23583
1.23582
39.625
11.0827
1.23582
1.23582
1.23582
37.748
2.47165
2.47165
2.47165
1.23583
39.738
2.47165
1.23582
1.23582
1.23583
38.435
1.23582
1.23582
1.23582
1.23583
39.861
3.70747
3.70747
2.47165
2.47165
37.771
2.47165
2.47165
2.47165
1.23582
41.485
1.23582
1.23582
1.23582
1.23582
38.521
8.41948e-07
5.01385e-07
1.10683e-06
1.03115e-06
39.623
29.7542
27.3349
30.5924
33.6576
110.821
23.5688
28.2268
22.6807
24.6283
115.331
16.7224
32.1571
31.0414
31.5889
114.639
30.7711
22.8108
24.4324
24.4156
109.772
32.3304
31.7494
31.5397
34.964
109.647
30.0228
31.1348
28.9506
36.5261
107.619
30.2612
24.1948
27.3787
27.7931
112.922
38.6706
28.4905
33.9453
30.8397
105.639
40.7852
23.4204
23.5152
29.4959
112.475
26.1001
29.665
32.0136
29.9947
115.66
28.8611
30.0033
32.5372
34.2553
103.903
27.8738
30.1812
31.4029
33.6922
111.048
32.048
29.5172
41.244
32.5526
115.236
28.8887
34.1398
29.4456
32.0377
113.844
30.4266
29.2886
21.2377
26.2251
109.492
37.7002
31.9454
27.6008
29.4906
113.534
30.3031
21.73
23.7953
39.3919
110.445
35.5827
26.5894
25.885
27.9613
110.209
33.5627
24.193
27.3899
31.559
111.006
28.4205
29.6418
29.4257
24.0303
113.726
35.2686
23.8829
25.5193
33.3372
113.138
31.4924
32.7099
27.7949
27.9829
110.706
35.6512
25.0335
26.6811
28.306
112.783
31.3518
40.7743
36.9969
33.4592
115.315
34.201
25.5805
25.0916
31.5162
110.577
30.899
26.2012
31.1234
26.9626
110.6
39.3194
27.4841
33.6255
30.9596
112.432
24.206
33.2289
26.3432
27.2824
107.099
28.1137
27.0714
25.6829
30.0426
114.334
31.5198
27.5839
30.0151
29.2643
115.069