1.23584
1.23584
1.23582
1.23582
1.944
1.23617
1.23584
1.23583
1.23583
1.932
2.36502e-08
2.36502e-08
2.36502e-08
2.36502e-08
1.731
2.36502e-08
2.36502e-08
2.36502e-08
2.36502e-08
1.801
2.36502e-08
6.14906e-08
2.36502e-08
2.36502e-08
1.847
1.23584
1.23583
1.23583
1.23585
1.914
1.23591
1.23586
1.23583
1.23584
1.976
9.9331e-08
2.36502e-08
2.36502e-08
2.36502e-08
1.909
1.37171e-07
2.36502e-08
2.36502e-08
2.36502e-08
2.002
1.37171e-07
2.36502e-08
2.36502e-08
2.36502e-08
1.714
1.23585
1.23582
1.23584
1.23585
1.804
2.36502e-08
2.36502e-08
2.36502e-08
2.36502e-08
1.738
2.12852e-07
2.36502e-08
2.36502e-08
2.36502e-08
1.74
2.36502e-08
2.36502e-08
2.36502e-08
2.36502e-08
1.934
1.23586
1.23584
1.23583
1.23583
1.911
2.36502e-08
2.36502e-08
2.36502e-08
2.36502e-08
1.73
1.23584
1.23583
1.23583
1.23586
1.651
2.36502e-08
2.36502e-08
2.36502e-08
2.36502e-08
1.909
2.47167
2.4717
2.47169
2.47169
1.555
1.23583
2.50692e-07
2.36502e-08
2.36502e-08
1.864
2.36502e-08
2.36502e-08
2.36502e-08
2.36502e-08
2.043
2.36502e-08
2.36502e-08
2.36502e-08
2.36502e-08
1.901
2.36502e-08
2.36502e-08
2.36502e-08
2.36502e-08
1.695
1.23588
1.23584
1.23583
1.23583
2.022
2.47246
2.47167
2.47172
2.47191
2.023
2.36502e-08
2.36502e-08
2.36502e-08
2.36502e-08
2.006
1.23583
1.23583
1.23583
1.23583
1.609
1.37171e-07
2.36502e-08
2.36502e-08
2.36502e-08
1.741
0.994992
2.36502e-08
2.36502e-08
2.36502e-08
1.541
2.36502e-08
2.36502e-08
2.36502e-08
2.36502e-08
1.92
6.7295
3.57763
3.26882
3.23056
3.411
6.20012
6.78008
6.77107
6.78844
3.698
2.05013
2.00667
1.34224
1.00256
3.585
8.25424
7.8072
3.75317
3.77056
3.384
4.28699
4.26066
4.25546
4.2587
3.75
0.0341956
0.00544097
0.00529937
0.00176845
3.544
5.12878
3.76263
3.76525
3.74562
3.304
6.35246
3.54185
3.36794
3.28165
3.494
4.78361
4.76069
4.75682
4.76668
3.764
4.26314
4.26089
4.26947
4.25462
3.732
3.01912
3.00459
2.01204
2.00932
3.599
4.81307
3.78029
3.76488
3.75995
3.357
4.26146
4.26495
2.29003
2.25975
3.746
9.28498
9.04566
9.34949
8.3258
3.48
4.51426
4.48165
3.69305
2.31355
3.49
4.54965
4.52385
4.01609
4.51237
3.505
4.24922
3.31259
3.27712
3.2563
3.539
4.29926
3.24389
3.24007
3.25302
3.547
4.54166
4.49074
3.74003
4.48991
3.76
4.26581
3.27207
2.57132
2.24943
3.765
9.18596
7.47206
7.47248
7.49949
3.761
3.90668
4.51086
3.56994
3.5119
3.846
4.28593
1.5523
2.24176
2.24536
3.716
4.29854
4.27586
4.30171
3.82931
3.769
11.6059
7.8556
5.66135
5.73585
3.626
11.2689
1.54954
1.3245
1.25233
3.782
5.26443
4.49256
3.25337
3.24684
3.721
6.26793
6.26537
5.25125
4.31319
3.613
9.49298
9.46247
9.4207
9.27334
3.845
4.72357
3.52587
2.76528
3.52313
3.726
86.2359
68.7144
78.4887
80.5732
11.5
106.078
87.1433
81.4462
61.5287
11.361
69.5091
87.4688
80.4885
73.9213
11.07
90.9434
87.8177
76.0788
95.0033
10.743
82.4936
84.5191
76.3501
91.5253
11.482
69.5457
85.4244
80.7701
79.9791
10.218
94.166
91.8288
60.6989
91.8456
11.128
107.779
87.8569
84.33
89.757
10.897
72.8912
95.0613
80.9674
66.9444
11.144
84.0384
71.1264
63.2353
70.7669
11.354
82.1272
89.9394
85.4265
78.5816
11.384
102.513
92.0693
77.4455
91.7942
11.018
98.1967
82.6603
72.85
77.2364
11.49
100.281
92.4324
86.5625
79.9358
11.516
103.75
90.5268
95.0055
92.545
10.809
85.0961
74.7983
87.5643
84.0489
10.882
84.6611
87.24
85.8696
79.9733
11.169
71.4211
64.8879
76.8533
72.29
11.487
94.4762
83.5133
93.1361
104.474
10.985
72.5941
76.2203
85.0141
81.6556
11.211
78.0754
81.7296
75.0286
87.8181
10.811
117.086
85.9771
67.7371
79.9584
10.495
94.8603
96.5976
80.752
84.4089
11.414
86.3446
80.465
82.975
68.2653
10.488
102.122
96.1032
89.7362
89.0311
11.138
87.3886
86.3168
82.5865
82.3841
11.04
79.0999
86.2646
69.6914
68.6897
10.916
85.0427
88.6495
79.2261
76.0845
11.175
90.2393
79.8726
101.906
67.6892
11.166
75.5472
95.9342
72.5375
72.6421
11.043