2.47189
2.47235
2.47251
2.47225
1.448
2.47412
2.47249
2.47296
2.4729
1.427
2.47404
2.47327
2.47595
2.47231
1.444
6.16247
6.16254
1.23795
1.23622
1.467
2.4739
2.4741
2.47329
2.47225
1.435
1.23603
1.23596
1.23595
1.23588
1.448
2.47319
2.47375
2.47406
1.23704
1.449
1.23675
1.23614
1.23642
1.23628
1.451
2.47244
2.47307
2.47264
2.47213
1.45
1.23635
1.23589
1.23654
1.23599
1.45
1.24628
1.23583
2.36502e-08
2.36502e-08
1.438
2.47336
2.47234
2.47229
2.47345
1.446
1.24825
1.23611
1.23603
1.23618
1.439
2.47376
1.23606
1.23603
1.23647
1.458
2.47222
2.47256
2.47256
2.47261
1.438
2.47296
2.47295
2.47193
2.47304
1.414
2.47316
2.47229
2.47254
2.47296
1.455
1.23593
1.23651
1.23589
1.23586
1.46
2.36502e-08
2.36502e-08
2.36502e-08
2.36502e-08
1.447
6.16185
6.16342
6.16263
1.23587
1.451
2.47271
2.47263
2.47419
2.47256
1.456
2.47194
2.47295
2.47232
2.47333
1.45
3.71161
3.71161
3.70951
3.70997
1.455
1.23662
1.23612
1.23641
1.23662
1.432
2.47348
2.47316
2.47209
2.47199
1.452
1.23692
1.23592
1.23612
1.23665
1.466
2.36502e-08
2.36502e-08
2.36502e-08
2.36502e-08
1.473
6.16236
6.16247
1.2366
1.23601
1.464
1.23607
1.23625
1.23624
1.2361
1.448
2.47306
2.47246
2.47341
2.47202
1.452
3.72666
3.73479
3.72934
3.73184
2.813
4.94155
4.94342
4.92991
4.94446
2.799
2.47731
2.48226
2.47991
2.49078
2.849
4.73004e-08
4.73004e-08
4.73004e-08
4.73004e-08
2.851
7.25268
6.19002
6.16735
6.17094
2.825
1.23994
1.24053
1.23772
1.24206
2.854
14.633
13.6431
9.94186
9.95172
2.851
3.73147
3.71822
3.72271
3.73359
2.803
2.24974
1.23999
1.23898
1.23682
2.822
9.92975
9.91998
5.97563
4.96662
2.854
1.23779
1.2434
1.23875
1.24082
2.856
3.73357
3.72422
3.7203
3.72589
2.845
2.48235
2.48068
2.47796
2.48025
2.845
8.67493
8.67977
8.69558
8.66302
2.835
13.4221
13.4014
8.68354
3.73224
2.842
1.2391
1.23744
1.24095
1.2392
2.827
2.48109
2.4803
2.47978
2.48276
2.851
1.23884
1.23813
1.24133
1.24126
2.848
7.42341
7.42729
7.43512
7.41452
2.848
17.3404
17.3701
17.323
7.44797
2.834
7.44023
7.41906
7.41247
7.42706
2.827
11.8895
9.87446
4.93492
1.15905
2.845
2.24366
1.24452
1.23855
1.24334
2.851
7.2269
6.2407
5.0036
4.9768
2.766
13.416
12.4172
12.3722
12.3623
2.846
3.48956
2.47653
2.47903
2.48232
2.853
5.98575
4.96966
4.96033
4.96785
2.81
3.73857
3.72274
3.73027
3.72546
2.798
3.73446
3.72173
3.73096
3.71886
2.837
5.98495
4.96586
4.96066
4.96838
2.807
51.182
46.5186
46.3652
44.654
8.093
37.0105
30.9361
32.1344
27.3012
8.387
29.4392
27.941
20.3169
17.5736
8.442
29.5611
24.7582
19.0112
16.3016
8.419
40.1962
26.5009
24.7359
24.9788
8.418
33.3632
24.21
22.4627
21.1369
8.385
56.6899
40.1555
25.1661
24.8042
8.422
39.3297
38.472
35.8904
35.1046
8.429
33.8891
20.9344
16.2158
14.9182
8.401
37.8902
26.7952
19.0112
15.2947
8.461
39.9816
31.9244
26.6638
22.7235
8.471
34.3652
29.205
22.7003
21.5316
8.412
31.9512
23.1953
13.7831
11.2334
8.471
49.3881
42.7592
39.0632
38.1948
8.298
36.5777
28.8039
27.6646
26.4807
8.426
35.0074
30.9408
27.0481
24.8793
8.463
62.3856
42.0818
35.7392
28.5457
8.393
46.3934
41.7783
40.5584
40.5053
8.124
33.6883
21.3106
16.0853
9.28699
8.373
43.7753
23.5154
21.2054
20.9926
7.795
43.2854
24.3551
22.8702
22.397
8.328
29.4135
22.979
15.7897
12.2156
8.435
59.3259
53.0532
51.1371
48.8435
8.411
48.6462
29.5539
27.6984
27.9062
8.387
54.346
36.8171
34.8314
30.5677
8.445
43.8
27.7775
25.4841
25.2072
8.299
35.5792
25.907
27.0723
25.056
8.384
35.5538
20.7804
18.2665
16.0173
7.758
51.2389
34.2476
30.5846
29.502
8.1
41.629
30.3152
30.4664
27.8818
8.097