1.23582
1.23583
1.23583
1.23594
16.843
2.36502e-08
2.36502e-08
2.36502e-08
2.36502e-08
19.459
1.23584
1.23587
1.23583
1.23584
18.958
2.36502e-08
2.36502e-08
2.36502e-08
2.36502e-08
19.401
2.36502e-08
2.36502e-08
2.36502e-08
2.36502e-08
18.486
1.23585
1.23585
1.23584
1.23587
18.658
2.36502e-08
2.36502e-08
2.36502e-08
2.36502e-08
19.313
2.36502e-08
2.36502e-08
2.36502e-08
2.36502e-08
18.263
2.36502e-08
2.36502e-08
2.36502e-08
2.36502e-08
16.746
2.36502e-08
2.36502e-08
2.36502e-08
2.36502e-08
19.469
2.36502e-08
2.36502e-08
2.36502e-08
2.36502e-08
18.892
1.23584
1.23582
1.23586
1.23583
18.591
2.36502e-08
2.36502e-08
2.36502e-08
2.36502e-08
18.802
1.23585
1.23585
1.23584
1.23583
19.045
2.36502e-08
2.36502e-08
2.36502e-08
2.36502e-08
19.105
2.36502e-08
2.36502e-08
2.36502e-08
2.36502e-08
19.358
2.36502e-08
2.36502e-08
2.36502e-08
2.36502e-08
19.166
2.36502e-08
2.36502e-08
2.36502e-08
2.36502e-08
18.693
2.36502e-08
2.36502e-08
2.36502e-08
2.36502e-08
19.328
2.36502e-08
2.36502e-08
2.36502e-08
2.36502e-08
19.376
2.36502e-08
2.36502e-08
2.36502e-08
2.36502e-08
16.614
2.36502e-08
2.36502e-08
2.36502e-08
2.36502e-08
18.604
2.36502e-08
2.36502e-08
2.36502e-08
2.36502e-08
17.984
2.36502e-08
2.36502e-08
2.36502e-08
2.36502e-08
18.619
2.36502e-08
2.36502e-08
2.36502e-08
2.36502e-08
19.451
2.36502e-08
2.36502e-08
2.36502e-08
2.36502e-08
18.998
1.23583
1.23583
1.23583
1.23583
17.96
2.36502e-08
2.36502e-08
2.36502e-08
2.36502e-08
17.848
2.36502e-08
2.36502e-08
2.36502e-08
2.36502e-08
19.049
2.36502e-08
2.36502e-08
2.36502e-08
2.36502e-08
16.995
3.75986
3.765
3.75994
3.79402
36.817
4.50112
3.51344
3.51256
3.49861
37.372
1.24846
1.24779
1.25353
1.24984
37.412
5.99679
5.02137
5.01739
5.02059
36.809
2.25686
1.25247
1.25303
1.24932
36.361
6.01785
6.05818
6.04443
5.0053
36.652
6.24972
6.22516
6.22188
6.2222
36.919
5.00949
5.00349
3.7582
3.76054
37.17
1.00871
0.00138475
0.000144711
0.000185503
37.459
0.000159204
0.000488224
0.0013082
5.88512e-05
36.457
3.264
1.25456
1.24667
1.24677
36.886
2.58781
2.25771
2.25766
1.25372
36.759
4.81705
3.7616
3.76111
3.77059
37.413
2.00163
0.000129121
0.00133798
0.000185086
36.928
3.76943
3.75311
3.75986
3.77897
37.485
0.000452731
0.00520004
0.000497949
6.6722e-05
37.165
0.00029384
0.000154209
0.00519908
0.00184356
36.802
2.50492
2.50791
2.51334
2.51097
37.653
0.00137343
0.00140121
4.45097e-05
0.000105357
37.847
0.0055306
0.00134665
6.80843e-05
6.02513e-05
37.352
5.02125
5.01518
5.02856
5.00493
38.01
1.26762
1.25131
1.26068
1.24815
36.012
2.25398
2.24792
2.24089
2.251
37.87
3.25524
1.2516
1.24778
1.24897
37.48
2.24702
1.26034
1.24736
1.24919
37.289
0.00132044
0.0013429
8.91992e-05
0.000110806
36.184
5.01886
4.99304
5.01468
5.0152
37.61
1.27635
1.2493
1.25209
1.25251
37.85
8.30643
4.75699
3.76039
3.74618
37.346
3.51252
2.4969
2.50449
2.51539
37.061
77.1645
84.3617
71.9619
82.0507
109.379
68.2323
86.7355
71.0605
84.1551
110.23
71.3187
66.9398
83.0051
71.5922
111.859
63.952
58.6192
104.576
98.4439
112.929
86.6683
83.897
72.3151
94.8115
111.926
90.1062
62.78
73.9649
65.1769
113.03
86.9468
71.2508
76.6662
67.1624
110.089
82.2152
84.0787
71.1525
83.581
109.458
65.0372
77.9909
79.9124
81.0937
110.776
87.2948
78.0817
70.2146
104.003
109.849
60.5821
91.7792
93.2136
82.2375
112.397
75.3486
69.7052
78.3103
80.2882
112.194
76.5096
75.5507
95.3732
75.6778
110.121
61.9888
72.3655
74.6957
73.6326
106.989
110.194
80.1119
89.0687
73.8034
111.444
86.1189
71.7137
79.6874
62.2239
106.9
76.1111
74.473
86.2194
59.0462
111.921
67.2568
82.7582
78.9669
88.0538
108.898
85.721
75.6226
68.1005
95.8313
111.996
75.2345
97.1649
81.9802
87.7171
110.609
88.8218
85.8946
68.6805
52.1792
111.218
62.4148
94.674
79.9209
85.2679
110.762
86.0365
71.1864
84.195
91.0125
111.399
63.5702
82.2726
91.8158
76.6789
112.593
93.1924
79.4619
110.917
78.1674
112.189
77.5378
74.6163
63.7751
76.2843
111.537
78.6429
72.7098
77.413
67.53
110.502
83.6005
93.6205
54.3845
95.9183
111.537
108.238
82.7486
103.695
98.7925
112.029
61.7507
61.8081
94.9084
93.0141
106.532