1.23588
1.23582
1.2359
1.23584
19.049
1.23587
0.000175451
2.50692e-07
1.23454e-06
18.519
9.02966e-06
1.17542e-05
8.65125e-06
6.83491e-06
19.141
8.18298e-07
4.11041e-06
1.53112e-05
1.68863e-06
19.129
1.23582
8.93979e-07
6.87276e-06
1.0075e-06
18.506
1.72647e-06
1.76431e-06
1.1792e-05
4.37529e-06
19.381
1.23584
1.23586
1.1967e-06
6.60787e-06
19.512
1.49942e-06
5.05642e-06
4.45097e-06
1.53726e-06
18.551
1.53726e-06
4.86722e-06
7.6674e-06
1.99135e-06
18.482
3.31576e-06
7.55388e-06
1.35705e-05
3.39144e-06
18.934
1.23584
1.23583
8.20236e-05
1.61295e-06
19.099
1.12102e-06
7.80457e-07
5.77538e-06
7.13764e-06
19.268
6.29096e-07
1.5751e-06
4.41313e-06
2.71032e-06
19.308
1.95351e-06
3.69417e-06
5.09426e-06
1.12102e-06
18.514
3.88337e-06
1.04534e-06
5.85107e-06
6.07811e-06
18.976
5.6997e-06
6.66936e-07
4.02054e-07
7.21332e-06
18.231
8.99181e-06
8.18298e-07
6.45651e-06
1.53726e-06
18.556
3.76985e-06
2.71032e-06
1.41381e-05
4.86722e-06
19.21
1.23583
7.13764e-06
2.10487e-06
3.12656e-06
19.192
7.44036e-06
6.11595e-06
7.17548e-06
1.72647e-06
19.076
4.18609e-06
1.7014e-05
7.59172e-06
2.36975e-06
18.916
8.46205e-06
1.1967e-06
4.02054e-07
1.07703e-05
19.227
1.23583
9.9331e-08
4.26177e-06
2.21839e-06
17.299
1.88681e-05
4.71585e-06
1.5751e-06
1.60301e-05
19.491
4.82938e-06
1.45165e-05
1.21326e-05
5.20778e-06
19.272
1.23583
4.9429e-06
7.59172e-06
2.21839e-06
19.065
1.34806e-06
1.51976e-05
7.21332e-06
1.31022e-06
19.189
1.23583
2.10487e-06
5.85107e-06
5.5105e-06
19.334
7.21332e-06
7.0998e-06
8.93979e-07
6.19163e-06
18.282
1.45165e-05
4.7537e-06
8.08365e-06
5.24562e-06
19.226
3.61625
2.38146
0.181499
0.691316
34.543
3.48179
1.15854
0.569676
0.409275
36.63
1.73832
1.72313
0.269169
0.882534
36.169
1.54419
0.386657
0.38906
0.300184
36.711
1.62922
0.226474
0.763936
0.537269
36.67
0.81852
0.211897
0.675524
0.383924
37.349
0.590554
0.280513
0.324617
0.961895
35.675
2.87632
0.31656
0.570754
0.487391
36.541
0.443534
0.850705
0.426997
0.593385
36.564
0.369741
0.433784
0.092014
0.553613
37.069
1.99527
0.406478
0.115541
0.519426
35.444
0.608843
0.342763
0.661767
0.491571
37.711
0.152212
0.271371
0.468995
0.451126
36.58
2.99045
0.767781
0.252223
0.322583
36.969
0.815411
0.245284
0.455859
0.631927
36.342
0.375865
0.310956
0.191581
0.396829
36.89
0.549891
0.366386
0.485105
0.408081
35.827
0.576262
0.606251
0.37674
0.497843
36.838
1.66384
0.283936
0.102258
0.463676
34.472
1.74393
0.304853
0.0821544
0.3498
35.967
1.54068
1.70348
0.150501
0.965215
34.354
4.33857
0.263354
0.383055
0.188545
37.216
0.477661
0.24701
0.336874
0.544472
37.05
0.860057
0.746325
1.12914
0.419881
36.909
0.260818
0.225472
0.44799
0.282407
37.35
0.173078
0.298274
0.646584
0.718524
38.073
1.87081
1.75176
0.677308
0.374085
36.97
1.71968
0.460109
0.707304
0.444724
37.431
0.413834
0.124912
0.625175
0.182959
38.072
0.263209
0.272155
0.486595
0.693579
36.117
109.327
150.946
146.894
140.86
109.467
95.3786
104.768
120.071
139.494
106.702
119.151
150.033
130.32
141.041
111.221
145.273
134.191
147.497
135.842
109.739
127.624
139.787
133.832
152.836
108.727
112.292
119.69
137.524
145.03
109.205
134.835
99.2643
134.925
121.686
109.461
126.067
139.629
139.411
140.284
105.644
149.678
159.738
144.878
132.98
111.64
131.053
135.591
158.892
118.05
107.484
113.253
125.115
131.59
139.906
110.033
134.976
119.798
147.513
119.28
109.083
143.689
137.147
129.243
126.649
109.21
139.375
125.688
148.014
137.702
106.911
135.355
114.125
132.701
142.583
108.846
135.299
120.362
129.982
142.555
109.989
134.849
106.348
148.208
157.246
107.276
132.254
118.282
139.577
121.888
108.701
115.924
139.706
142.339
134.484
109.618
129.752
135.984
137.201
137.807
110.62
140.804
156.757
163.873
130.556
109.361
125.87
125.795
145.651
152.146
110.803
137.311
134.026
144.093
123.831
109.723
142.62
128.424
133.043
142.017
106.472
153.955
132.015
146.902
132.402
110.592
151.222
114.945
128.016
133.525
109.392
150.059
149.667
147.269
147.678
107.776
149.941
150.08
152.84
132.371
106.414
132.262
132.916
149.887
119.239
103.707
145.685
152.626
115.792
149.87
109.314