2.47165
2.47165
2.47165
2.47165
21.922
2.36502e-08
2.36502e-08
2.36502e-08
2.36502e-08
21.147
1.23582
1.23582
2.36502e-08
2.36502e-08
20.574
2.36502e-08
2.36502e-08
2.36502e-08
2.36502e-08
22.111
2.36502e-08
2.36502e-08
2.36502e-08
2.36502e-08
21.081
2.36502e-08
2.36502e-08
2.36502e-08
2.36502e-08
22.046
1.23582
1.23582
1.23582
1.23582
19.441
1.23582
1.23582
1.23582
2.36502e-08
20.809
2.36502e-08
2.36502e-08
2.36502e-08
2.36502e-08
19.643
2.36502e-08
2.36502e-08
2.36502e-08
2.36502e-08
21.948
1.23582
1.23582
1.23582
1.23582
20.93
2.36502e-08
2.36502e-08
2.36502e-08
2.36502e-08
20.678
1.23582
1.23582
1.23582
2.36502e-08
21.211
1.23582
2.36502e-08
2.36502e-08
2.36502e-08
20.722
1.23582
1.23582
1.23582
1.23582
18.792
1.23582
1.23582
2.36502e-08
2.36502e-08
21.112
2.36502e-08
2.36502e-08
2.36502e-08
2.36502e-08
20.893
1.23582
1.23582
1.23582
2.36502e-08
19.354
1.23582
1.23582
1.23582
1.23582
21.132
2.36502e-08
2.36502e-08
2.36502e-08
2.36502e-08
20.147
1.23582
1.23582
1.23582
2.36502e-08
19.621
2.36502e-08
2.36502e-08
2.36502e-08
2.36502e-08
21.565
1.23582
1.23582
1.23582
2.36502e-08
20.4
1.23582
1.23582
1.23582
1.23582
19.279
2.36502e-08
2.36502e-08
2.36502e-08
2.36502e-08
19.46
2.36502e-08
2.36502e-08
2.36502e-08
2.36502e-08
21.04
2.47165
2.47165
1.23582
1.23582
18.602
2.36502e-08
2.36502e-08
2.36502e-08
2.36502e-08
20.75
2.47165
2.47165
1.23582
1.23582
19.623
2.36502e-08
2.36502e-08
2.36502e-08
2.36502e-08
20.208
4.94329
4.94329
3.70747
2.47165
39.266
3.70747
3.70747
3.70747
3.70747
38.886
4.73004e-08
8.51408e-08
8.51408e-08
1.98662e-07
38.951
1.23582
1.23582
1.23582
1.23582
38.297
1.23582
1.23582
1.23582
1.23582
38.172
1.23582
1.23582
1.23582
1.23582
37.768
1.23582
1.23582
1.23582
1.23582
39.847
3.70747
3.70747
3.70747
2.47165
39.462
6.17911
6.17912
6.17911
4.94329
39.079
2.47165
2.47165
2.47165
2.47165
38.964
2.47165
2.47165
1.23582
1.23582
37.193
2.47165
1.23582
1.23582
1.23582
40.034
1.23582
1.23582
1.23582
1.23582
36.438
3.70747
3.70747
3.70747
3.70747
36.176
3.70747
3.70747
3.70747
1.23582
38.985
2.47165
2.47165
1.23582
1.23582
39.127
4.73004e-08
1.98662e-07
1.22981e-07
8.51408e-08
39.335
3.70747
2.47165
2.47165
2.47165
38.118
2.47165
2.47165
2.47165
1.23582
37.242
2.47165
1.23582
1.23582
1.23582
39.075
2.47165
2.47165
1.23582
1.23582
37.554
8.51408e-08
1.60822e-07
1.22981e-07
1.60822e-07
38.152
4.94329
4.94329
1.23582
1.23582
39.391
4.94329
4.94329
4.94329
3.70747
38.675
2.47165
2.47165
2.47165
2.47165
37.674
3.70747
3.70747
3.70747
2.47165
38.946
4.73004e-08
2.36502e-07
1.60822e-07
1.60822e-07
40.199
3.70747
3.70747
2.47165
1.23582
40.182
1.22981e-07
1.22981e-07
4.73004e-08
8.51408e-08
40.111
1.23582
3.90702e-06
4.73004e-08
4.73004e-08
38.709
17.7525
20.759
21.0956
21.7464
111.563
18.6637
18.3611
20.1488
26.5561
106.386
29.8702
14.7538
16.11
16.2228
108.1
18.9668
21.2228
20.4499
17.194
108.383
16.8975
18.0967
21.4699
16.3535
112.716
23.4888
18.9777
22.379
18.3404
110.192
20.4309
24.3805
15.5466
17.8749
105.94
27.1535
25.3085
27.4805
27.4608
113.423
39.814
25.3006
23.3735
17.0643
111.617
37.0162
17.692
17.0387
17.4004
109.158
25.7435
26.2184
23.9739
11.5961
111
31.9762
21.8975
23.7406
20.2628
107.008
41.6906
21.7414
20.666
13.3057
110.544
24.4429
17.6957
24.6061
20.1824
110.318
33.1874
19.4965
14.7497
14.2857
109.463
26.5577
28.6232
18.9357
17.9473
111.029
28.8696
24.0349
18.5754
19.3862
114.897
25.2122
14.2748
16.8368
27.7319
112.372
23.126
17.6633
21.3625
17.3476
107.266
28.4008
25.6809
20.8971
17.5353
112.3
28.2442
14.4459
11.3029
18.5113
110.693
29.279
14.8468
15.5517
16.313
111.455
48.4453
39.253
22.3964
18.4333
104.665
19.9194
16.5216
20.3519
17.0742
105.921
30.578
22.1488
25.7102
18.7853
114.535
26.6765
25.0305
25.0049
20.1203
113.906
23.767
20.2349
24.0351
20.0452
109.548
27.2573
26.4599
21.7921
18.458
111.144
26.9472
29.0105
21.4444
20.8302
113.285
25.9308
23.6835
22.9517
20.942
112.942