1.23582
1.23582
1.23582
1.23582
0.998
2.36502e-08
2.36502e-08
2.36502e-08
2.36502e-08
0.811
2.23078
1.23582
1.23582
1.23582
0.96
1.23582
1.23582
1.23582
1.23582
0.857
1.23584
1.23582
1.23582
1.23582
0.954
2.36502e-08
2.36502e-08
2.36502e-08
2.36502e-08
1.015
1.00001
2.36502e-08
2.36502e-08
2.36502e-08
0.952
1.23582
1.23582
1.23582
1.23582
0.917
1.24335
1.23582
1.23582
1.23582
0.823
9.69659e-07
2.36502e-08
2.36502e-08
2.36502e-08
0.762
1.23582
1.23582
1.23582
1.23582
0.832
1.23582
1.23582
1.23582
1.23582
0.826
7.39691
3.46775
2.47165
2.47165
1.022
1.23582
1.23582
1.23582
1.23582
0.981
1.23582
1.23582
1.23582
1.23582
0.988
2.47165
2.47165
2.47165
2.47165
0.945
2.36502e-08
2.36502e-08
2.36502e-08
2.36502e-08
0.877
1.23582
1.23582
0.99496
2.36502e-08
0.965
1.23582
1.23582
1.23582
1.23582
0.941
1.24614
1.23582
1.23582
1.23582
0.966
1.23583
1.23582
1.23582
1.23582
0.989
2.47465
2.47165
2.47165
2.47165
0.864
0.995017
0.994959
2.36502e-08
2.36502e-08
0.929
1.23582
1.23582
1.23582
1.23582
0.836
2.36502e-08
2.36502e-08
2.36502e-08
2.36502e-08
0.886
2.23586
2.23584
1.23582
1.23582
0.977
0.994961
2.36502e-08
2.36502e-08
2.36502e-08
0.96
1.23582
1.23582
1.23582
1.23582
0.986
1.23582
1.23582
1.23582
1.23582
0.992
2.55895e-06
2.36502e-08
2.36502e-08
2.36502e-08
0.825
8.16083
5.93798
5.94451
4.94856
1.919
5.52087
4.49293
3.48691
3.48805
1.768
12.6996
9.69116
8.67237
8.68108
1.859
7.21418
5.96884
5.93979
4.9457
1.915
7.27197
7.2285
7.23812
6.24345
1.889
6.24563
6.00254
5.00613
4.97227
1.945
3.99519
1.00782
0.000446713
8.59922e-06
1.948
12.6541
8.75582
8.68007
8.68457
1.865
16.0996
15.1349
12.1612
12.135
1.956
3.575
2.49138
2.48215
2.48307
1.779
2.05432
1.03655
1.00942
0.000846684
1.841
4.23389
1.27066
1.24857
1.24321
1.87
2.16609
1.00405
0.996936
0.000270416
1.553
3.84025
3.49016
3.47873
2.52605
1.956
3.74875
3.48448
2.49282
2.4801
1.841
9.7456
3.50674
3.48818
3.48252
1.88
4.76712
4.73559
3.7236
3.74093
1.931
2.99795
1.02399
0.000327555
0.000104827
1.934
9.48935
8.44231
7.41838
7.43544
1.623
12.2908
12.1242
12.1082
12.1473
1.913
15.1931
15.1857
10.4932
9.55597
1.615
8.2266
7.17578
6.18581
6.18324
1.813
4.25209
3.24299
3.23522
2.24008
1.892
5.47976
4.99554
4.99702
4.96867
1.873
6.93379
4.95587
4.94464
4.93883
1.908
6.99018
5.08843
4.9873
4.97949
1.963
3.48579
3.47652
3.4804
3.47855
1.889
3.90787
3.73486
3.73037
3.72451
1.88
4.73222
4.72587
4.00521
3.73901
1.82
6.9994
5.97081
4.97132
4.97846
1.804
73.8838
66.6253
67.0603
66.8896
5.712
120.548
109.309
79.2886
94.4485
5.252
76.8409
95.9965
95.2121
72.7706
5.423
98.8108
67.8417
80.7124
78.6441
5.601
99.4323
97.9437
74.3641
83.1041
5.336
118.054
72.7494
73.978
107.378
5.23
88.8943
78.8057
94.1561
68.1728
5.612
105.399
86.2076
70.2749
78.9101
5.519
104.871
103.112
91.4742
80.6748
5.669
93.3783
85.6641
81.6654
83.8002
5.149
87.1525
76.0997
79.8355
76.5985
5.58
94.8618
63.8494
73.2899
84.2485
5.506
96.0619
81.8122
87.1754
73.4071
5.875
97.4521
86.7003
93.8365
85.7302
5.457
97.3808
81.7816
94.4704
81.194
5.364
80.7727
76.656
79.0023
88.4065
5.667
86.1371
83.5259
93.4277
61.8294
4.749
84.7565
84.3006
91.1238
84.4226
5.464
93.0307
56.2312
65.8237
84.7786
5.425
90.3496
71.4981
72.9175
70.0294
5.634
94.2235
109.376
89.1908
63.4539
5.2
95.6656
82.9899
88.3394
80.3715
5.667
84.2338
105.097
77.6273
93.13
5.134
96.3995
110.645
100.631
78.3449
5.589
107.263
78.7765
63.6915
70.6506
5.85
88.2421
74.8475
85.5879
72.205
5.292
98.3881
83.2898
80.5952
98.9364
5.207
86.5729
77.987
89.8161
80.1722
5.251
72.491
89.5447
100.423
100.298
5.388
100.539
85.339
81.5871
77.6016
5.167