2.36502e-08
2.36502e-08
2.36502e-08
2.36502e-08
7.262
2.36502e-08
2.36502e-08
2.36502e-08
2.36502e-08
7.153
1.23686
1.23696
1.23681
1.23622
6.936
2.47202
2.47406
2.47419
2.47297
7.216
1.2381
1.23617
1.23716
2.36502e-08
7.26
2.36502e-08
2.36502e-08
2.36502e-08
2.36502e-08
7.179
2.36502e-08
2.36502e-08
2.36502e-08
2.36502e-08
6.951
2.36502e-08
2.36502e-08
2.36502e-08
2.36502e-08
7.228
6.16151
6.16229
2.47804
1.23805
7.294
2.47431
2.47545
2.47465
1.236
7.253
1.2366
1.23641
1.23861
1.23594
7.224
1.2364
1.23641
1.23626
1.23798
7.253
1.23591
1.23611
1.23663
1.23647
7.259
1.23649
1.23634
1.23592
1.23665
7.298
1.23653
1.23672
1.23629
1.23586
7.253
2.4748
2.47405
2.47486
2.47246
6.386
1.23612
1.23615
1.23636
1.23632
6.953
1.23662
1.23647
2.36502e-08
2.36502e-08
7.17
2.36502e-08
2.36502e-08
2.36502e-08
2.36502e-08
7.221
1.23673
1.23861
1.23698
1.23663
6.964
1.23645
1.23678
1.23654
1.23645
6.383
2.36502e-08
2.36502e-08
2.36502e-08
2.36502e-08
7.291
1.23636
1.23704
2.36502e-08
2.36502e-08
6.935
1.2362
1.23729
1.23609
1.23626
6.927
1.23669
1.2365
1.23667
1.23638
7.248
2.47313
2.47584
1.23603
1.23657
7.506
1.23634
1.23644
1.23674
1.23651
7.241
2.4729
2.47504
2.47239
1.23627
7.245
2.47475
2.47464
2.47514
2.47236
7.293
2.47278
2.47273
2.47309
1.23611
7.27
1.24787
1.24352
1.23966
1.23962
13.847
9.89769
4.73004e-08
4.73004e-08
4.73004e-08
14.232
8.7016
3.74455
3.75526
3.72633
14.008
2.48303
2.49012
2.49672
2.48187
13.858
12.3863
4.72877
2.48508
1.25161
14.027
4.94191
4.94277
4.73004e-08
4.73004e-08
14.337
1.24045
1.23936
1.24021
1.2457
14.036
8.69524
8.7157
8.66842
8.66267
14.279
3.7247
2.48604
2.49126
1.24399
14.069
3.72897
2.48385
1.23907
1.25131
14.056
2.48429
2.48257
2.48251
2.48385
14.063
3.72834
2.48708
2.48693
2.49454
14.003
3.74872
3.72155
3.7206
3.72517
14.22
3.7406
3.73472
3.72718
3.73211
14.23
7.4731
7.49143
2.4936
2.48377
14.323
4.96507
4.93445
4.94247
1.24364
14.082
3.72956
3.76009
3.73782
3.74147
14.239
1.32569
1.24213
1.24134
4.73004e-08
14.239
3.726
3.74995
3.74545
3.73846
14.026
2.48792
2.49033
2.49062
2.49304
13.877
7.42825
3.72931
3.7171
3.74404
14.279
8.66299
3.75297
2.50201
2.48387
14.234
3.71594
3.73661
3.73233
2.48984
13.954
1.24027
1.24621
1.24048
1.24627
14.188
1.24143
1.2388
1.23833
1.2472
14.221
3.73323
3.72538
3.72949
3.73162
14.254
3.72949
2.50005
2.49073
2.47815
14.228
6.18346
1.24046
1.24016
1.24794
14.258
3.73315
3.73683
2.48541
1.24569
14.255
1.23921
4.73004e-08
4.73004e-08
4.73004e-08
13.854
10.8217
8.9228
8.65747
8.73435
42.218
16.6461
11.2827
9.93329
7.58455
42.326
25.5015
24.1133
22.7357
22.113
42.166
26.346
24.4597
24.2304
18.3383
42.236
30.5022
24.975
15.6972
9.7576
42.258
17.6234
12.8343
7.31145
6.81663
42.173
10.3121
5.88617
5.83396
5.83572
42.094
30.3099
27.1391
20.2371
13.1459
42.22
21.9352
20.2473
18.8618
18.1705
42.156
24.6082
19.1805
14.4563
14.1532
42.166
27.8502
15.3302
14.2724
14.1782
42.284
29.8182
16.1057
16.5765
9.88613
42.325
21.5637
20.5384
8.94366
8.902
42.157
28.0793
26.2038
25.2845
23.3856
42.203
22.6251
12.4426
4.43539
4.35842
42.218
32.4485
20.8317
21.4276
19.8299
42.19
21.9448
21.5791
21.3281
15.8508
42.301
20.9195
19.622
19.32
19.2337
42.153
41.8304
36.4337
26.084
24.1405
42.231
24.5628
21.5496
19.0131
17.7888
42.25
21.4673
18.2283
19.0835
18.573
42.11
41.831
39.6332
35.2793
33.6129
42.222
34.8793
17.3747
15.6087
14.8399
42.133
27.8633
22.1868
22.6856
19.8416
41.979
18.8156
13.2581
12.8722
13.5736
42.151
25.7807
19.9735
19.4029
17.6915
42.203
27.6205
23.2583
16.0315
15.5645
42.34
10.6092
8.75941
8.76191
7.73028
42.246
44.5046
38.6405
35.5529
34.1293
42.188
30.7606
18.5412
17.4396
16.3594
42.331