2.47597
2.47583
2.47628
2.47821
1.453
1.33572
1.238
1.23723
1.23699
1.435
2.477
2.47405
2.47517
2.47523
1.402
2.36502e-08
2.36502e-08
2.36502e-08
2.36502e-08
1.449
2.23518
1.23733
1.23678
1.23625
1.418
3.71792
3.71834
3.73096
3.72651
1.451
2.47597
2.47493
2.47694
2.47731
1.323
4.9644
4.95804
4.96989
4.95649
1.324
2.48088
2.47767
2.47635
2.48025
1.448
1.23671
1.23807
1.23883
1.23868
1.432
7.42692
7.3987
7.41571
2.47751
1.449
1.23661
1.23818
1.23705
1.24006
1.45
3.71233
3.71435
3.71474
3.71592
1.185
3.72357
3.71912
3.71774
3.72872
1.451
2.36502e-08
2.36502e-08
2.36502e-08
2.36502e-08
1.434
1.23792
1.23657
1.2378
1.23741
1.399
2.36502e-08
2.36502e-08
2.36502e-08
2.36502e-08
1.325
7.17441
6.17585
6.17835
6.16986
1.346
3.71684
3.72298
3.71857
3.72912
1.31
2.36502e-08
2.36502e-08
2.36502e-08
2.36502e-08
1.346
1.23803
1.23681
1.23607
1.23675
1.4
2.36502e-08
2.36502e-08
2.36502e-08
2.36502e-08
1.443
2.36502e-08
2.36502e-08
2.36502e-08
2.36502e-08
1.444
1.23783
1.23695
1.23859
1.23767
1.442
6.17142
6.16405
6.17235
6.16613
1.401
2.47535
2.47556
2.47428
2.47626
1.448
2.47436
1.23872
1.23714
1.23693
1.036
4.92889
2.36502e-08
2.36502e-08
2.36502e-08
1.45
3.7123
3.72077
3.71823
3.71685
1.435
2.36502e-08
2.36502e-08
2.36502e-08
2.36502e-08
1.412
11.4578
7.43659
7.46544
7.4301
2.826
8.73586
7.43725
7.47589
7.46549
2.808
14.9243
9.97519
4.94281
4.95374
2.229
11.1306
11.1554
11.1875
11.1945
2.847
4.49654
2.50808
2.48413
1.24411
2.837
6.22862
6.23824
6.22361
6.22618
2.847
1.00496
6.55584e-06
4.73004e-08
4.73004e-08
2.845
9.1914
6.20044
6.19073
6.21083
2.832
5.12595
4.99928
4.97496
5.00837
2.816
6.18968
6.2065
2.48602
2.4998
2.59
6.23645
6.18893
6.20617
6.2521
2.844
4.75985
3.74698
3.73127
3.72396
2.822
13.4595
12.4647
12.5053
7.5167
2.85
8.45463
7.49748
7.5093
7.46706
2.831
7.448
2.50618
2.48395
2.5092
2.393
2.29203
1.23994
1.24158
1.24715
2.85
3.74946
3.74649
3.74013
3.73593
2.607
8.18074
6.20917
6.21052
6.19418
2.589
2.48593
2.48737
2.48284
2.48068
2.817
0.998917
4.73004e-08
4.73004e-08
4.73004e-08
2.808
7.43287
7.47361
7.44797
7.43836
2.845
4.75473
3.73181
3.73197
3.74345
2.849
19.8825
20.0202
19.9225
9.99068
2.838
1.24332
1.25162
1.24275
1.24411
2.823
2.49264
2.49191
2.49127
2.4855
2.844
1.24409
1.24022
1.24345
1.24342
2.83
4.50672
2.48862
2.48094
2.48599
2.63
8.4834
7.47253
7.46162
2.49631
2.847
2.49275
2.48252
2.47679
2.48355
2.847
6.19483
6.19737
6.19043
1.2511
2.822
44.0148
44.4501
37.502
35.5128
8.461
34.1633
32.151
31.7763
32.1873
8.368
40.0154
37.3748
39.0896
36.897
8.459
43.6888
33.8456
31.0381
27.9534
8.452
47.816
29.6661
28.29
24.6738
8.44
48.0604
36.7603
31.7746
29.2819
8.421
35.1889
31.5931
29.5012
28.7073
8.421
41.2017
38.9264
30.7834
26.9154
8.447
28.6249
28.0902
27.5016
26.6867
8.462
49.2778
36.3223
26.726
21.3498
8.402
41.7735
31.7528
27.0414
23.4073
8.453
55.5927
43.8279
38.3284
37.3146
8.458
28.5482
16.9616
12.7393
10.0644
8.461
52.721
44.1881
38.8701
35.4043
8.441
50.9228
42.0184
35.8649
30.4285
8.308
35.2159
28.2137
26.1502
25.1468
8.395
37.8136
31.5495
30.2386
29.0926
8.366
34.2048
35.6706
33.1541
34.2784
8.414
44.6094
39.0655
35.4229
34.0263
8.459
43.7802
34.6319
34.2187
34.3935
8.418
59.0701
29.9078
26.9732
27.4637
8.403
47.548
26.4584
25.9021
25.034
8.369
47.6784
46.8278
42.4002
36.5501
8.456
45.6772
39.68
26.222
24.3524
8.437
29.6446
21.1915
19.5858
19.9257
8.429
35.4074
20.8794
17.8503
16.2012
8.413
40.455
34.2114
24.4051
22.4149
8.282
43.303
43.7919
40.2131
40.1638
8.448
57.3589
47.8875
44.6534
45.115
8.459
34.7053
28.0334
23.3434
21.8882
8.363