-2094.7
-2094.7
-2094.7
-2094.7
18.599
-2094.59
-2094.59
-2094.59
-2094.59
18.492
-2094.7
-2094.69
-2094.7
-2094.7
19.823
-2094.91
-2094.91
-2094.91
-2094.91
20.011
-2094.81
-2094.81
-2094.81
-2094.81
18.324
-2094.81
-2094.81
-2094.81
-2094.81
20.135
-2094.81
-2094.8
-2094.81
-2094.81
19.706
-2094.81
-2094.81
-2094.81
-2094.81
19.755
-2094.7
-2094.7
-2094.7
-2094.7
19.963
-2094.81
-2094.81
-2094.81
-2094.81
19.698
-2094.46
-2094.47
-2094.59
-2094.58
18.396
-2094.58
-2094.59
-2094.59
-2094.6
19.754
-2094.59
-2094.59
-2094.7
-2094.7
18.447
-2094.81
-2094.81
-2094.81
-2094.81
19.84
-2094.81
-2094.8
-2094.81
-2094.8
18.502
-2094.69
-2094.7
-2094.7
-2094.7
18.284
-2094.7
-2094.71
-2094.7
-2094.69
19.662
-2094.91
-2094.91
-2094.91
-2094.91
18.568
-2094.81
-2094.8
-2094.81
-2094.8
19.681
-2094.81
-2094.81
-2094.8
-2094.81
19.734
-2094.8
-2094.81
-2094.81
-2094.81
19.86
-2094.7
-2094.7
-2094.7
-2094.69
18.466
-2094.7
-2094.7
-2094.7
-2094.7
19.845
-2094.7
-2094.7
-2094.7
-2094.7
19.695
-2094.7
-2094.7
-2094.7
-2094.69
19.678
-2094.69
-2094.69
-2094.7
-2094.81
19.774
-2094.81
-2094.81
-2094.81
-2094.8
20.057
-2094.81
-2094.81
-2094.81
-2094.8
19.284
-2094.81
-2094.81
-2094.81
-2094.81
18.472
-2094.59
-2094.58
-2094.59
-2094.56
20.125
-4179.87
-4173.94
-4179.39
-4178.57
38.069
-4172.09
-4182.27
-4179.35
-4176.4
37.265
-4173.9
-4172.04
-4168.05
-4163.56
38.692
-4182.01
-4167.42
-4172.37
-4177.86
38.906
-4173.45
-4170.11
-4171.04
-4170.61
36.992
-4169.49
-4164.88
-4172.65
-4166.88
38.93
-4176.58
-4177.98
-4170.06
-4175.03
38.475
-4179.45
-4181.94
-4174
-4180.38
38.78
-4172.85
-4167.3
-4171.22
-4177.42
38.554
-4176.58
-4177.4
-4177.68
-4177.88
38.533
-4169.53
-4174.63
-4176.37
-4180.66
38.898
-4173.62
-4163.11
-4171.77
-4170.66
38.143
-4181.73
-4178.25
-4175.83
-4178.68
38.638
-4177.31
-4167.78
-4171.66
-4177.67
38.668
-4179.72
-4179.4
-4181.38
-4174.97
36.773
-4174.12
-4178.6
-4165.67
-4181.96
38.756
-4176.16
-4183.93
-4172.69
-4179.43
38.535
-4174.08
-4171.68
-4184.39
-4167.61
38.23
-4179.81
-4170.12
-4167.31
-4177.06
38.381
-4172.35
-4175.51
-4163.34
-4172.82
38.075
-4178.66
-4182.36
-4180.24
-4173.21
38.279
-4183.56
-4174.41
-4174.15
-4179.01
38.124
-4179.49
-4176.09
-4173.44
-4181.42
38.488
-4181.43
-4182.16
-4183.16
-4184.5
38.782
-4176.69
-4175.42
-4174.95
-4178.17
38.224
-4176.68
-4177.9
-4179.88
-4176.84
38.66
-4175.71
-4178.24
-4184.57
-4178.73
37.975
-4180.52
-4184.4
-4181.09
-4173.35
38.485
-4173.97
-4177.81
-4180.86
-4164.43
38.295
-4166.26
-4166.7
-4175.99
-4171.54
38.516
-9409.85
-9675.43
-9919.94
-10306.6
115.2
-9576.24
-9665.04
-10385.6
-9614.54
113.007
-10134.8
-10096.5
-9582.18
-9718.99
113.132
-9647.6
-9528.09
-9973.16
-9995.08
114.834
-10069.6
-9947.48
-9834.39
-10014.9
114.714
-9786.09
-9903.7
-9787.55
-10042.2
114.23
-9621.47
-10009.5
-10068.3
-10018.3
115.37
-10278.1
-10196
-9646.98
-10427.3
115.079
-9827.74
-9250.58
-10136.8
-9996.03
115.121
-10171.2
-9973.16
-9609.51
-9846.06
114.808
-10121.5
-10017.1
-9452.79
-11370.8
114.999
-10516.9
-10359
-9731.7
-9607.25
115.066
-9342.99
-10310.4
-9750.28
-9407.43
115.316
-9151.62
-9806.9
-10349.1
-10023.6
112.934
-10110.3
-9870.97
-9954.53
-9682.67
115.02
-9647.49
-10095.6
-10235
-9578.4
114.636
-9297.05
-9621.19
-10117.6
-10186.4
114.716
-9601.59
-10145.9
-10242.8
-10026
114.87
-9906.53
-10755.8
-9776.12
-10818.9
115.289
-9626.8
-10146.2
-9995.1
-9930.47
112.893
-10518.1
-10079.4
-9937.28
-10102.7
115.254
-9824
-9736.79
-9496.7
-9740.66
114.667
-10300.4
-9902.64
-10223
-9391.27
114.981
-9424.24
-10219.2
-10166.5
-10425.2
114.927
-9499.59
-9663.64
-10347.6
-10169.2
115.243
-9741.39
-10003.3
-9537.41
-10352.1
115.404
-10273.9
-10838.5
-9338.7
-9653.78
114.776
-10128.4
-9881.86
-9360.98
-10315.5
114.034
-9994.73
-9860.03
-9960.48
-10444
115.491
-9988.93
-10220.5
-9859.54
-9871.57
115.076