-2069.19
-2094.6
-2094.6
-2094.6
1.91
-2094.81
-2094.81
-2094.81
-2094.81
1.967
-1976.27
-2094.6
-2094.6
-2094.6
1.855
-2094.81
-2094.81
-2094.81
-2094.81
1.959
-2094.6
-2094.6
-2094.6
-2094.6
1.992
-2094.5
-2094.5
-2094.5
-2094.49
1.95
-2094.81
-2094.81
-2094.81
-2094.81
1.959
-2094.6
-2094.6
-2094.6
-2094.6
1.92
-2094.91
-2094.91
-2094.91
-2094.91
1.881
-2094.91
-2094.91
-2094.91
-2094.91
1.906
-2094.91
-2094.91
-2094.91
-2094.91
1.926
-2094.81
-2094.81
-2094.81
-2094.81
1.957
-2094.81
-2094.81
-2094.81
-2094.81
1.99
-2094.71
-2094.7
-2094.7
-2094.7
1.976
-2094.6
-2094.6
-2094.6
-2094.6
1.976
-2094.7
-2094.71
-2094.71
-2094.71
1.918
-2094.6
-2094.6
-2094.6
-2094.6
1.971
-2094.81
-2094.81
-2094.81
-2094.81
1.792
-2094.7
-2094.7
-2094.7
-2094.7
1.984
-2094.81
-2094.81
-2094.81
-2094.81
1.987
-2094.7
-2094.7
-2094.7
-2094.7
1.905
-2094.91
-2094.91
-2094.91
-2094.91
1.824
-2094.6
-2094.6
-2094.6
-2094.6
1.988
-2094.7
-2094.7
-2094.7
-2094.71
1.995
-2094.81
-2094.81
-2094.81
-2094.81
1.864
-2094.71
-2094.71
-2094.71
-2094.71
1.955
-2094.81
-2094.81
-2094.81
-2094.81
1.995
-2094.81
-2094.81
-2094.81
-2094.81
1.998
-2094.6
-2094.6
-2094.6
-2094.6
1.986
-2094.81
-2094.81
-2094.81
-2094.81
1.958
-4189.1
-4186.48
-4184.03
-4187.5
3.779
-4033.19
-4184.95
-4185.99
-4187.08
3.795
-4184.7
-4186.46
-4186.01
-4183.91
3.864
-4145.15
-4184.1
-4186.41
-4187.04
3.626
-4033.25
-4114.59
-4173.94
-4187.48
3.836
-4135.92
-4186.97
-4188.22
-4188.28
3.869
-4047.37
-4151.51
-4147.51
-4188.13
3.815
-4106.29
-4187.53
-4185.01
-4185.82
3.871
-4158.36
-4183.54
-4185.72
-4188.18
3.856
-4184.5
-4183.92
-4187.34
-4186.33
3.769
-4067.74
-4188.41
-4187.32
-4187.33
3.831
-4150.27
-4188.53
-4187.11
-4188.3
3.859
-4131.86
-4188.7
-4187.77
-4186.69
3.9
-4186.88
-4185.51
-4187.54
-4188.1
3.874
-4186.79
-4186.53
-4187.57
-4188.92
3.871
-4117.34
-4150.97
-4186.91
-4188.22
3.824
-4111.92
-4184.74
-4186.85
-4188.19
3.844
-4150.96
-4182.49
-4184.37
-4186.09
3.623
-4183.52
-4186.85
-4184.81
-4187.58
3.765
-4107.48
-4150.73
-4186.17
-4189.09
3.836
-4146.72
-4186.16
-4187.39
-4188.93
3.893
-4137.2
-4186.39
-4187.07
-4186.95
3.87
-4128.65
-4184.52
-4185.77
-4185.79
3.807
-4184.96
-4184.48
-4186.56
-4184.48
3.834
-4129.7
-4186.98
-4186.69
-4186.46
3.813
-4185.1
-4185.74
-4187.48
-4187.45
3.774
-4030.67
-4188.93
-4184.66
-4186.91
3.802
-4129.7
-4187.54
-4189.1
-4186.91
3.842
-4183.73
-4184.95
-4185.49
-4184.79
3.859
-4153.24
-4185.45
-4185.33
-4185.35
3.681
-10155.9
-10707.4
-10819.9
-10221
11.491
-10794.7
-10656.8
-10746.5
-10633.5
11.373
-10294.4
-10509.3
-10499.9
-10760.9
11.469
-10536.7
-10328.1
-10370.5
-10846
11.385
-10129.2
-10648.2
-9907.78
-10619.3
11.344
-9918.69
-10543.3
-10507.3
-10033.2
11.434
-10519.1
-10639.6
-10584.5
-10674.2
11.377
-10783.1
-10928.9
-10769.2
-10517.7
11.394
-10282.7
-10616.3
-10481.2
-9967.85
11.378
-10684.8
-10797.3
-10363.2
-10947.3
11.332
-10128.8
-9903.95
-10063.9
-10740.5
11.372
-10359.4
-10532.7
-10222.7
-10736.8
11.48
-10639.9
-10515.5
-10532.6
-10520.6
11.375
-10138.5
-10944.1
-10844.7
-10642.9
11.448
-9707.6
-10297.2
-10737.3
-10889.8
11.359
-10555.5
-10295.4
-10424.5
-10490.4
11.311
-10575.4
-10343.5
-10472.5
-10774.2
11.317
-9873.32
-10205.9
-10644.9
-10414.7
11.412
-10472.9
-10454.7
-10821.4
-10470.3
11.278
-10216.5
-10939.2
-11146.9
-11100.9
11.446
-10157.5
-10665.6
-10318.8
-10876.4
11.347
-10309.1
-10232.6
-10268.3
-10758.5
11.426
-10443.4
-10488.2
-10805.9
-10878.8
11.377
-10377.1
-10941.2
-10386.7
-9991.45
11.372
-10143.1
-10322.3
-10193.9
-10465.7
11.401
-9786.7
-10634.1
-10059.4
-10597.8
11.441
-10641.7
-10952.8
-10734.6
-10861.1
11.348
-10088.8
-10654.9
-10702.9
-10725.5
11.449
-10441
-10554.7
-10999.2
-10355.9
11.413
-10577.8
-10633.4
-10303.8
-11210.1
11.452