-2064.42
-2094.6
-2094.6
-2094.6
1.222
-2094.66
-2094.81
-2094.81
-2094.81
1.19
-2060.08
-2094.5
-2094.5
-2094.5
1.098
-2094.7
-2094.71
-2094.71
-2094.71
1.224
-2094.71
-2094.71
-2094.71
-2094.71
1.3
-2094.71
-2094.71
-2094.71
-2094.71
1.354
-2094.71
-2094.71
-2094.71
-2094.71
1.171
-2094.81
-2094.81
-2094.81
-2094.81
1.249
-2094.91
-2094.91
-2094.91
-2094.91
1.308
-2094.91
-2094.91
-2094.91
-2094.91
1.074
-2094.71
-2094.71
-2094.71
-2094.71
1.197
-2094.7
-2094.7
-2094.7
-2094.7
1.03
-1942.13
-2094.81
-2094.81
-2094.81
1.082
-2094.67
-2094.71
-2094.71
-2094.71
1.349
-2094.71
-2094.71
-2094.71
-2094.71
1.296
-2094.52
-2094.6
-2094.6
-2094.6
1.176
-2060.29
-2094.81
-2094.81
-2094.81
1.306
-2088.69
-2094.81
-2094.81
-2094.81
1.203
-2094.6
-2094.6
-2094.6
-2094.6
1.141
-2060.57
-2094.81
-2094.81
-2094.81
1.286
-2094.6
-2094.6
-2094.6
-2094.6
1.373
-2060.47
-2094.6
-2094.6
-2094.6
1.266
-2094.71
-2094.71
-2094.71
-2094.71
1.164
-2094.6
-2094.6
-2094.6
-2094.6
1.225
-2026.22
-2094.6
-2094.6
-2094.6
1.195
-2094.56
-2094.6
-2094.6
-2094.6
1.066
-2094.81
-2094.81
-2094.81
-2094.81
1.294
-2094.6
-2094.6
-2094.6
-2094.6
1.225
-2094.69
-2094.71
-2094.71
-2094.71
1.24
-2059.93
-2094.71
-2094.71
-2094.71
1.03
-4068.61
-4189.19
-4189.29
-4189.24
2.45
-3848.02
-3995.33
-4189.17
-4189.42
2.545
-3967.04
-4154.15
-4188.46
-4188.99
2.55
-3967.77
-4188.96
-4189.12
-4189.14
2.47
-4118.1
-4120.3
-4189.15
-4189.25
2.035
-3954.71
-4153.81
-4189.41
-4189.38
2.497
-4030.89
-4188.94
-4189.02
-4188.95
2.55
-4001.42
-4153.89
-4188.72
-4188.74
2.435
-4000.72
-4145.64
-4188.8
-4188.91
2.557
-4154.68
-4188.91
-4189.19
-4188.97
2.65
-4036.19
-4187.88
-4189.26
-4189.28
2.553
-4154.71
-4189.41
-4189.41
-4189.45
2.372
-4051.1
-4152.55
-4154.76
-4154.84
2.719
-3905.44
-4070.98
-4189.42
-4189.43
2.415
-3939.46
-4188.45
-4189.14
-4189.1
1.903
-3996.94
-4155.01
-4155.21
-4189.4
2.567
-4154.67
-4189.24
-4189.25
-4189.3
2.306
-4065.49
-4070.46
-4154.56
-4188.71
2.555
-3801.19
-3964.93
-4002.23
-4154.35
2.06
-4153.31
-4189.15
-4189.13
-4189.22
2.71
-3750.52
-4036.53
-4070.78
-4146.51
2.447
-4189.07
-4189.14
-4189.16
-4189.13
2.292
-4153.95
-4188.98
-4189.12
-4189.12
2.517
-4119.46
-4188.91
-4189.06
-4189.02
2.659
-3841.09
-4001.93
-4154.65
-4188.92
2.459
-4038.95
-4188.9
-4189.02
-4188.91
2.552
-3658.91
-4002.33
-4070.58
-4153.3
2.204
-3864.09
-4002.38
-4070.52
-4159.52
2.74
-4117.87
-4154.93
-4188.97
-4189.18
2.5
-4031.7
-4188.86
-4189.17
-4189.13
2.631
-10295.7
-10344.9
-10440.8
-10682.9
6.628
-11373
-11372.7
-11366.6
-11637.6
7.332
-10625.5
-10921.9
-11247.2
-11300.8
7.316
-10429.9
-10504.1
-10510.7
-10742.8
7.246
-10594.1
-10648.4
-10685.3
-10774.8
7.262
-9864.21
-10173.6
-10543.6
-10997.7
7.415
-9847.9
-10535.5
-10533.6
-10628.9
7.585
-10734.6
-10848.4
-10821.9
-10846.8
7.098
-10104.7
-10650.8
-10959.6
-11038
7.026
-10995.9
-11201.9
-11371.6
-11341.8
7.039
-10606.8
-10623.6
-11140.7
-11236.8
6.618
-10538.1
-10926.2
-11001.5
-11029.9
7.617
-10757
-11192
-11231.7
-11237.8
7.415
-9602.2
-9772.12
-10242.7
-10480.7
7.494
-10423.2
-10569.6
-10722.7
-10788.7
7.337
-9916.42
-10802.7
-10929.2
-11111
7.366
-10649.8
-10960.3
-11129.2
-11175.4
7.412
-10574.5
-10600.5
-10606
-10669.3
7.346
-10963.7
-11245.3
-11298.1
-11264.1
7.315
-10127.7
-10355.5
-10850.2
-10929
7.503
-10749.3
-10803.8
-10868.1
-11252.7
7.528
-9935.83
-10306.4
-10778.7
-10839.8
7.243
-10556.8
-10748.6
-10833
-10921.8
7.273
-10243.4
-10251.4
-10431.4
-10667.9
6.486
-10090.7
-10834.6
-10882.3
-11016.5
7.368
-10843.6
-11175.5
-11274.6
-11585.6
7.425
-10366.2
-10927.5
-11043.7
-11084.2
7.1
-10338.4
-10522.8
-10987
-11247.9
7.582
-9824.1
-9875.47
-10055.4
-10223.9
7.149
-9922.85
-10196.7
-10271.1
-10359.5
7.257