-2094.6
-2094.6
-2094.6
-2094.6
2.07
-2094.71
-2094.71
-2094.71
-2094.71
2.099
-2094.6
-2094.6
-2094.6
-2094.6
2.05
-2094.91
-2094.91
-2094.91
-2094.91
2.046
-2094.6
-2094.6
-2094.6
-2094.6
2.049
-2094.6
-2094.6
-2094.6
-2094.6
2.108
-2094.71
-2094.71
-2094.71
-2094.71
2.064
-2094.71
-2094.71
-2094.71
-2094.71
2.067
-2094.71
-2094.71
-2094.71
-2094.71
2.107
-2094.6
-2094.6
-2094.6
-2094.6
2.041
-2094.71
-2094.71
-2094.71
-2094.71
2.102
-2094.81
-2094.81
-2094.81
-2094.81
2.07
-2094.71
-2094.71
-2094.71
-2094.71
2.074
-2094.6
-2094.6
-2094.6
-2094.6
2.034
-2094.91
-2094.91
-2094.91
-2094.91
2.063
-2094.6
-2094.6
-2094.6
-2094.6
2.05
-2094.6
-2094.6
-2094.6
-2094.6
2.054
-2094.5
-2094.5
-2094.5
-2094.5
2.066
-2094.5
-2094.5
-2094.5
-2094.5
2.056
-2094.6
-2094.6
-2094.6
-2094.6
2.089
-2094.81
-2094.81
-2094.81
-2094.81
2.083
-2094.4
-2094.4
-2094.4
-2094.4
2.104
-2094.81
-2094.81
-2094.81
-2094.81
1.967
-2094.81
-2094.81
-2094.81
-2094.81
2.095
-2094.71
-2094.71
-2094.71
-2094.71
2.091
-2094.6
-2094.6
-2094.6
-2094.6
2.082
-2094.5
-2094.5
-2094.5
-2094.5
2.103
-2094.6
-2094.6
-2094.6
-2094.6
2.042
-2094.91
-2094.91
-2094.91
-2094.91
2.102
-2094.71
-2094.71
-2094.71
-2094.71
2.07
-4120.51
-4188.79
-4188.79
-4188.79
3.873
-4120.83
-4189.1
-4189.1
-4189.1
3.987
-4188.89
-4188.89
-4188.89
-4188.89
3.901
-4189.51
-4189.51
-4189.51
-4189.51
3.991
-4189.2
-4189.2
-4189.2
-4189.2
3.969
-4189.31
-4189.31
-4189.31
-4189.31
3.963
-4154.86
-4189
-4189
-4189
3.863
-4189.2
-4189.21
-4189.21
-4189.21
3.928
-4189.18
-4189.2
-4189.2
-4189.21
3.976
-4189.31
-4189.41
-4189.41
-4189.41
3.99
-4189.41
-4189.41
-4189.41
-4189.41
3.944
-4189.31
-4189.31
-4189.31
-4189.31
3.943
-4081.77
-4189.1
-4189.1
-4189.1
3.909
-4155.17
-4189.31
-4189.31
-4189.31
3.984
-4189.62
-4189.62
-4189.62
-4189.62
4.015
-4189.52
-4189.52
-4189.52
-4189.52
3.964
-4120.93
-4189.41
-4189.41
-4189.41
3.996
-4189.27
-4189.31
-4189.31
-4189.31
3.975
-4070.66
-4189.1
-4189.1
-4189.1
3.998
-4071.28
-4189.62
-4189.62
-4189.62
3.952
-4154.87
-4189
-4189
-4189
3.927
-4155.07
-4189.2
-4189.2
-4189.2
3.959
-4155.28
-4189.41
-4189.41
-4189.41
3.949
-4189.31
-4189.31
-4189.31
-4189.31
3.943
-4036.83
-4189.41
-4189.41
-4189.41
3.95
-4189.1
-4189.1
-4189.1
-4189.1
3.982
-4189.41
-4189.41
-4189.41
-4189.41
3.987
-4189.2
-4189.21
-4189.21
-4189.2
3.95
-4155.18
-4189.31
-4189.31
-4189.31
3.956
-4189.52
-4189.52
-4189.52
-4189.52
3.915
-11869.5
-12121.1
-12311.4
-12379.6
11.579
-11039.6
-11846.5
-12019.8
-12212.8
11.535
-11319
-11918.3
-12070.3
-12307.1
11.267
-11142
-11830.2
-12044.4
-12174.9
11.628
-11085.9
-11339.8
-11588.9
-11862.8
11.427
-11544
-12085.6
-12209.8
-12265.6
11.512
-10999.3
-11822.5
-12125.1
-12283.1
11.461
-11644.8
-12085.6
-12148.7
-12148.7
11.518
-11513.4
-11686.5
-12071.5
-12265.5
11.619
-11030.6
-11706.1
-11875.8
-11887.5
11.484
-11259.3
-11592.8
-11939.4
-12087.2
11.568
-11782
-11943.9
-12009.3
-12156.4
11.671
-11685
-12036.9
-12117.6
-12239.4
11.58
-11036.9
-11795.5
-11945.1
-12050.7
11.359
-11425.2
-11840.4
-12054.7
-12166.8
11.66
-11749.5
-11842
-11956.1
-12173.5
11.553
-11310.5
-12006.3
-12027.1
-12180.5
11.504
-11403.6
-11963.6
-12010
-12096.3
11.591
-11977
-12089.7
-12188.7
-12356
11.486
-11329.7
-11871.2
-12053.2
-12116
11.419
-11789
-12026.2
-12095.2
-12232.7
11.354
-11297.7
-11718
-11880.7
-12012.4
11.533
-11118.6
-11772.6
-11978.6
-12273.7
11.463
-11611.4
-12144
-12291.5
-12324.6
11.472
-11722.3
-12030.9
-12168.9
-12341.5
11.512
-11417.4
-11849.7
-12093.4
-12196.4
11.536
-11634.2
-11894.9
-12106.3
-12309.5
11.417
-11508.8
-11954.9
-12275.8
-12383.5
11.335
-12020.1
-12203.7
-12257.9
-12336.7
11.6
-11457.2
-11623.7
-11883
-12245.4
11.496