-2094.4
-2094.5
-2094.57
-2094.54
1.912
-2094.39
-2094.42
-2094.35
-2094.4
1.931
-2094.51
-2094.49
-2094.52
-2094.52
1.82
-2094.9
-2094.86
-2094.89
-2094.89
1.902
-2094.42
-2094.49
-2094.58
-2094.47
1.951
-2094.75
-2094.76
-2094.8
-2094.78
1.938
-2094.4
-2094.49
-2094.46
-2094.59
1.854
-2094.56
-2094.65
-2094.6
-2094.68
1.886
-2094.56
-2094.64
-2094.63
-2094.64
1.95
-2060.33
-2094.42
-2094.52
-2094.4
1.907
-2094.78
-2094.72
-2094.77
-2094.73
1.895
-2094.62
-2094.59
-2094.65
-2094.64
1.522
-2094.46
-2094.52
-2094.54
-2094.51
1.721
-2094.89
-2094.86
-2094.89
-2094.89
1.885
-2094.63
-2094.57
-2094.65
-2094.65
1.675
-2094.55
-2094.65
-2094.63
-2094.68
1.921
-2091.34
-2094.27
-2094.29
-2094.42
1.796
-2094.58
-2094.64
-2094.69
-2094.64
1.909
-2094.66
-2094.65
-2094.64
-2094.68
1.892
-2094.39
-2094.43
-2094.52
-2094.45
1.846
-2094.4
-2094.54
-2094.46
-2094.5
1.942
-2094.41
-2094.36
-2094.4
-2094.37
1.753
-2071.69
-2094.62
-2094.69
-2094.67
1.755
-2094.49
-2094.56
-2094.56
-2094.53
1.941
-2094.88
-2094.89
-2094.87
-2094.89
1.937
-2094.68
-2094.64
-2094.62
-2094.65
1.894
-2094.49
-2094.55
-2094.53
-2094.55
1.692
-2094.36
-2094.39
-2094.23
-2094.38
1.95
-2094.44
-2094.48
-2094.42
-2094.48
1.894
-2059.69
-2094.5
-2094.51
-2094.51
1.912
-4069.78
-4188.01
-4188.44
-4188.47
3.558
-4188.38
-4188.49
-4188.83
-4188.75
3.515
-4153.26
-4153.37
-4188.73
-4188.6
3.834
-4085.24
-4187.71
-4188.01
-4187.56
3.713
-4188.47
-4189.28
-4188.93
-4189.02
3.834
-4069.72
-4188.32
-4187.97
-4188.27
3.775
-4187.82
-4188.14
-4188.03
-4188.46
3.792
-4187.92
-4187.96
-4188
-4188.09
3.633
-4187.69
-4187.86
-4188.32
-4188.73
3.684
-4068.38
-4153.99
-4188.88
-4188.97
3.814
-4119.96
-4188.75
-4188.49
-4188.65
3.838
-3819.93
-4183.08
-4189.11
-4188.82
3.79
-4188.51
-4188.62
-4188.78
-4188.22
3.836
-4085.75
-4154.25
-4188.09
-4188.9
3.46
-4070.06
-4154.13
-4187.72
-4188
3.668
-4188.4
-4189.05
-4188.61
-4188.53
3.78
-4188.31
-4188.62
-4188.87
-4188.77
3.717
-4188.71
-4188.95
-4189.12
-4189.28
3.792
-4188.95
-4188.8
-4187.93
-4188.74
3.751
-4153.63
-4189.24
-4189.22
-4189.43
3.837
-4023.5
-4188.47
-4188.93
-4188.91
3.836
-4154.48
-4154.43
-4189.18
-4188.8
3.826
-3915.71
-4119.9
-4188.21
-4188.97
3.643
-4085.26
-4154.82
-4189.16
-4189.3
3.758
-4187.91
-4189.12
-4189.08
-4189.29
3.84
-3997.05
-4153.59
-4187.7
-4188.1
3.838
-4001.37
-4187.22
-4187.76
-4188.32
3.828
-4110.59
-4188.9
-4189.4
-4189.16
3.676
-4035.71
-4188.84
-4187.85
-4188.68
3.807
-4125.47
-4188.4
-4188.32
-4188.5
3.662
-11441.3
-11756.6
-12091
-12377.5
11.308
-11463
-11883.1
-12185.7
-12306.3
11.413
-11352.6
-11721.4
-11987.9
-12265.5
11.422
-11239.9
-11699.9
-12116.5
-12282.2
11.419
-11138
-11469.8
-11734.7
-11986.4
11.4
-10563.2
-11759.7
-12328.6
-12400.1
11.413
-11931.8
-12135.5
-12246.3
-12403.5
11.331
-11298.4
-11832.9
-12148
-12382
11.342
-11474.3
-11923
-12212
-12328.5
11.102
-11689.7
-12020.2
-12237.8
-12364.1
11.247
-11560.5
-12201.9
-12352.7
-12477.4
11.43
-10808.6
-11612
-11861.6
-12148.9
11.415
-10792.2
-11782.2
-12235.7
-12265.2
11.158
-11552.3
-12067.8
-12190.5
-12356.4
11.255
-11200.5
-11829.5
-12172.2
-12365.3
11.334
-11862.6
-12207.9
-12328
-12397.3
11.06
-11305.8
-11874.6
-12075.1
-12361.4
11.475
-11656.6
-12112.2
-12339.3
-12419.2
11.25
-11219.1
-12055.7
-12211.8
-12245.4
11.405
-11621.7
-12015.3
-12253.3
-12373.6
11.432
-11464.5
-11945.7
-12092.7
-12254.4
11.336
-11867.5
-12210.8
-12472.5
-12520
11.367
-11381.9
-11972.2
-12160.6
-12287
11.417
-11421.5
-12165.2
-12290.9
-12399.6
11.411
-11552.6
-12088.7
-12158.2
-12375.2
11.417
-12058
-12474
-12506.7
-12503.6
11.232
-11190.2
-11751.1
-12101.3
-12393.8
11.134
-11274
-11826.3
-11970.1
-12203
11.33
-11671.6
-11985.9
-12285.7
-12413
11.404
-11223.4
-11797.1
-12157.8
-12273.6
11.064