-2094.71
-2094.71
-2094.71
-2094.81
25.773
-2094.81
-2094.81
-2094.81
-2094.81
25.244
-2094.81
-2094.81
-2094.81
-2094.81
25.043
-2094.7
-2094.7
-2094.71
-2094.81
24.471
-2094.81
-2094.81
-2094.81
-2094.81
25.621
-2094.81
-2094.81
-2094.81
-2094.81
25.973
-2094.91
-2094.91
-2094.91
-2094.91
25.177
-2094.81
-2094.81
-2094.81
-2094.81
25.516
-2094.71
-2094.7
-2094.81
-2094.81
24.897
-2094.71
-2094.71
-2094.71
-2094.71
24.653
-2094.81
-2094.81
-2094.81
-2094.91
25.027
-2094.71
-2094.81
-2094.81
-2094.81
25.797
-2094.6
-2094.6
-2094.6
-2094.6
25.222
-2094.81
-2094.81
-2094.91
-2094.91
25.45
-2094.81
-2094.81
-2094.81
-2094.81
25.628
-2094.59
-2094.6
-2094.6
-2094.6
25.77
-2094.7
-2094.71
-2094.71
-2094.81
25.195
-2094.91
-2094.91
-2094.91
-2094.91
25.218
-2094.91
-2094.91
-2094.91
-2094.91
24.744
-2094.81
-2094.81
-2094.81
-2094.81
25.266
-2094.81
-2094.81
-2094.81
-2094.81
25.198
-2094.49
-2094.49
-2094.6
-2094.7
25.371
-2094.6
-2094.7
-2094.81
-2094.81
24.957
-2094.6
-2094.6
-2094.59
-2094.6
24.655
-2094.91
-2094.91
-2094.91
-2094.91
25.454
-2094.81
-2094.81
-2094.81
-2094.91
25.883
-2094.91
-2094.91
-2094.91
-2094.91
25.323
-2094.59
-2094.6
-2094.7
-2094.71
25.679
-2094.81
-2094.81
-2094.81
-2094.91
25.33
-2094.7
-2094.71
-2094.71
-2094.81
25.22
-4188.34
-4188.34
-4188.17
-4188.43
51.073
-4188.78
-4188.62
-4189.02
-4189.35
50.88
-4188.58
-4188.38
-4188.53
-4188.71
49.686
-4187.99
-4187.6
-4188.23
-4188.67
49.924
-4188.75
-4188.77
-4189
-4189.11
51.372
-4187.96
-4188.09
-4188.37
-4188.5
49.27
-4187.73
-4188.24
-4188.31
-4188.27
50.807
-4188.91
-4188.7
-4188.72
-4188.84
50.056
-4188.28
-4188.35
-4188.69
-4188.52
48.235
-4188.29
-4188.56
-4188.96
-4188.51
50.407
-4187.81
-4187.53
-4187.46
-4188.22
50.448
-4189.16
-4189.03
-4189.27
-4189.48
49.984
-4188.98
-4188.95
-4188.9
-4188.47
50.412
-4189.17
-4189.16
-4189.26
-4189.15
50.765
-4188.51
-4188.28
-4188.51
-4188.52
49.857
-4188.49
-4188.41
-4188.36
-4188.57
50.451
-4188.18
-4188.61
-4189.03
-4188.64
50.642
-4188.23
-4188.58
-4188.6
-4188.71
50.03
-4188.87
-4188.99
-4188.68
-4188.72
50.331
-4188.67
-4189.06
-4189.09
-4188.74
50.964
-4188.13
-4188.03
-4187.86
-4188.08
50.148
-4188.82
-4188.66
-4188.98
-4188.69
49.8
-4189.2
-4189.24
-4189.3
-4188.89
50.311
-4188.42
-4188.76
-4188.8
-4188.44
49.622
-4188.85
-4189.06
-4188.97
-4188.82
50.35
-4188.92
-4189.41
-4189.02
-4189.05
49.827
-4188.23
-4188.85
-4188.84
-4188.85
50.403
-4188.81
-4188.3
-4188.88
-4188.72
49.703
-4188.13
-4188.54
-4188.4
-4188.19
49.24
-4188.76
-4189.04
-4189.02
-4189.04
50.825
-10720.5
-11396.7
-11497.7
-11589.2
149.088
-11032.2
-11211.8
-11613.9
-11682.6
147.601
-10972.9
-11597.5
-11738.2
-11861.3
149.177
-11125.1
-11624.1
-11806.6
-11792.2
151.466
-10741.9
-10943.2
-11319.8
-11456.8
150.445
-10962.7
-11021.2
-11434.9
-11587.6
148.172
-11573.2
-11734
-11945.5
-12138.8
147.731
-10911.1
-11124.7
-11204.9
-11348.1
150.414
-10520.6
-10885.6
-11780.4
-11935
149.871
-10983.3
-11465.6
-11643.8
-11626.6
149.431
-10710.8
-11541.7
-11666
-11723.9
150.619
-11404.8
-11670.5
-11829.1
-11871.1
149.785
-10473.7
-10696.3
-11314
-11456
149.201
-11226.5
-11291
-11354.8
-11386.1
150.716
-10851.8
-10895.4
-10831
-10957.6
151.516
-11397.8
-11543.4
-11577.8
-11803.2
148.1
-10797
-11119.7
-11232.8
-11199
153.488
-10676.3
-11418.5
-11580.7
-11580.9
149.926
-10482
-11107.9
-11280.4
-11485
150.607
-10593.3
-10847.4
-11416.2
-11478.7
150.883
-10447.2
-10885.7
-11171
-11498.8
150.763
-10324
-10580.5
-11222.6
-11217.6
148.246
-10604.1
-11147.9
-11155.8
-11896.7
150.781
-10272.7
-10875.6
-11094.3
-11551.1
152.903
-10787.2
-11005.3
-11049.7
-11147
147.574
-11174.5
-11321.1
-11376.4
-11496.9
149.657
-10500.4
-11307
-11380.6
-11607.5
153.709
-10785.3
-11206.4
-11153.2
-11165.7
150.04
-11070.8
-11292.6
-11574.7
-11688
150.844
-10994.1
-11457.8
-11538.2
-11642
151.106