-2060.17
-2094.22
-2094.29
-2094.29
0.938
-2094.56
-2094.56
-2094.59
-2094.58
0.973
-2060.42
-2094.69
-2094.69
-2094.7
0.968
-2094.67
-2094.69
-2094.69
-2094.7
0.967
-2060.37
-2094.58
-2094.53
-2094.56
0.951
-2094.44
-2094.48
-2094.46
-2094.49
0.926
-2094.69
-2094.7
-2094.69
-2094.51
1.081
-2094.8
-2094.81
-2094.8
-2094.8
1.079
-2094.34
-2094.45
-2094.41
-2094.46
0.984
-2094.56
-2094.59
-2094.57
-2094.53
0.968
-2094.66
-2094.69
-2094.69
-2094.69
0.953
-2094.69
-2094.68
-2094.68
-2094.68
0.981
-2094.56
-2094.54
-2094.59
-2094.56
0.966
-2094.61
-2094.63
-2094.71
-2094.69
0.964
-2074.52
-2094.68
-2094.69
-2094.68
1.026
-2094.57
-2094.58
-2094.58
-2094.59
0.967
-2094.68
-2094.66
-2094.68
-2094.7
0.986
-2094.7
-2094.69
-2094.67
-2094.69
0.901
-2094.57
-2094.57
-2094.57
-2094.58
0.977
-2059.51
-2088.46
-2094.58
-2094.57
0.974
-2060.65
-2094.74
-2094.8
-2094.8
0.97
-2091.17
-2094.67
-2094.69
-2094.7
0.974
-2094.69
-2094.69
-2094.69
-2094.68
0.948
-2094.8
-2094.81
-2094.79
-2094.78
0.953
-1895
-2094.55
-2094.56
-2094.59
0.988
-2060.55
-2094.81
-2094.8
-2094.79
0.967
-2094.8
-2094.81
-2094.8
-2094.8
0.961
-2094.91
-2094.91
-2094.91
-2094.91
0.972
-2094.44
-2094.47
-2094.47
-2094.44
1.077
-1976.37
-2094.8
-2094.81
-2094.79
0.978
-3918.03
-4012.46
-4114.33
-4166.87
1.919
-3900.89
-3948.28
-4045.27
-4048.06
1.909
-3888.39
-4103.93
-4109.13
-4137.4
1.928
-3833.55
-3859.05
-3897.39
-4019.22
1.918
-4091.68
-4169.49
-4170.56
-4164.7
1.899
-4051.36
-4137.49
-4138.69
-4167.3
1.905
-4002.03
-3997.21
-4178.19
-4161.27
1.938
-4055.36
-4168.96
-4165.14
-4153.31
1.939
-4035.13
-4061.42
-4159.22
-4174.8
1.915
-4062.12
-4078.53
-4122.64
-4148.53
1.909
-3932.44
-4043.72
-4051.6
-4170.54
1.928
-4049.57
-4165.94
-4164.96
-4136.99
1.937
-3965.61
-4130.6
-4171.56
-4164.75
1.918
-3936.91
-4109.16
-4126.46
-4180.2
1.85
-4127.38
-4164.93
-4163.93
-4159.06
1.927
-3856.28
-3953.45
-4034.76
-4175.4
1.868
-4027.25
-4186.17
-4175.65
-4157.44
1.926
-3820.29
-3936.28
-4061.03
-4138.69
1.92
-4012.78
-4130.96
-4173.94
-4177.09
1.94
-4123.95
-4172.33
-4162.77
-4163.95
1.913
-4115.04
-4159.81
-4173.22
-4187.15
1.89
-4159.29
-4177.76
-4156.72
-4170.05
1.838
-3897.17
-4144.63
-4172.31
-4180.79
1.89
-4077.02
-4122.59
-4176.33
-4175
1.915
-4122.1
-4141.83
-4152.83
-4169.83
1.907
-4053.45
-4123.95
-4179.05
-4173.18
1.893
-3994.1
-4143.5
-4164.01
-4168.42
1.911
-3932.2
-4027.44
-4175.07
-4165.4
1.903
-4145.79
-4167.85
-4165.46
-4167.62
1.732
-4079.41
-4053.09
-4054.24
-4160.71
1.927
-9252.69
-9073.52
-8641.41
-8886.85
5.722
-9106.89
-8539.54
-10035.4
-8617.53
5.73
-9305.83
-8952.27
-9889.95
-9455.86
5.653
-9667.9
-9317.31
-9836.3
-9540.47
5.759
-9289.03
-10102.2
-9104.87
-9300.18
5.692
-9418.62
-9011.5
-8704.33
-9841.13
5.652
-8766.98
-8770.5
-9377.71
-8663.53
5.731
-9371.12
-9241.02
-8868.75
-9528.78
5.661
-10294.2
-9734.89
-9055.92
-9200.77
5.736
-8954.62
-9319.81
-9231.09
-9348.16
5.726
-9122.11
-9416.22
-10145.9
-9033.29
6.06
-9448.41
-9202.01
-9031.33
-9118.31
5.717
-9570.81
-9303.45
-9317.81
-8642.48
5.724
-8967.51
-9559.95
-9507.31
-8495.86
5.622
-9045.55
-9177.1
-9236.86
-8836.86
5.711
-8817.11
-9825.36
-9216.19
-9110.11
5.651
-9934.44
-9062.2
-10082.9
-10035
5.707
-8988.73
-9499.37
-9530.54
-9117.83
5.745
-8741.31
-9835.53
-9174.5
-8585.66
5.663
-8278.59
-9875.73
-9730.39
-9046.69
5.745
-8475.06
-9052.49
-8833.44
-8830.83
5.759
-9018.66
-9103.12
-9432.96
-9840.57
5.738
-8893.38
-9821.1
-9913.07
-9072.33
5.627
-9001.79
-9164.59
-9898.17
-9216.93
5.672
-8885.58
-9598.69
-9608.4
-9749.98
5.669
-9482.9
-8854.08
-9144.68
-9100.62
5.731
-9082.34
-9019.1
-9101.03
-8998.21
5.708
-9072.06
-9937.76
-9418.1
-9376.37
5.762
-9347.86
-9349.99
-9583.86
-9327.05
5.694
-9900.71
-9723.23
-9311.03
-9416.4
5.747