-2094.65
-2094.66
-2094.6
-2094.63
9.521
-2094.62
-2094.6
-2094.34
-2094.55
9.525
-2094.46
-2094.39
-2094.6
-2094.58
9.658
-2094.65
-2094.71
-2094.72
-2094.74
9.63
-2094.73
-2094.77
-2094.8
-2094.74
9.678
-2094.36
-2094.47
-2094.45
-2094.41
9.601
-2094.37
-2094.42
-2094.55
-2094.69
9.722
-2094.48
-2094.38
-2094.45
-2094.46
9.682
-2094.64
-2094.55
-2094.64
-2094.62
9.67
-2094.72
-2094.65
-2094.73
-2094.79
9.543
-2094.47
-2094.56
-2094.32
-2094.48
9.78
-2094.8
-2094.74
-2094.77
-2094.78
9.573
-2093.61
-2094.36
-2094.41
-2094.46
8.712
-2094.36
-2094.51
-2094.37
-2094.42
9.31
-2094.71
-2094.78
-2094.77
-2094.72
9.56
-2094.59
-2094.39
-2094.68
-2094.65
9.444
-2094.74
-2094.73
-2094.7
-2094.76
9.709
-2094.09
-2094.4
-2094.19
-2094.17
9.681
-2094.25
-2093.96
-2094.6
-2094.63
9.684
-2094.18
-2094.34
-2094.38
-2094.18
9.86
-2094.51
-2094.39
-2094.32
-2094.5
9.681
-2094.64
-2094.56
-2094.44
-2094.55
8.818
-2094.41
-2094.63
-2094.62
-2094.6
8.752
-2094.63
-2094.71
-2094.75
-2094.76
9.686
-2094.33
-2094.27
-2094.25
-2094.42
9.473
-2094.54
-2094.64
-2094.5
-2094.49
8.805
-2094.47
-2094.67
-2094.57
-2094.64
9.681
-2094.64
-2094.64
-2094.59
-2094.79
9.683
-2094.75
-2094.79
-2094.65
-2094.73
9.561
-2094.46
-2094.61
-2094.67
-2094.64
9.499
-4188.28
-4188.02
-4188.55
-4188.77
18.837
-4188.79
-4187.71
-4187.9
-4189.33
19.138
-4186.99
-4188.16
-4189.07
-4187.02
19.11
-4188.38
-4188.59
-4188.05
-4188.4
19.093
-4188.19
-4188.03
-4187.63
-4187.89
19.021
-4188.23
-4188.45
-4189.18
-4189.28
18.744
-4187.53
-4188.29
-4188.89
-4188.57
19.125
-4188.7
-4189.01
-4188.35
-4188.78
19.102
-4187.93
-4187.62
-4188.91
-4188.13
19.157
-4188.27
-4188.15
-4186.97
-4188.43
19.109
-4187.72
-4188.23
-4187.93
-4187.83
18.864
-4188.72
-4188.6
-4187.05
-4188.98
19.137
-4188.81
-4188.52
-4189.1
-4188.87
18.901
-4187.46
-4188.45
-4187.58
-4188.72
18.886
-4188.56
-4188.69
-4188.58
-4188.71
18.832
-4187.83
-4186.68
-4189.02
-4188.84
19.189
-4188.77
-4188.59
-4188.6
-4188.54
19.151
-4188.06
-4187.53
-4187.12
-4187.16
18.136
-4188.36
-4188.08
-4188.1
-4188.49
19.025
-4187.87
-4188.51
-4187.59
-4188.84
19.155
-4184.9
-4188.03
-4187.24
-4187.15
18.865
-4188.93
-4189.17
-4188.99
-4189.1
19.071
-4188.66
-4189.24
-4189.03
-4189.36
19.101
-4188.99
-4188.36
-4188.98
-4188.27
18.91
-4188.94
-4188.36
-4188.6
-4188.85
18.024
-4189.59
-4189.11
-4189.34
-4189.38
18.137
-4187.91
-4187.8
-4188.04
-4188.86
19.044
-4189.14
-4188.23
-4188.97
-4188.77
18.142
-4188.29
-4187.13
-4187.81
-4188.48
19.108
-4187.98
-4188.91
-4188.63
-4188.66
19.164
-12479.1
-12548.2
-12542.4
-12540.5
56.98
-12395.2
-12551.4
-12541.8
-12542.9
56.948
-12481.7
-12524.8
-12540.2
-12539.5
56.97
-12510.1
-12543.1
-12547.2
-12554.8
56.713
-12452
-12533.7
-12546.5
-12543
56.817
-12474.3
-12548.3
-12539.4
-12538.6
56.775
-12503
-12546.4
-12535.1
-12535
57.154
-12468.1
-12505.3
-12539.1
-12522.3
56.81
-12428.7
-12535
-12539.6
-12544.6
57.086
-12468.8
-12532.1
-12545.7
-12546.9
55.222
-12313.6
-12531.2
-12543.3
-12550.4
55.49
-12464.9
-12532.8
-12532.2
-12533.5
56.765
-12520
-12547.2
-12534
-12538.2
57.039
-12403.5
-12496.2
-12552.7
-12541.1
57.042
-12324.2
-12534.5
-12537.5
-12546.1
56.602
-12467.6
-12541.8
-12538.9
-12551.2
56.926
-12400.4
-12537.8
-12528
-12542.2
56.422
-12392.2
-12532.3
-12549.2
-12542
56.749
-12460.3
-12468.1
-12530.2
-12545.1
57.024
-12470.4
-12497.4
-12514.4
-12543.3
57.156
-12466.3
-12503.7
-12531.2
-12537.6
56.63
-12391.6
-12534.9
-12547.8
-12542.7
55.506
-12407.1
-12534.9
-12533.3
-12545.6
54.657
-12404.2
-12535.3
-12536.2
-12542.3
56.953
-12498.5
-12541.1
-12537.8
-12532.3
57.091
-12501.6
-12533.2
-12543.5
-12535
56.872
-12436.7
-12544.3
-12548.4
-12531.7
55.53
-12471.3
-12541.3
-12538.7
-12545.1
56.88
-12393
-12539.9
-12544.9
-12542.9
56.822
-12495.7
-12552.7
-12545.5
-12531.9
55.227