-2094.6
-2094.6
-2094.6
-2094.7
19.777
-2094.71
-2094.7
-2094.71
-2094.71
18.243
-2094.71
-2094.71
-2094.71
-2094.71
19.844
-2094.6
-2094.6
-2094.6
-2094.71
19.783
-2094.6
-2094.6
-2094.6
-2094.6
19.836
-2094.71
-2094.71
-2094.71
-2094.71
19.86
-2094.71
-2094.71
-2094.7
-2094.71
19.944
-2094.71
-2094.71
-2094.71
-2094.71
19.782
-2094.81
-2094.81
-2094.81
-2094.81
19.732
-2094.81
-2094.81
-2094.81
-2094.81
18.266
-2094.71
-2094.71
-2094.71
-2094.71
19.705
-2094.6
-2094.6
-2094.6
-2094.6
18.266
-2094.5
-2094.5
-2094.5
-2094.5
20.412
-2094.81
-2094.81
-2094.81
-2094.81
19.757
-2094.6
-2094.6
-2094.6
-2094.6
19.787
-2094.71
-2094.71
-2094.71
-2094.71
19.933
-2094.81
-2094.81
-2094.81
-2094.81
19.76
-2094.6
-2094.6
-2094.6
-2094.6
19.728
-2094.81
-2094.81
-2094.81
-2094.81
19.866
-2094.71
-2094.71
-2094.71
-2094.71
19.876
-2094.39
-2094.39
-2094.39
-2094.39
19.815
-2094.81
-2094.81
-2094.81
-2094.81
19.83
-2094.81
-2094.81
-2094.81
-2094.81
18.381
-2094.6
-2094.6
-2094.71
-2094.71
19.816
-2094.71
-2094.71
-2094.71
-2094.71
19.855
-2094.71
-2094.71
-2094.71
-2094.71
19.871
-2094.81
-2094.81
-2094.81
-2094.81
19.829
-2094.71
-2094.7
-2094.71
-2094.71
20.361
-2094.6
-2094.6
-2094.6
-2094.6
19.127
-2094.71
-2094.71
-2094.71
-2094.71
19.803
-4188.55
-4189.11
-4187.35
-4188.81
38.983
-4187.02
-4187.04
-4185.95
-4187.43
38.583
-4187.81
-4187.48
-4187.77
-4187.26
38.75
-4187.71
-4184.52
-4186.49
-4187.5
38.873
-4188.71
-4188.16
-4186.72
-4187.36
38.641
-4189.15
-4188.88
-4187.01
-4187.16
38.82
-4188.33
-4187.75
-4187.45
-4187.19
38.886
-4186.41
-4185.52
-4187.99
-4187.19
38.66
-4185
-4188.18
-4188.05
-4188.35
38.41
-4187.79
-4188.21
-4188.36
-4187.6
38.782
-4185.62
-4187.22
-4188.65
-4189.26
38.926
-4187.91
-4186.29
-4188.42
-4187.53
38.939
-4188.94
-4186.81
-4186.94
-4186.2
38.731
-4188.7
-4187.95
-4188.34
-4185.67
38.525
-4188.06
-4187.09
-4185.46
-4186.38
38.258
-4185.96
-4188.04
-4186.96
-4187.44
38.821
-4188.33
-4187.17
-4187.09
-4187.5
38.902
-4187.88
-4188.38
-4188.95
-4189.52
36.827
-4187.48
-4187.73
-4188.38
-4187.92
38.853
-4188.37
-4184.71
-4187.79
-4189.02
38.977
-4188.27
-4185.78
-4188.55
-4189.05
38.983
-4185.44
-4187.98
-4186
-4188.63
38.915
-4185.15
-4189.21
-4187.45
-4188.75
38.466
-4185.65
-4188.3
-4188.93
-4186.38
36.855
-4183.38
-4186.58
-4188.53
-4185.86
36.905
-4187.73
-4189.22
-4188.24
-4186.45
36.207
-4188.33
-4187.58
-4187.32
-4188.25
38.877
-4188.94
-4187.58
-4187.96
-4188.62
38.748
-4188.77
-4188.82
-4186.66
-4188.71
38.459
-4187.48
-4185.56
-4186.91
-4187.56
38.674
-10477.4
-11042.5
-9948.36
-10804.3
114.44
-10834.9
-10532.7
-10259.7
-10966.2
114.249
-10808.5
-9930.02
-10219.9
-10499.8
114.914
-10424
-10551.8
-10175
-10542
113.68
-11060.8
-11248.4
-10802.2
-10749.9
114.668
-10966
-10907.3
-10313.8
-11222.2
114.831
-10715.1
-10264.5
-10440.9
-10616.4
114.384
-10913
-11187
-10637.9
-10184.7
114.77
-10218.3
-10320.9
-10661.3
-10780.1
114.056
-10526.9
-10565.7
-10469.9
-10507.9
115.048
-10603.3
-10805.9
-10440.6
-10307.8
114.674
-10343.4
-10556.1
-10466.1
-10579.5
114.545
-10144
-10363.8
-10530.5
-10628.7
113.955
-10278.5
-10565.1
-11206.9
-10694.1
114.935
-10420.5
-10204.1
-10594.7
-10042.8
114.414
-10496.6
-10510.6
-10494.4
-11194.3
114.2
-10492.7
-10758
-10331.4
-10057.9
114.702
-10855.6
-10706.7
-10493.4
-10367.3
114.552
-10193.9
-10963.2
-10109.5
-10166.8
114.566
-10524.8
-10677.7
-10602.5
-10456.1
114.574
-10522.5
-10934.2
-10478.5
-10605.9
114.042
-10325.5
-10627.5
-11000.7
-10325.4
114.568
-11354.3
-10805.9
-10410.3
-10226.1
114.642
-10386.5
-11055.1
-10796.2
-10534
115.062
-11338
-11108.5
-10668.1
-10480.2
115.429
-11194.6
-10653.2
-10353.6
-10724.2
114.124
-10157.2
-10753.5
-10500.1
-10460.2
114.661
-11014.5
-10378.3
-10518.8
-10719.5
114.124
-10097.8
-10679.3
-10516.4
-10052.9
115.114
-10467.8
-10456.2
-10987.8
-10529.3
114.801