-2094.81
-2094.81
-2094.81
-2094.81
2.102
-2094.71
-2094.71
-2094.71
-2094.71
2.124
-2094.6
-2094.6
-2094.6
-2094.6
2.085
-2094.6
-2094.6
-2094.6
-2094.6
2.143
-2094.5
-2094.5
-2094.5
-2094.5
1.963
-2094.71
-2094.71
-2094.71
-2094.71
2.142
-2094.81
-2094.81
-2094.81
-2094.81
2.135
-2094.81
-2094.81
-2094.81
-2094.81
2.093
-2094.71
-2094.71
-2094.71
-2094.71
2.1
-2094.81
-2094.81
-2094.81
-2094.81
2.105
-2094.6
-2094.6
-2094.6
-2094.6
2.099
-2094.6
-2094.6
-2094.6
-2094.6
2.199
-2094.5
-2094.5
-2094.5
-2094.5
2.116
-2094.91
-2094.91
-2094.91
-2094.91
2.013
-2060.37
-2094.5
-2094.5
-2094.5
2.182
-2094.6
-2094.6
-2094.6
-2094.6
1.939
-2094.6
-2094.6
-2094.6
-2094.6
2.136
-2094.6
-2094.6
-2094.6
-2094.6
2.116
-2094.5
-2094.5
-2094.5
-2094.5
2.135
-2094.71
-2094.71
-2094.71
-2094.71
2.133
-2094.6
-2094.6
-2094.6
-2094.6
2.124
-2094.81
-2094.81
-2094.81
-2094.81
2.06
-2094.81
-2094.81
-2094.81
-2094.81
1.989
-2094.81
-2094.81
-2094.81
-2094.81
2.12
-2094.71
-2094.71
-2094.71
-2094.71
2.11
-2094.6
-2094.6
-2094.6
-2094.6
2.124
-2094.81
-2094.81
-2094.81
-2094.81
2.126
-2094.6
-2094.6
-2094.6
-2094.6
2.128
-2094.81
-2094.81
-2094.81
-2094.81
2.108
-2094.71
-2094.71
-2094.71
-2094.71
1.966
-4189.1
-4189.1
-4189.1
-4189.1
3.889
-4189.31
-4189.31
-4189.31
-4189.31
3.932
-4189.2
-4189.2
-4189.2
-4189.2
3.966
-4058.29
-4189.41
-4189.41
-4189.41
3.987
-4155.18
-4189.31
-4189.31
-4189.31
3.947
-4189.52
-4189.52
-4189.52
-4189.52
4.013
-4189.1
-4189.1
-4189.1
-4189.1
3.982
-4120.86
-4189.21
-4189.21
-4189.21
3.958
-4189.1
-4189.1
-4189.1
-4189.1
3.911
-4189.31
-4189.31
-4189.31
-4189.31
3.972
-4189.41
-4189.41
-4189.41
-4189.41
3.885
-4189.2
-4189.2
-4189.2
-4189.2
3.983
-4189.31
-4189.31
-4189.31
-4189.31
4.015
-4189.31
-4189.31
-4189.31
-4189.31
3.886
-4155.18
-4189.31
-4189.31
-4189.31
4.02
-4162.32
-4189.1
-4189.1
-4189.1
3.924
-4066.85
-4066.85
-4189.31
-4189.31
3.954
-4036.84
-4189.41
-4189.41
-4189.41
3.986
-4189
-4189
-4189
-4189
4.001
-4189.31
-4189.31
-4189.31
-4189.31
4.018
-4189
-4189
-4189
-4189
3.948
-4189.62
-4189.62
-4189.62
-4189.62
3.974
-4189.41
-4189.41
-4189.41
-4189.41
3.976
-4189.62
-4189.62
-4189.62
-4189.62
3.953
-4189.41
-4189.41
-4189.41
-4189.41
3.983
-4120.84
-4189.1
-4189.1
-4189.1
3.946
-4189.41
-4189.41
-4189.41
-4189.41
3.944
-4070.76
-4189.1
-4189.1
-4189.1
3.924
-4155.18
-4189.41
-4189.41
-4189.41
3.987
-4155.18
-4189.31
-4189.31
-4189.31
4.008
-11514.8
-11807.1
-11880.8
-12068.5
11.527
-11666
-12037.9
-12192.2
-12273.2
11.556
-11606.1
-12008.7
-12212
-12205.9
11.623
-11995.8
-11971.6
-12234.7
-12384.2
11.511
-11391
-11621.7
-12008.9
-12084.9
11.505
-11769.6
-11840.2
-12091
-12210
11.497
-11376
-11638.5
-11935.8
-12200
11.509
-11484.7
-11770.7
-12074.4
-12164.6
11.609
-11559.8
-11961.6
-12182.8
-12310.4
11.538
-11558.3
-12162.7
-12353.9
-12443.2
11.524
-11151.3
-11298
-11953
-12068.9
11.547
-11350.2
-11577.4
-12091.8
-12297.5
11.558
-11327.3
-11698
-11856.8
-12054.3
11.557
-11491.4
-11676.1
-12023.1
-12213.5
11.463
-11647
-12026.2
-12179.7
-12411.4
11.604
-11829.1
-12197.5
-12399
-12432.9
11.565
-11268.1
-11963.8
-12094.6
-12190.5
11.557
-11069
-11466.7
-11822.9
-12107
11.528
-11788.1
-12090.8
-12271.7
-12302.9
11.604
-11100.7
-11437.1
-11816.3
-12077.3
11.486
-12058
-12089
-12415.5
-12440.7
11.438
-11395.3
-11754.7
-11861.8
-12133
11.446
-11486.3
-11928.3
-12137.3
-12288.7
11.559
-11566.6
-11842.1
-12145.6
-12279.1
11.509
-10899.9
-11519.3
-11713.7
-12044
11.608
-11707.7
-11809.1
-11907.1
-12199.5
11.545
-11660.4
-12001.7
-12184.2
-12298.6
11.527
-11549.4
-11671.5
-11908.4
-12139
11.631
-11177.3
-11677.7
-11951
-12026.4
11.499
-11567.1
-11813.4
-12213.9
-12204.8
11.56