-2094.58
-2094.57
-2094.57
-2094.52
1.322
-2094.89
-2094.85
-2094.89
-2094.88
1.407
-2094.59
-2094.63
-2094.58
-2094.62
1.414
-2094.5
-2094.61
-2094.57
-2094.57
1.417
-2094.66
-2094.73
-2094.74
-2094.71
1.43
-2093.89
-2094.44
-2094.37
-2094.44
1.33
-2094.31
-2094.44
-2094.48
-2094.46
1.348
-2094.63
-2094.6
-2094.56
-2094.55
1.407
-2059.9
-2094.15
-2094.31
-2094.33
0.638
-2094.11
-2094.43
-2094.44
-2094.37
1.411
-1975.99
-2094.23
-2094.36
-2094.28
1.45
-2093.59
-2094.61
-2094.64
-2094.66
1.407
-2094.49
-2094.71
-2094.79
-2094.71
1.437
-2094.51
-2094.75
-2094.78
-2094.72
1.424
-2059.2
-2094.37
-2094.34
-2094.46
1.425
-2094.84
-2094.88
-2094.84
-2094.87
1.415
-2094.71
-2094.61
-2094.77
-2094.69
1.402
-2094.63
-2094.76
-2094.75
-2094.76
1.445
-2094.41
-2094.39
-2094.34
-2094.21
1.35
-2094.74
-2094.69
-2094.69
-2094.79
1.351
-2059.76
-2094.62
-2094.55
-2094.65
1.328
-2094.37
-2094.68
-2094.64
-2094.71
0.666
-2094.61
-2094.63
-2094.58
-2094.57
1.318
-2060.24
-2094.46
-2094.25
-2094.5
1.415
-2094.28
-2094.52
-2094.48
-2094.57
1.423
-2094.46
-2094.48
-2094.67
-2094.69
1.424
-2059.62
-2094.39
-2094.31
-2094.48
1.345
-2094.66
-2094.62
-2094.73
-2094.73
1.391
-2025.32
-2094.35
-2094.36
-2094.48
1.435
-1829.29
-2094.33
-2094.49
-2094.5
1.393
-4063.37
-4153.85
-4188.21
-4188.61
2.694
-4181.5
-4187.52
-4188.6
-4188.15
2.815
-4152.38
-4157.79
-4187.54
-4186.82
2.8
-4069.27
-4188.27
-4187.97
-4188.13
2.883
-3965.94
-4117.79
-4187.96
-4188.29
2.786
-3727.9
-4084.2
-4153.51
-4187.14
1.317
-3941.74
-4152.36
-4153.65
-4186.83
2.783
-4117.94
-4187.61
-4188.69
-4188.18
2.951
-4020.33
-4188.36
-4187.95
-4188.01
2.883
-4152.64
-4153.2
-4187.88
-4187.56
2.866
-4154.41
-4154.63
-4188.01
-4187.9
2.765
-4033.03
-4187.2
-4187.69
-4187.87
2.734
-4119.76
-4188.55
-4188.04
-4189.41
2.716
-4127.96
-4153.11
-4187.96
-4185.69
2.701
-4031.16
-4187.52
-4188.42
-4188.45
2.941
-4154.24
-4154.27
-4152.89
-4187.89
2.761
-4186.54
-4188.63
-4187.44
-4189.02
2.762
-4153.65
-4154.38
-4188.65
-4188.88
2.717
-3952.84
-4188.47
-4188.43
-4189.03
2.813
-4152.59
-4187.38
-4186.53
-4186.58
2.689
-4007.5
-4188.9
-4189.03
-4188.16
2.726
-4149
-4188.96
-4188.16
-4188.42
2.755
-4069.86
-4187.92
-4188.44
-4187.5
2.889
-4143.63
-4188.96
-4188.79
-4188.88
2.894
-4152.89
-4154.53
-4188.38
-4188.55
2.74
-4115.4
-4187.38
-4187.5
-4187.2
2.761
-4152.38
-4188.64
-4188
-4188.43
2.724
-3914.8
-4070.02
-4154.32
-4188.48
2.954
-4085.11
-4153.35
-4152.76
-4188.61
2.706
-3999.22
-4034.78
-4069.8
-4069.64
1.317
-10901.7
-11494
-11538
-11894.3
3.809
-10905.5
-11988.7
-12310.8
-12394.3
8.243
-11929.7
-12311.4
-12343.6
-12455.9
8.31
-11492.1
-12026
-12329.1
-12396.7
8.286
-11420.4
-12004.3
-12109
-12399.9
8.177
-11334.2
-11900.8
-12133.7
-12314
8.307
-11466.1
-12069.3
-12219.3
-12436
8.177
-11563.9
-11915
-12303.2
-12369.8
8.242
-11329
-11737.7
-12175.1
-12291.6
8.303
-10851.1
-11781.1
-12084.3
-12202.4
8.013
-11475.4
-12183.2
-12395.8
-12441.1
8.279
-11698.7
-11979.3
-12194.2
-12394.2
8.316
-10927.3
-11809.1
-11931.7
-12210.6
8.234
-10791
-11800.7
-12350.8
-12431.5
8.325
-11634.1
-12194.4
-12382.8
-12424.6
8.283
-11337.2
-11808.2
-12209.1
-12331.6
8.227
-11166.1
-11427.7
-11830.2
-12090.1
3.811
-11379
-12026.2
-12140.4
-12307.9
8.186
-11504.8
-12143.7
-12213
-12324.2
8.302
-11265.3
-11631.4
-12148.9
-12214.5
8.318
-11941.9
-12220.1
-12358.8
-12363.1
8.304
-11264.2
-11924.1
-12217.9
-12311.4
8.212
-11096.6
-11859.3
-12138.5
-12296.9
8.231
-10832.9
-11819.1
-12059.4
-12138
8.247
-12223.9
-12420.2
-12470.7
-12458.1
8.243
-11412.9
-11889.8
-12202.4
-12279.2
8.188
-11728
-12151.7
-12200
-12359.3
8.301
-10987.1
-11722.8
-12000.5
-12189.2
8.286
-11595
-12117.6
-12158
-12254.5
8.244
-11577.7
-11947.9
-12119.3
-12252.7
8.291