-1942.03
-2060.47
-2094.71
-2094.71
1.018
-2094.5
-2094.5
-2094.5
-2094.5
1.047
-2094.6
-2094.6
-2094.6
-2094.6
1.075
-1976.27
-2094.71
-2094.71
-2094.71
1.059
-2060.37
-2094.5
-2094.5
-2094.5
1.043
-1976.27
-2060.47
-2094.6
-2094.6
1.049
-1938.11
-2094.71
-2094.71
-2094.71
1.028
-1853.91
-1976.37
-2094.71
-2094.71
1.056
-2060.57
-2094.71
-2094.71
-2094.71
1.054
-2094.71
-2094.71
-2094.71
-2094.71
1.074
-2060.37
-2094.5
-2094.5
-2094.5
1.053
-2094.71
-2094.71
-2094.71
-2094.71
1.062
-2094.71
-2094.71
-2094.71
-2094.71
1.066
-2094.5
-2094.5
-2094.5
-2094.5
1.038
-2094.6
-2094.6
-2094.6
-2094.6
1.046
-2094.71
-2094.71
-2094.71
-2094.71
1.033
-2060.47
-2060.47
-2094.6
-2094.6
1.063
-2026.24
-2094.5
-2094.5
-2094.5
1.055
-2060.37
-2094.5
-2094.5
-2094.5
1.057
-2094.91
-2094.91
-2094.91
-2094.91
1.048
-2094.7
-2094.71
-2094.71
-2094.71
1.059
-2094.71
-2094.71
-2094.71
-2094.71
1.068
-2094.5
-2094.5
-2094.5
-2094.5
1.07
-2094.6
-2094.6
-2094.6
-2094.6
1.008
-2094.5
-2094.5
-2094.5
-2094.5
1.054
-2094.5
-2094.5
-2094.5
-2094.5
1.053
-2094.6
-2094.6
-2094.6
-2094.6
0.983
-2060.26
-2094.4
-2094.4
-2094.4
1.025
-1976.17
-2094.6
-2094.6
-2094.6
1.067
-1976.27
-2094.6
-2094.6
-2094.6
1.042
-3921.01
-4189.31
-4189.31
-4189.31
1.991
-3998.37
-4036.62
-4154.81
-4155.07
2.024
-4155.17
-4189.41
-4189.41
-4189.41
1.931
-4121.04
-4121.04
-4155.18
-4189.41
1.985
-4071.07
-4189.41
-4189.41
-4189.41
1.983
-4154.42
-4189.31
-4189.31
-4189.31
1.972
-4002.5
-4036.74
-4155.07
-4189.31
1.905
-4069.14
-4189.31
-4189.31
-4189.31
2.011
-4086.8
-4189.39
-4189.41
-4189.41
1.939
-4086.7
-4121.15
-4189.41
-4189.41
1.903
-4155.28
-4189.41
-4189.41
-4189.41
1.896
-4154.9
-4154.97
-4189.21
-4189.2
1.974
-4036.74
-4155.07
-4189.31
-4189.31
1.947
-4189.26
-4189.31
-4189.31
-4189.31
1.957
-4036.84
-4189.41
-4189.41
-4189.41
2.028
-4120.73
-4189.1
-4189.1
-4189.1
1.907
-3880.14
-3914.27
-4036.73
-4154.84
1.97
-3989.76
-4154.86
-4189
-4189
1.932
-4154.12
-4189.41
-4189.41
-4189.41
1.881
-3968.25
-4189.2
-4189.21
-4189.21
2.002
-4189.31
-4189.31
-4189.31
-4189.31
1.91
-4002.5
-4189.2
-4189.21
-4189.21
1.903
-3918.09
-4109.24
-4189.21
-4189.21
1.962
-4036.84
-4155.18
-4189.31
-4189.31
2.023
-4189.52
-4189.52
-4189.52
-4189.52
2.039
-3731.03
-4052.78
-4086.91
-4189.52
2.006
-4189.1
-4189.1
-4189.1
-4189.1
1.952
-4155.17
-4189.41
-4189.41
-4189.41
1.894
-4036.63
-4154.97
-4189.21
-4189.2
1.921
-4154.88
-4189.21
-4189.21
-4189.21
1.903
-10626.6
-11178.7
-11591
-12038
5.733
-10908.2
-11214.3
-11534.9
-11916.3
5.764
-10613.1
-11217.7
-11420.2
-11737.5
5.623
-11365.6
-11634.7
-11896.6
-11975
5.753
-10280.4
-11198
-11578.3
-11860.5
5.803
-10836.5
-11004.5
-11397.6
-11607.2
5.712
-10892.4
-11236.3
-11415.7
-11660.6
5.835
-11075.3
-11452.2
-11645.2
-11610.4
5.633
-10898.4
-11591.4
-11779.8
-11916.7
5.806
-11062.9
-11830.2
-12022.8
-12255.6
5.56
-11008.7
-11404.9
-11508.9
-11615.6
5.757
-10897
-11463.3
-12002.3
-12160.4
5.751
-11549.8
-12014.1
-12176.2
-12221.8
5.554
-11034.5
-11597.5
-11822.7
-12059.8
5.768
-11707.7
-11810
-12130
-12121.5
5.732
-11490.7
-11568.7
-11802.1
-11914.2
5.78
-10860.6
-10986.8
-11066.9
-11552.3
5.637
-11698.3
-11939.9
-12044.9
-12098.8
5.758
-11347.4
-11655.1
-11865.9
-11938.1
5.845
-11104.7
-11576.3
-11817.6
-11893.6
5.647
-11443.3
-11567.3
-11620
-11634.8
5.673
-11317.9
-11473
-11455
-11778.3
5.842
-10378.4
-11229.9
-11592.5
-11879.6
5.714
-11120.5
-11566.9
-11849.4
-12152.7
5.741
-11550.9
-11964.4
-12270.8
-12259.7
5.854
-11292.8
-11382.2
-11731.7
-12235.2
5.842
-10499.6
-11195.4
-11601.4
-11866.8
5.74
-11448
-11738.3
-11966.7
-12136.7
5.574
-11047.8
-11327.9
-11453.5
-11534.4
5.705
-11286
-11460.2
-11443.9
-11515.1
5.716