-2094.81
-2094.81
-2094.81
-2094.81
2.569
-2094.6
-2094.71
-2094.7
-2094.71
2.501
-2094.81
-2094.81
-2094.81
-2094.81
2.559
-2094.81
-2094.81
-2094.81
-2094.81
2.366
-2094.6
-2094.6
-2094.6
-2094.6
2.225
-2094.7
-2094.71
-2094.71
-2094.71
2.552
-2094.48
-2094.5
-2094.5
-2094.5
2.526
-2094.69
-2094.71
-2094.71
-2094.71
2.594
-2094.7
-2094.71
-2094.71
-2094.71
2.402
-2060.57
-2094.71
-2094.71
-2094.71
2.656
-2094.71
-2094.71
-2094.71
-2094.71
2.639
-2060.57
-2094.71
-2094.71
-2094.71
2.278
-2094.6
-2094.6
-2094.6
-2094.6
2.61
-2094.6
-2094.6
-2094.6
-2094.6
2.348
-2094.71
-2094.71
-2094.71
-2094.71
2.41
-2094.7
-2094.7
-2094.71
-2094.7
2.347
-2094.81
-2094.81
-2094.81
-2094.81
2.631
-2094.7
-2094.71
-2094.71
-2094.71
2.508
-2094.81
-2094.81
-2094.81
-2094.81
1.976
-2094.91
-2094.91
-2094.91
-2094.91
2.466
-2094.81
-2094.81
-2094.81
-2094.81
2.069
-2094.7
-2094.7
-2094.7
-2094.7
2.499
-2094.7
-2094.81
-2094.81
-2094.81
2.271
-2094.71
-2094.71
-2094.71
-2094.71
2.62
-2094.71
-2094.71
-2094.71
-2094.71
2.401
-2094.71
-2094.71
-2094.71
-2094.71
2.617
-2094.5
-2094.5
-2094.5
-2094.5
2.509
-2094.81
-2094.81
-2094.81
-2094.81
2.386
-2094.7
-2094.7
-2094.7
-2094.7
2.47
-2094.81
-2094.81
-2094.81
-2094.81
2.434
-3915.49
-4070.58
-4189.05
-4189.04
5.274
-4184.84
-4189.21
-4189.24
-4189.4
5.278
-4070.19
-4188.12
-4188.5
-4188.57
4.527
-4120.26
-4154.9
-4189.19
-4189.31
4.688
-4151.71
-4189.38
-4189.31
-4189.34
4.879
-3993.19
-4154.84
-4154.82
-4188.79
5.133
-4188.99
-4189.6
-4189.58
-4189.61
4.76
-4154.72
-4188.97
-4189.14
-4189.09
4.559
-4189.03
-4189.04
-4189.11
-4188.98
4.536
-4189.54
-4189.72
-4189.73
-4189.76
4.622
-4036.27
-4187.88
-4188.99
-4188.98
4.519
-4154.93
-4162.18
-4189.34
-4189.3
4.517
-4154.14
-4189.22
-4189.25
-4189.07
5.09
-4035.81
-4183.38
-4189.14
-4189.15
4.609
-4154.7
-4189.35
-4189.39
-4189.37
4.918
-3821.76
-4154.46
-4189.01
-4189.15
5.073
-4126.05
-4188.45
-4188.98
-4188.86
5.077
-4050.37
-4086.21
-4155.01
-4155.03
4.689
-3884
-4120.65
-4127.88
-4189.24
4.871
-4086.28
-4120.33
-4188.74
-4189.01
4.961
-4127.87
-4189.02
-4188.98
-4189.23
4.549
-4188.92
-4189.16
-4189.23
-4189.13
4.844
-3892.08
-4154.75
-4189.02
-4189.04
5.312
-4155.03
-4189.49
-4189.49
-4189.47
5.387
-4121.57
-4189.14
-4189.25
-4189.1
4.494
-4154.63
-4188.78
-4188.82
-4188.75
5.103
-4144.47
-4154.28
-4188.38
-4188.46
5.388
-4118.12
-4154.97
-4189.19
-4189.42
5.097
-4119.7
-4155
-4189.4
-4189.29
4.506
-4118.35
-4179.36
-4188.92
-4189.01
4.761
-10581.1
-10686
-10718.1
-10756.7
15.392
-9377.97
-9545.64
-9687.5
-9575.88
14.846
-10019.6
-10465.3
-10706.4
-10772.4
14.2
-10432.5
-10408.6
-10793.6
-10749.5
14.468
-9977.41
-9937.37
-10017.4
-10122.1
14.379
-10368.4
-10434.2
-10411.1
-10577.1
14.515
-9786.45
-9799.62
-9785.72
-9807.81
14.557
-11080.1
-11008.2
-11074.1
-11162.1
15.476
-9819.7
-9903.77
-9921.62
-10012.1
14.831
-10731.6
-10811.8
-10813
-10931.7
15.015
-10526.9
-10525.2
-10489.5
-10518.4
14.552
-9669.24
-10154.8
-10269.6
-10273.9
14.311
-10101.2
-10476.5
-10481.8
-10465.6
14.87
-10851.5
-11121.5
-11139.7
-11155.7
14.814
-10236.9
-10222
-10231.8
-10190.5
14.385
-11268.3
-11232.8
-11278
-11341.1
14.844
-10470.9
-10634.8
-10609.2
-10690.7
14.85
-10161.2
-10336.9
-10426
-10323.9
14.861
-10403.9
-10495.5
-10568.4
-10853.6
14.907
-10082.8
-10471.5
-10451.8
-10837
15.464
-10349.6
-10523.7
-10503.1
-10699.9
14.805
-9971.29
-9967.24
-9897.45
-10293.3
15.325
-10476.4
-10471.1
-10600.6
-10566.3
15.448
-11114.1
-11134.9
-11189.6
-11197.7
14.053
-10292.6
-10324.5
-10329.8
-10352.9
14.798
-10460.4
-10543.7
-10544.6
-10689.2
14.542
-10507.9
-10667
-10796.9
-10852.4
14.587
-10081.1
-10101.1
-10227
-10297.6
14.766
-10054.3
-10172.2
-10180.6
-10452.4
14.554
-10330
-10629.6
-10736.2
-10713.4
15.507