-2094.71
-2094.7
-2094.7
-2094.71
12.63
-2094.7
-2094.7
-2094.71
-2094.7
12.222
-2094.81
-2094.81
-2094.81
-2094.81
13.047
-2094.59
-2094.7
-2094.7
-2094.7
12.244
-2094.81
-2094.81
-2094.81
-2094.81
12.919
-2094.49
-2094.5
-2094.49
-2094.49
13.029
-2094.6
-2094.6
-2094.6
-2094.6
13.564
-2094.6
-2094.6
-2094.6
-2094.6
12.391
-2094.91
-2094.91
-2094.91
-2094.91
13.185
-2094.71
-2094.71
-2094.71
-2094.71
12.922
-2094.81
-2094.81
-2094.81
-2094.81
13.22
-2094.6
-2094.6
-2094.6
-2094.6
13.463
-2094.81
-2094.81
-2094.81
-2094.81
13.02
-2094.71
-2094.7
-2094.7
-2094.7
12.868
-2094.49
-2094.49
-2094.5
-2094.49
11.688
-2094.81
-2094.81
-2094.81
-2094.81
12.999
-2094.81
-2094.81
-2094.81
-2094.81
13.392
-2094.81
-2094.81
-2094.91
-2094.91
12.644
-2094.71
-2094.71
-2094.71
-2094.71
12.559
-2094.6
-2094.71
-2094.71
-2094.71
12.926
-2094.71
-2094.7
-2094.7
-2094.71
12.679
-2094.7
-2094.71
-2094.71
-2094.7
13.031
-2094.7
-2094.7
-2094.81
-2094.81
12.65
-2094.6
-2094.6
-2094.6
-2094.6
12.977
-2094.81
-2094.81
-2094.81
-2094.81
12.561
-2094.7
-2094.7
-2094.71
-2094.7
13.113
-2094.81
-2094.81
-2094.81
-2094.81
12.149
-2094.6
-2094.6
-2094.6
-2094.6
11.751
-2094.7
-2094.7
-2094.7
-2094.7
12.725
-2094.81
-2094.81
-2094.81
-2094.81
13.089
-4188.99
-4188.75
-4189.25
-4189.14
26.034
-4188.93
-4188.99
-4188.36
-4188.47
25.216
-4188.06
-4188.27
-4188.3
-4187.82
25.372
-4188.51
-4188.76
-4188.7
-4188.76
26.015
-4189.41
-4189.31
-4189.48
-4189.31
25.725
-4188.96
-4189.03
-4189.22
-4189.06
24.47
-4188.64
-4189.21
-4189.19
-4189.27
24.113
-4188.86
-4188.5
-4188.23
-4188.81
24.623
-4187.89
-4188.5
-4188.12
-4187.36
25.615
-4188.76
-4188.77
-4188.38
-4188.62
24.682
-4188.53
-4189.18
-4189.09
-4188.38
25.231
-4187.1
-4187.5
-4187.69
-4187.54
26.015
-4188.55
-4188.5
-4189.06
-4188.46
26.175
-4188.65
-4188.5
-4188.91
-4188.7
24.787
-4188.51
-4188.42
-4188.34
-4188.83
22.004
-4188.42
-4188.12
-4188.36
-4188.28
25.317
-4188.43
-4188.42
-4188.14
-4187.77
21.959
-4188.33
-4188.38
-4187.93
-4188.44
24.095
-4188.84
-4188.88
-4189.11
-4188.96
25.221
-4187.89
-4188.11
-4187.74
-4187.36
26.208
-4187.57
-4187.46
-4187.64
-4187.9
23.99
-4188.05
-4187.37
-4187.37
-4187.91
25.538
-4188.12
-4188.35
-4188.42
-4188.26
24.712
-4188.03
-4187.05
-4188.48
-4188.31
22.982
-4187.93
-4187.41
-4187.9
-4188.08
22.978
-4187.93
-4187.17
-4187.84
-4188.18
24.836
-4188.13
-4188.45
-4188.19
-4188.83
24.357
-4188.85
-4188.61
-4188.99
-4189.07
24.772
-4188.3
-4188.72
-4188.07
-4188.03
21.866
-4188.38
-4188.79
-4188.84
-4188.31
25.2
-11274.8
-11511.8
-11750.1
-12123.4
72.291
-10769.7
-10871.1
-11541.1
-11746.5
71.25
-10783.2
-11135.9
-11268.6
-11332.1
74.77
-10796.9
-11109.1
-11189.5
-11760.9
73.721
-10721.4
-11596.9
-12008.2
-12030.6
75.424
-10274
-10653.3
-11223.2
-11546
69.6
-10530.7
-10837.2
-11312
-11467.4
74.059
-10450.1
-11011
-11139.4
-11705.2
75.25
-11159.7
-11583.4
-11608.9
-11856.2
74.854
-11207
-11515.4
-11605.3
-11756.7
74.458
-10847.9
-11569
-11833.4
-11919.9
69.673
-10407.6
-11087
-11669.1
-11766.2
75.623
-10890.3
-11325.5
-11816.5
-11943.3
74.822
-11373.9
-11436.5
-11798.5
-11854.7
75.998
-10242.7
-11051.4
-11672.9
-11752.9
74.807
-11214.3
-11258.8
-11436.9
-11391.8
73.746
-10622.1
-11553.6
-11558.3
-11706.2
75.393
-10789.5
-11195.6
-11217.1
-11270.3
74.005
-10330.6
-10540.6
-11010.9
-11091.7
71.263
-10847.5
-11192.2
-11651.3
-11797.7
74.691
-10553.2
-11150.7
-11579.8
-11981
75.011
-10844.4
-11195.8
-11463.4
-11601
74.376
-10630.3
-10753.8
-10991.2
-11196.9
75.18
-10496.8
-10823.1
-11196.6
-11617.8
74.229
-10936.2
-11265.8
-11626.4
-11959.5
75.446
-10842.6
-11299.1
-11611.3
-11779.1
75.954
-10331.2
-10524.5
-11035
-11075.1
69.777
-10922.2
-11322.9
-11584.3
-11759.4
71.527
-11070.8
-11377.9
-11410.7
-11545.7
73.643
-11169.5
-11274.4
-11738.8
-11955.4
72.418