-2060.68
-2094.91
-2094.91
-2094.91
1.137
-2026.34
-2094.6
-2094.6
-2094.6
1.275
-2094.39
-2094.39
-2094.39
-2094.39
1.303
-2060.58
-2094.81
-2094.81
-2094.81
1.139
-1976.48
-2094.81
-2094.81
-2094.81
1.287
-2094.5
-2094.5
-2094.5
-2094.5
1.285
-2060.47
-2094.6
-2094.6
-2094.6
1.313
-2094.8
-2094.81
-2094.81
-2094.81
1.269
-2094.6
-2094.6
-2094.6
-2094.6
1.273
-2094.6
-2094.6
-2094.6
-2094.6
1.262
-2060.3
-2094.6
-2094.6
-2094.6
1.29
-1976.37
-2094.81
-2094.81
-2094.81
1.232
-2094.71
-2094.71
-2094.71
-2094.71
1.347
-2059.18
-2094.5
-2094.5
-2094.5
1.258
-2094.6
-2094.6
-2094.6
-2094.6
1.212
-2060.26
-2094.39
-2094.39
-2094.39
1.317
-2094.71
-2094.71
-2094.71
-2094.71
1.198
-2036.51
-2094.6
-2094.6
-2094.6
1.203
-2094.81
-2094.81
-2094.81
-2094.81
1.255
-2026.33
-2094.71
-2094.71
-2094.71
1.243
-2094.71
-2094.71
-2094.71
-2094.71
1.135
-2094.35
-2094.5
-2094.5
-2094.5
1.16
-2094.5
-2094.5
-2094.5
-2094.5
1.142
-2094.15
-2094.6
-2094.6
-2094.6
1.164
-2094.81
-2094.81
-2094.81
-2094.81
1.258
-2094.6
-2094.6
-2094.6
-2094.6
1.235
-2094.6
-2094.6
-2094.6
-2094.6
1.223
-2094.5
-2094.5
-2094.5
-2094.5
1.264
-2094.81
-2094.81
-2094.81
-2094.81
1.213
-2094.71
-2094.71
-2094.71
-2094.71
1.109
-4155.08
-4189.4
-4189.48
-4189.41
2.508
-4126.72
-4154.97
-4189.13
-4189
2.497
-3713.82
-4119.82
-4189.5
-4189.41
2.396
-3967.53
-4119.48
-4154.32
-4189.09
2.307
-3949.06
-4154.62
-4188.6
-4188.6
2.635
-3928.42
-4086.19
-4120.19
-4188.82
2.243
-4154.19
-4154.64
-4188.88
-4189.25
2.379
-4070.81
-4071.18
-4071.13
-4189.55
2.516
-3913.6
-4031.01
-4120.37
-4120.35
2.391
-4118.95
-4188.96
-4188.94
-4188.81
2.117
-3932.11
-4153.74
-4154.37
-4188.86
2.493
-4036.09
-4188.64
-4188.47
-4188.87
2.49
-4113.6
-4120.5
-4187.29
-4189.17
2.504
-4154.34
-4188.73
-4188.84
-4188.96
2.521
-4069.75
-4188.78
-4189.06
-4188.94
2.223
-3984.36
-4153.64
-4154.38
-4188.35
2.61
-3951.76
-4035.84
-4119.94
-4188.63
2.52
-4056.26
-4189.4
-4189.47
-4189.55
2.499
-4084.51
-4161.76
-4189.35
-4189.27
2.526
-3920.77
-4134.57
-4189.41
-4189.31
2.375
-4036.48
-4070.86
-4155.03
-4189.31
2.362
-4154.06
-4155.02
-4155.02
-4154.98
2.401
-3999.25
-4151.2
-4188.08
-4188.77
2.553
-4057.26
-4188.48
-4188.77
-4188.45
2.583
-4030.84
-4071
-4189.42
-4189.42
2.614
-4085.71
-4154.88
-4154.78
-4188.72
2.466
-4081.9
-4128.79
-4188.82
-4188.75
2.561
-4066.72
-4070.95
-4155.04
-4189.31
2.392
-3795.92
-4118.41
-4188.8
-4189.21
2.522
-3993.7
-4120
-4120.84
-4189.51
2.474
-10339.4
-10619.6
-10697.5
-10730
7.523
-9511.76
-9716.03
-9829.24
-9984.33
7.564
-9534.71
-9644.06
-10049.9
-10175.1
7.171
-9890.07
-10338.8
-10356.3
-10375.5
7.587
-10322
-10905.2
-10896.2
-10949.3
7.595
-9923.56
-10104.9
-10161.1
-10191.9
7.566
-10506.4
-10915.3
-11123.9
-11157.9
7.008
-10002
-9925.43
-10059.9
-10083.4
7.325
-10329.5
-10475.1
-10566.7
-10576
7.352
-10077
-10146.6
-10382.2
-10632.1
7.564
-9828.84
-9845.84
-9779.06
-9839.95
6.952
-9119.84
-9265.77
-9932.94
-10594.8
7.519
-11048
-11193.6
-11242.3
-11227.8
7.592
-10796.2
-10837.2
-10876.9
-11204.4
7.524
-9834.75
-9824.94
-10177.7
-10152.3
7.316
-10726.9
-10810.2
-10798.7
-10900.3
7.566
-9461.26
-9654.03
-10040.5
-10246.4
7.405
-9367.38
-9467.03
-10037.1
-9839.34
7.087
-9853.88
-9914.45
-9941.98
-10672.8
7.578
-9247.39
-9289.96
-9292.31
-9521.37
7.196
-10109.1
-10191.8
-10388.3
-10629.7
7.521
-10183.1
-10671.6
-10768.4
-10694.8
7.459
-10245
-10318.9
-10337
-10503.6
7.064
-10266.8
-10505.7
-10923.4
-10826.8
7.565
-10408.1
-10526.5
-10539
-10670.3
7.32
-9174.73
-9343.21
-9389.2
-9838.02
7.089
-11210.2
-11292.6
-11350.9
-11687.2
7.476
-10504.1
-10702
-11018.3
-10998.9
7.531
-9739.77
-9878.76
-9957.1
-10061.6
7.339
-9649.27
-9718.36
-10128.7
-10111
7.595