-2094.81
-2094.81
-2094.81
-2094.81
24.556
-2094.6
-2094.6
-2094.6
-2094.6
25.504
-2094.91
-2094.91
-2094.91
-2094.91
25.53
-2094.5
-2094.6
-2094.6
-2094.71
26.086
-2094.71
-2094.71
-2094.71
-2094.71
24.531
-2094.81
-2094.81
-2094.81
-2094.81
25.084
-2094.6
-2094.6
-2094.6
-2094.6
25.503
-2094.6
-2094.6
-2094.6
-2094.71
25.687
-2094.71
-2094.71
-2094.71
-2094.71
25.109
-2094.71
-2094.71
-2094.71
-2094.81
25.303
-2094.6
-2094.6
-2094.6
-2094.6
25.32
-2094.91
-2094.91
-2094.91
-2094.91
25.537
-2094.81
-2094.81
-2094.91
-2094.91
24.918
-2094.81
-2094.81
-2094.81
-2094.81
23.044
-2094.81
-2094.91
-2094.91
-2094.91
25.333
-2094.81
-2094.81
-2094.81
-2094.81
25.48
-2094.6
-2094.6
-2094.71
-2094.71
24.968
-2094.71
-2094.81
-2094.81
-2094.81
25.627
-2094.71
-2094.71
-2094.71
-2094.71
25.749
-2094.71
-2094.71
-2094.71
-2094.71
25.949
-2094.6
-2094.71
-2094.71
-2094.71
24.298
-2094.81
-2094.81
-2094.81
-2094.81
25.541
-2094.71
-2094.71
-2094.71
-2094.71
25.901
-2094.71
-2094.71
-2094.71
-2094.71
23.344
-2094.81
-2094.81
-2094.81
-2094.81
25.298
-2094.91
-2094.91
-2094.91
-2094.91
25.978
-2094.71
-2094.71
-2094.71
-2094.81
26.014
-2094.71
-2094.71
-2094.71
-2094.71
25.153
-2094.5
-2094.5
-2094.5
-2094.5
25.983
-2094.71
-2094.71
-2094.71
-2094.71
25.387
-4189.32
-4189.34
-4189.32
-4189.31
50.649
-4189.68
-4189.69
-4189.69
-4189.66
49.23
-4189.47
-4189.46
-4189.48
-4189.46
50.676
-4188.84
-4188.78
-4188.83
-4188.8
50.834
-4189.33
-4189.33
-4189.33
-4189.33
49.856
-4189.17
-4189.18
-4189.21
-4189.16
49.925
-4189.45
-4189.45
-4189.47
-4189.46
50.804
-4189.2
-4189.23
-4189.19
-4189.16
50.44
-4189.11
-4189.13
-4189.08
-4189.07
51.077
-4188.86
-4188.97
-4188.96
-4188.92
50.723
-4189.04
-4189.06
-4189.11
-4189.02
50.283
-4189.31
-4189.3
-4189.33
-4189.36
50.417
-4189.4
-4189.43
-4189.59
-4189.56
49.964
-4189.1
-4189.09
-4189.06
-4189.09
51.148
-4189.47
-4189.47
-4189.44
-4189.45
50.867
-4188.94
-4188.87
-4188.95
-4188.95
49.616
-4189.33
-4189.36
-4189.3
-4189.29
50.552
-4189.12
-4189.06
-4189.06
-4189.06
49.866
-4189.41
-4189.42
-4189.43
-4189.46
51.019
-4189.45
-4189.44
-4189.42
-4189.48
51.133
-4189.36
-4189.34
-4189.39
-4189.32
50.453
-4189.45
-4189.44
-4189.41
-4189.47
50.067
-4189.43
-4189.47
-4189.46
-4189.43
50.536
-4189.1
-4189.06
-4189.1
-4189.09
47.267
-4189.34
-4189.34
-4189.34
-4189.32
49.884
-4189.2
-4189.2
-4189.22
-4189.17
49.788
-4189.23
-4189.16
-4189.21
-4189.19
50.632
-4189.21
-4189.22
-4189.18
-4189.17
49.799
-4189.33
-4189.32
-4189.35
-4189.35
49.057
-4189.23
-4189.19
-4189.18
-4189.19
47.374
-11343.5
-11508.6
-11581.1
-11725.9
151.036
-11519.8
-11993.7
-12186
-12193.4
152.298
-11391.9
-11674.5
-12072
-12231.5
150.99
-11632.7
-11859.5
-12305.3
-12247.2
147.82
-11385.1
-11559.9
-11799.1
-11911.6
151.921
-11449.2
-11711.1
-11866.2
-11855.1
148.892
-11284.3
-11436.3
-11693.2
-11700.2
149.161
-12024.4
-12041.1
-12044.9
-12106.4
152.76
-11318.8
-11676.1
-11950.4
-12107
153.153
-11723.5
-12024
-12111.7
-12396.2
152.951
-11191.8
-11649.6
-12095
-12148.2
150.332
-11409.2
-11655.5
-11855.7
-12340.4
152.215
-11042.2
-11289.2
-11786.6
-11906.3
150.014
-11085.8
-11533.4
-12181.1
-12271.5
149.136
-11307
-11559.8
-11607.1
-11872.4
152.956
-11351.9
-11490.9
-12041.4
-12201.5
154.086
-10792.6
-10800
-11450.2
-12156
151.756
-11339.8
-12092.5
-12158.2
-12423.6
152.072
-11113.7
-11432.1
-11843.2
-11878
154.058
-11331.1
-11771.1
-11925.1
-12051.8
152.928
-11893.8
-12025.5
-12026.4
-12263.7
151.085
-11263.6
-11435.1
-11757.1
-11814.3
149.867
-10859.7
-11523.4
-11988
-11982.5
153.035
-11152.5
-11640.2
-11866.4
-12161.1
151.794
-11674.4
-11843
-12126.2
-12342
153.099
-11333.9
-11593.3
-12241.6
-12461
151.782
-11390.2
-11719.6
-11874.5
-12002.2
152.564
-11191.6
-11898.8
-11973.4
-12298
150.795
-11259.9
-11653.7
-11908.3
-12053.9
152.456
-10900.6
-11613.9
-11840.6
-12072.5
151.61