-2094.5
-2094.5
-2094.5
-2094.5
10.405
-2094.5
-2094.5
-2094.5
-2094.5
10.505
-2094.6
-2094.6
-2094.6
-2094.6
9.804
-2094.6
-2094.6
-2094.6
-2094.6
10.431
-2094.6
-2094.6
-2094.6
-2094.6
10.369
-2094.6
-2094.6
-2094.6
-2094.6
9.735
-2094.5
-2094.5
-2094.5
-2094.5
10.405
-2094.6
-2094.6
-2094.6
-2094.6
10.485
-2094.5
-2094.5
-2094.5
-2094.5
9.776
-2094.71
-2094.71
-2094.71
-2094.71
10.329
-2094.71
-2094.71
-2094.71
-2094.71
10.528
-2094.6
-2094.6
-2094.6
-2094.6
10.325
-2094.81
-2094.81
-2094.81
-2094.81
10.37
-2094.71
-2094.71
-2094.71
-2094.71
10.464
-2094.81
-2094.81
-2094.81
-2094.81
10.432
-2094.6
-2094.6
-2094.6
-2094.6
10.489
-2094.6
-2094.6
-2094.6
-2094.6
10.424
-2094.6
-2094.6
-2094.6
-2094.6
10.368
-2094.6
-2094.6
-2094.6
-2094.6
10.709
-2094.71
-2094.71
-2094.71
-2094.71
10.75
-2094.71
-2094.71
-2094.71
-2094.71
10.377
-2094.6
-2094.6
-2094.6
-2094.6
10.64
-2094.6
-2094.6
-2094.6
-2094.6
10.326
-2094.6
-2094.6
-2094.6
-2094.6
9.836
-2094.81
-2094.81
-2094.81
-2094.81
9.809
-2094.71
-2094.71
-2094.71
-2094.71
9.708
-2094.71
-2094.71
-2094.71
-2094.71
10.472
-2094.71
-2094.71
-2094.71
-2094.71
10.476
-2094.6
-2094.6
-2094.6
-2094.6
10.442
-2094.6
-2094.6
-2094.6
-2094.6
10.2
-4189
-4189
-4189
-4189
19.924
-4189
-4189
-4188.99
-4189
19.841
-4189.41
-4189.41
-4189.41
-4189.41
19.891
-4189
-4189
-4189
-4189
19.885
-4189.52
-4189.52
-4189.52
-4189.52
19.714
-4189.1
-4189.1
-4189.1
-4189.1
19.071
-4189.1
-4189.1
-4189.1
-4189.1
19.825
-4189.52
-4189.52
-4189.52
-4189.52
18.872
-4189.2
-4189.21
-4189.2
-4189.2
19.831
-4189.21
-4189.21
-4189.21
-4189.21
19.857
-4189
-4189
-4189
-4189
19.846
-4189.62
-4189.62
-4189.62
-4189.62
19.766
-4189.21
-4189.21
-4189.21
-4189.2
19.766
-4189.31
-4189.31
-4189.31
-4189.31
19.77
-4189.52
-4189.52
-4189.52
-4189.52
19.109
-4189.2
-4189.2
-4189.2
-4189.2
19.867
-4189.2
-4189.2
-4189.21
-4189.2
19.997
-4189
-4188.99
-4188.99
-4188.99
19.947
-4189.52
-4189.52
-4189.52
-4189.52
19.991
-4189.31
-4189.31
-4189.31
-4189.31
19.802
-4189.31
-4189.31
-4189.31
-4189.31
19.856
-4189.31
-4189.31
-4189.31
-4189.31
19.8
-4189.52
-4189.52
-4189.52
-4189.52
19.883
-4189.31
-4189.31
-4189.31
-4189.31
19.921
-4189.31
-4189.31
-4189.31
-4189.31
20.031
-4188.89
-4188.89
-4188.89
-4188.89
19.015
-4189.2
-4189.2
-4189.2
-4189.2
19.715
-4188.99
-4189
-4189
-4189
19.928
-4189.52
-4189.52
-4189.52
-4189.52
19.86
-4189.41
-4189.41
-4189.41
-4189.41
19.933
-12323.7
-12470.5
-12458
-12464.2
57.821
-12399.3
-12405.2
-12456.2
-12385.6
57.226
-12338.8
-12466.3
-12472
-12505.5
57.869
-12138.9
-12459.2
-12457.7
-12470.3
57.39
-12301.8
-12468.8
-12466.6
-12506.6
57.697
-12480.6
-12467.5
-12457.8
-12432.8
57.867
-12289.5
-12433.8
-12407.9
-12418.2
57.99
-12263.8
-12422.3
-12440.8
-12480.4
57.013
-12422.7
-12434.2
-12483.1
-12407.6
57.434
-12292.9
-12460.1
-12468.8
-12398.4
56.632
-12275.9
-12383.1
-12434
-12402.9
57.402
-12210.8
-12379.7
-12417.4
-12448.1
57.743
-12325.7
-12451.1
-12441.7
-12457.7
56.498
-12417.2
-12448.6
-12449.7
-12455.7
57.747
-12287.1
-12413.1
-12406.6
-12400.1
57.963
-12277.8
-12420.8
-12463.6
-12459.3
56.957
-12279.4
-12442
-12465.1
-12403.4
57.263
-12439.5
-12428.5
-12429.3
-12477.5
56.832
-12316.2
-12424.5
-12426.7
-12465.2
57.129
-12367.7
-12379.6
-12438.1
-12470.9
57.896
-12192.5
-12444.6
-12450.7
-12506.3
57.841
-12456.6
-12472.6
-12402.3
-12436.7
57.683
-12471
-12450.7
-12479
-12434.6
57.341
-12282.1
-12471
-12373.4
-12446.4
57.522
-12250.3
-12332.1
-12411.6
-12438.5
57.636
-12121.3
-12455
-12469.4
-12438
57.798
-12244.7
-12366.5
-12468.3
-12469.5
57.619
-12237.5
-12451.2
-12427.2
-12445.8
56.644
-12330.3
-12395.7
-12458.6
-12468.4
57.331
-12279.3
-12418.4
-12494.5
-12471.7
57.971