-2094.6
-2094.6
-2094.6
-2094.6
9.801
-2094.6
-2094.6
-2094.6
-2094.6
9.841
-2094.6
-2094.6
-2094.6
-2094.6
9.766
-2094.81
-2094.81
-2094.81
-2094.81
9.835
-2094.5
-2094.5
-2094.5
-2094.5
9.069
-2094.6
-2094.6
-2094.6
-2094.6
10.039
-2094.7
-2094.7
-2094.71
-2094.71
10.102
-2094.7
-2094.7
-2094.7
-2094.7
9.674
-2094.6
-2094.6
-2094.6
-2094.6
9.86
-2094.7
-2094.71
-2094.71
-2094.71
9.076
-2094.7
-2094.71
-2094.71
-2094.71
9.778
-2094.81
-2094.81
-2094.81
-2094.81
9.814
-2094.6
-2094.6
-2094.6
-2094.6
9.852
-2094.5
-2094.49
-2094.49
-2094.49
9.754
-2094.81
-2094.81
-2094.81
-2094.81
9.131
-2094.71
-2094.71
-2094.71
-2094.7
10.082
-2094.6
-2094.6
-2094.6
-2094.6
9.906
-2094.7
-2094.71
-2094.71
-2094.71
9.769
-2094.6
-2094.6
-2094.6
-2094.6
9.815
-2094.7
-2094.71
-2094.71
-2094.71
9.905
-2094.7
-2094.71
-2094.71
-2094.7
9.696
-2094.7
-2094.71
-2094.71
-2094.71
9.09
-2094.71
-2094.71
-2094.71
-2094.71
9.802
-2094.7
-2094.71
-2094.7
-2094.71
9.766
-2094.5
-2094.49
-2094.49
-2094.5
9.79
-2094.39
-2094.38
-2094.39
-2094.37
9.82
-2094.81
-2094.81
-2094.81
-2094.81
9.033
-2094.81
-2094.81
-2094.81
-2094.81
8.868
-2094.81
-2094.81
-2094.81
-2094.81
9.853
-2094.91
-2094.91
-2094.91
-2094.91
9.815
-4179.54
-4186.25
-4186.46
-4187.08
19.213
-4182.46
-4186.58
-4188.44
-4186.35
19.188
-4185.83
-4184.02
-4186.5
-4185.01
19.317
-4187.68
-4186.24
-4187.63
-4187.38
19.168
-4183.81
-4185.39
-4183.28
-4186.56
19.22
-4184.76
-4187.66
-4183.49
-4183.09
19.081
-4185.77
-4181.9
-4185.45
-4184.96
19.151
-4187.18
-4188.22
-4180.49
-4187.48
19.265
-4183.41
-4185.38
-4188.18
-4177.3
19.045
-4184.72
-4187
-4187.86
-4185.97
19.208
-4184.54
-4183.97
-4181.79
-4182.09
19.206
-4178.78
-4186.85
-4184.79
-4184.17
19.203
-4187.81
-4182.89
-4183.38
-4184.21
19.222
-4184.88
-4183.34
-4184.45
-4180.75
19.512
-4185.42
-4186.33
-4180.47
-4187.15
19.255
-4184.11
-4184.62
-4184.94
-4180.7
19.124
-4186.58
-4183.9
-4187.66
-4182.8
19.085
-4186.27
-4187.15
-4187.05
-4185.73
19.271
-4185.57
-4180.4
-4187.22
-4186.37
19.244
-4187.17
-4185.39
-4184.32
-4182.14
18.316
-4185.05
-4185.5
-4186.29
-4185.24
19.204
-4187.72
-4182.39
-4187.39
-4184.34
19.081
-4188.08
-4177.6
-4187.32
-4187.68
19.262
-4188.45
-4186.8
-4183.55
-4182.32
19.208
-4184.35
-4179.28
-4186.31
-4181.07
19.248
-4182.26
-4186.31
-4183.57
-4186.59
18.377
-4181.66
-4187.06
-4188.05
-4183
19.191
-4185.69
-4187.85
-4185.92
-4185.94
19.237
-4181.21
-4186.73
-4185.96
-4177.16
19.278
-4184.3
-4185.02
-4183.83
-4184.62
19.102
-10320.9
-10249.6
-10542.8
-10121.4
56.943
-10223
-9998.91
-10541.3
-10017.5
57.53
-9679.51
-10622.1
-9667.64
-10057.9
56.855
-10340
-9615.37
-9382.43
-10510.6
57.46
-9957.24
-9718.5
-10431.7
-9861.48
56.879
-9792.57
-9970.75
-10170.8
-9802.37
57.274
-9635.2
-10324.3
-10433.2
-9763.65
57.427
-10042.9
-10231.2
-9982.73
-10212.6
57.551
-9881.82
-10103.9
-9878.58
-10207.8
57.606
-10280.8
-10379.3
-9710.38
-9774.89
56.885
-10082.7
-10088
-9636.9
-10875.4
57.006
-9624.42
-10417
-9809.31
-9149.34
57.462
-9661.72
-10188.9
-9776.74
-10021.6
56.402
-10299.7
-10190
-9577.86
-9821.56
56.478
-10125.1
-9963.62
-10432.7
-9810.55
56.997
-10150.2
-10257.9
-10177.6
-9647.74
56.874
-10413.3
-10051.6
-9897.01
-10054.1
57.429
-10350
-9913.13
-9379.63
-9860.24
55.921
-10210.5
-10039.6
-9877.8
-9566.38
56.697
-9859.41
-9670.86
-9487.41
-10551.4
56.955
-10851.4
-10369.2
-10094.1
-10050.8
57.405
-10475.2
-9539.87
-10353.1
-10539.1
57.512
-9861.97
-10260
-10169.2
-10107.6
56.399
-10341.9
-9963.15
-10006
-10284.9
56.492
-10256.2
-10016.4
-9957.7
-9675.91
57.498
-9777.14
-9843.41
-9814.33
-9616.4
56.822
-9907.56
-9915.95
-9830.92
-10653.9
56.49
-9747.79
-10046.3
-10338.1
-11042.2
57.48
-10357.8
-9807
-10295.6
-10240.6
57.329
-9567.87
-10277.9
-9955.84
-9988.14
57.274