-2094.59
-2094.59
-2094.59
-2094.6
9.852
-2094.47
-2094.46
-2094.47
-2094.48
9.807
-2094.45
-2094.47
-2094.41
-2094.44
9.773
-2094.91
-2094.91
-2094.91
-2094.91
9.848
-2094.7
-2094.69
-2094.66
-2094.68
9.826
-2094.8
-2094.8
-2094.8
-2094.79
9.87
-2094.39
-2094.45
-2094.48
-2094.4
9.062
-2094.57
-2094.59
-2094.58
-2094.59
9.851
-2094.58
-2094.51
-2094.56
-2094.57
9.856
-2094.79
-2094.81
-2094.79
-2094.91
9.052
-2094.69
-2094.69
-2094.66
-2094.69
9.909
-2094.46
-2094.49
-2094.46
-2094.49
9.83
-2094.59
-2094.57
-2094.69
-2094.69
9.024
-2094.8
-2094.8
-2094.79
-2094.8
9.921
-2094.58
-2094.58
-2094.56
-2094.49
9.833
-2094.79
-2094.81
-2094.8
-2094.8
9.808
-2094.91
-2094.91
-2094.91
-2094.91
9.657
-2094.69
-2094.68
-2094.7
-2094.68
9.667
-2094.46
-2094.46
-2094.46
-2094.49
9.855
-2094.91
-2094.91
-2094.91
-2094.91
9.852
-2094.52
-2094.56
-2094.56
-2094.56
9.86
-2094.58
-2094.56
-2094.56
-2094.57
9.839
-2094.59
-2094.57
-2094.57
-2094.59
9.785
-2094.78
-2094.8
-2094.8
-2094.81
9.842
-2094.69
-2094.7
-2094.68
-2094.69
9.06
-2094.8
-2094.8
-2094.79
-2094.81
9.907
-2094.37
-2094.33
-2094.43
-2094.45
9.872
-2094.46
-2094.47
-2094.47
-2094.46
9.813
-2094.57
-2094.57
-2094.57
-2094.59
9.817
-2094.67
-2094.68
-2094.68
-2094.7
9.793
-4175.23
-4172.55
-4157.56
-4179.5
19.311
-4168.35
-4151.79
-4152.74
-4168.03
19.365
-4164.06
-4172.93
-4169.26
-4142.39
19.179
-4148.57
-4176.13
-4168.34
-4161.5
19.253
-4179.76
-4177.75
-4167.43
-4171.52
19.296
-4174.64
-4164.13
-4164.86
-4168.41
19.35
-4162.99
-4164.62
-4179.61
-4174.93
19.249
-4163.38
-4177.43
-4168.1
-4163.74
19.366
-4178.8
-4158.29
-4166
-4146.25
19.209
-4164.62
-4161.84
-4173.73
-4172.02
19.249
-4158.13
-4177.27
-4171.42
-4166.62
19.275
-4177.28
-4170.92
-4166.72
-4167.18
19.048
-4170.2
-4165.79
-4171.1
-4183.28
19.318
-4158.46
-4158.21
-4161.77
-4172.76
18.388
-4162.56
-4168.4
-4158.24
-4174.32
19.195
-4171.76
-4177.25
-4169.74
-4172.45
19.35
-4171.27
-4175.72
-4162.73
-4174.73
19.286
-4170.18
-4160.21
-4176.66
-4162.6
19.322
-4172.96
-4173.74
-4157.49
-4168.58
19.129
-4176.56
-4169.09
-4164.7
-4170.79
19.35
-4173.6
-4171.98
-4172.34
-4177.72
19.199
-4175.82
-4180.59
-4173.51
-4171.94
19.358
-4172.65
-4170.83
-4167.27
-4176.63
19.365
-4158.53
-4174.62
-4169.26
-4172.89
19.294
-4155.77
-4174.23
-4179.03
-4175.85
19.305
-4177.48
-4168.37
-4145.29
-4157.61
19.267
-4167.44
-4167.03
-4178.75
-4174.19
18.428
-4165.88
-4169
-4173.04
-4167.91
19.381
-4163.68
-4178.04
-4167.54
-4164.27
19.34
-4168.35
-4161.11
-4169.67
-4173.96
19.258
-8852.09
-8418.07
-9931.91
-9371.49
57.23
-9457.04
-9648.18
-9514.37
-9082.7
57.281
-10044.1
-9365.26
-9135.31
-9137.96
57.239
-9484.51
-8793.55
-9364.27
-9044.56
57.12
-9860.23
-9517.02
-8583.27
-9395.56
57.187
-9999.44
-9342.37
-9391.33
-8834.29
57.262
-9434.82
-8952.33
-9218.34
-9034.49
57.079
-9812.76
-9414.23
-9874.69
-9687.16
57.199
-9442.36
-9911.04
-9106.55
-9542.31
57.104
-9254.49
-8848.12
-9498.65
-9826.09
56.254
-9227.53
-8799.67
-8876.59
-9613.69
57.232
-10122.7
-9113.56
-9579.87
-9495.95
57.273
-10027.5
-9213.28
-8943.52
-9134.88
57.079
-8773.1
-9140.85
-9356.6
-10289.6
56.318
-9449.28
-8920.94
-9107.01
-9330
57
-9019.71
-9977.79
-9724.28
-8939.08
56.991
-9516.04
-8767.89
-9439.7
-9308.75
57.394
-9236.93
-9278.17
-9309.3
-9532.39
57.397
-9722
-8842.78
-9211.16
-9107.62
57.5
-9177.41
-9615.82
-9607.93
-9601.17
57.137
-10068.8
-8765.24
-9666.16
-9324.67
57.361
-9376.82
-8748.49
-8962.83
-9769.25
57.03
-9478.49
-9530.76
-9475.97
-9354.59
57.019
-8928.67
-9628.48
-9136.44
-9608.24
57.382
-9966.16
-9789.4
-9539.16
-9436.09
57.254
-9684.72
-8982.71
-9893.64
-9325.27
57.25
-9111.69
-9350.35
-9435.91
-9661.94
56.849
-9886.94
-9221.47
-9324.36
-9524.84
57.083
-9112.87
-9579.96
-9130.35
-8976.2
57.071
-9224.55
-9523.11
-9430.35
-9215.8
57.31