-2094.56
-2094.58
-2094.6
-2094.6
1.979
-2094.81
-2094.81
-2094.81
-2094.81
1.977
-2094.91
-2094.91
-2094.91
-2094.91
1.886
-2094.69
-2094.7
-2094.7
-2094.7
1.966
-2094.91
-2094.91
-2094.91
-2094.91
1.978
-2094.64
-2094.7
-2094.7
-2094.7
1.96
-2094.45
-2094.46
-2094.46
-2094.47
1.998
-2094.91
-2094.91
-2094.91
-2094.91
1.957
-2094.46
-2094.48
-2094.48
-2094.46
1.935
-2094.69
-2094.7
-2094.7
-2094.7
1.873
-2094.58
-2094.59
-2094.57
-2094.59
1.951
-2094.7
-2094.68
-2094.7
-2094.7
1.945
-2094.7
-2094.69
-2094.69
-2094.71
1.975
-2094.69
-2094.69
-2094.7
-2094.7
1.973
-2094.69
-2094.69
-2094.7
-2094.7
1.935
-2094.81
-2094.8
-2094.81
-2094.81
1.978
-2094.8
-2094.81
-2094.8
-2094.79
1.966
-2094.7
-2094.7
-2094.7
-2094.7
1.941
-2051.05
-2094.59
-2094.59
-2094.59
1.945
-2094.91
-2094.91
-2094.91
-2094.91
1.931
-2094.91
-2094.91
-2094.91
-2094.91
1.861
-2094.91
-2094.91
-2094.91
-2094.91
1.857
-2094.7
-2094.7
-2094.7
-2094.7
1.931
-2060.33
-2094.47
-2094.49
-2094.47
1.973
-2094.91
-2094.91
-2094.91
-2094.91
1.931
-2094.8
-2094.81
-2094.81
-2094.8
1.959
-2094.91
-2094.91
-2094.91
-2094.91
1.981
-2094.91
-2094.91
-2094.91
-2094.91
1.972
-2094.7
-2094.7
-2094.69
-2094.7
1.986
-2094.79
-2094.79
-2094.8
-2094.8
1.92
-4136.94
-4167.33
-4173.33
-4176.98
3.675
-4177
-4165.71
-4166.29
-4173.93
3.634
-4136.59
-4158.89
-4174.88
-4178.91
3.819
-4167.04
-4176.9
-4181.91
-4171.96
3.865
-4042.74
-4180.18
-4182.05
-4169.45
3.661
-4132.79
-4177.16
-4175.64
-4177.65
3.781
-3930.7
-4046.71
-4169.84
-4178.78
3.878
-4056.52
-4124.65
-4130.34
-4169.52
3.846
-4132.75
-4182.14
-4178.92
-4177.26
3.65
-4178.73
-4172.77
-4156.78
-4171.34
3.8
-4140.81
-4177.44
-4171.04
-4176.25
3.764
-4149.17
-4185.04
-4173.38
-4157.93
3.651
-4176.07
-4173.55
-4172.47
-4177.73
3.688
-4180.18
-4166.5
-4172.19
-4161.44
3.807
-4177
-4183.26
-4179.2
-4174.36
3.879
-4181.29
-4177.63
-4182.38
-4173.76
3.718
-4144.9
-4181.51
-4175.1
-4177.24
3.808
-4171.66
-4179.22
-4169.77
-4184.86
3.755
-4174.63
-4178.94
-4182.11
-4179.23
3.853
-4166.25
-4180.17
-4179.09
-4174.5
3.842
-4177.65
-4174.56
-4166.76
-4169.95
3.885
-4058.22
-4062
-4170.46
-4163.49
3.873
-4178.29
-4165.74
-4176.59
-4148.65
3.843
-3914.6
-4170.7
-4170.3
-4174.51
3.821
-4086.18
-4172.5
-4179.1
-4166.34
3.732
-4167.16
-4180.09
-4178.63
-4181.72
3.798
-4016.42
-4064.43
-4185.09
-4182.79
3.88
-4182.12
-4174.27
-4178.1
-4179.08
3.858
-4012.87
-4176.75
-4178.64
-4169.52
3.864
-4100.21
-4143.81
-4163.03
-4175.16
3.856
-9679.06
-9933.49
-9676.3
-9695.71
11.344
-9680.91
-9795.63
-9789.18
-9346.78
11.374
-10503.5
-9733.28
-10240.3
-9909.86
11.441
-10026.9
-9993.81
-10020.9
-9730.73
11.209
-10183.2
-9587.31
-10099.6
-10452.8
11.505
-10613
-9978.47
-9715.72
-9462.89
11.34
-9743.73
-9555.96
-9825.43
-10202.9
11.511
-9593.92
-9923.6
-10515.9
-10060.7
11.53
-9803.73
-10079.7
-10370.2
-9914.11
11.405
-9567.2
-9539.84
-9784.68
-10074.3
11.391
-9762.78
-10344.7
-9574.27
-9989.55
11.436
-9649.39
-9718.03
-9595.68
-10033.7
11.26
-9818.98
-10275.3
-9376.14
-10058.1
11.483
-9752.61
-10206.6
-9858.38
-9817.56
11.41
-9376.24
-10275.2
-10156.8
-9774.58
11.26
-10056.2
-9575.3
-9652.81
-9658.19
11.274
-9308.35
-10009.2
-10316.7
-9651.32
11.372
-9255.25
-9922.97
-10467.6
-9894.75
11.47
-10193.8
-9989.62
-10436.4
-10280.5
11.43
-10051.3
-10118.7
-9765.19
-9830.68
11.418
-9578.65
-9975.74
-10210.7
-10148.5
11.471
-10201.2
-9938.35
-9976.22
-9348.02
11.173
-10143.1
-9828.62
-10105.6
-9897.39
11.28
-9481.33
-10831.9
-9968.03
-9952.31
11.27
-9817.35
-9497.33
-9564.98
-10075.6
11.474
-9533.08
-9725.03
-10373
-9544.2
11.41
-9121.79
-9285.21
-9237.23
-10300.4
11.451
-9577.52
-9899.63
-10581.3
-9233.94
11.23
-9419.35
-10023.3
-9743.5
-9465.45
11.473
-10398.7
-9063.7
-10498
-9865.96
11.506