-2094.48
-2094.49
-2094.49
-2094.48
0.974
-2094.6
-2094.6
-2094.6
-2094.6
0.991
-2094.7
-2094.71
-2094.7
-2094.71
0.979
-2094.81
-2094.81
-2094.81
-2094.81
0.973
-2094.6
-2094.6
-2094.6
-2094.6
0.982
-2094.45
-2094.49
-2094.5
-2094.5
0.986
-2089.58
-2094.71
-2094.71
-2094.71
0.982
-2060.57
-2094.69
-2094.71
-2094.7
1.006
-2094.44
-2094.49
-2094.49
-2094.5
0.987
-2094.81
-2094.81
-2094.81
-2094.81
0.984
-1942.24
-2060.68
-2094.81
-2094.81
0.982
-2026.23
-2094.49
-2094.48
-2094.49
0.981
-2094.49
-2094.49
-2094.49
-2094.49
0.96
-2094.48
-2094.6
-2094.6
-2094.6
0.979
-2094.81
-2094.81
-2094.81
-2094.81
0.978
-2094.81
-2094.81
-2094.81
-2094.81
0.981
-2060.47
-2094.6
-2094.6
-2094.59
0.978
-2094.81
-2094.81
-2094.81
-2094.81
0.948
-2094.81
-2094.81
-2094.81
-2094.81
0.907
-2094.7
-2094.71
-2094.71
-2094.7
0.934
-2060.68
-2094.81
-2094.81
-2094.81
0.971
-2094.49
-2094.49
-2094.49
-2094.49
0.963
-2094.35
-2094.6
-2094.6
-2094.6
0.971
-2094.49
-2094.49
-2094.48
-2094.49
0.9
-2094.91
-2094.91
-2094.91
-2094.91
0.88
-2094.48
-2094.48
-2094.49
-2094.49
0.961
-2060.57
-2094.81
-2094.81
-2094.81
0.977
-2094.46
-2094.5
-2094.49
-2094.5
0.961
-2060.25
-2060.57
-2060.57
-2060.57
0.887
-2060.34
-2094.48
-2094.49
-2094.49
0.984
-4112.59
-4109.45
-4144.13
-4180.74
1.917
-4145.93
-4180.43
-4181.24
-4186.08
1.817
-4023.08
-4038.84
-4143.19
-4142.17
1.914
-4013.48
-4178.24
-4188.05
-4188.56
1.933
-3934.81
-3986.79
-4110.92
-4183.87
1.918
-3985.81
-4178.93
-4187.73
-4185.47
1.905
-4143.44
-4146.04
-4185.49
-4188.06
1.91
-3878.47
-3989.16
-4033.34
-4110.15
1.887
-4063.01
-4151.33
-4145.02
-4179.73
1.877
-4106.51
-4184.9
-4187.04
-4185.54
1.923
-3913.84
-4092.35
-4147.15
-4186.4
1.912
-4012.23
-4144.85
-4183.1
-4186.97
1.811
-4070.52
-4153.74
-4186.57
-4180.42
1.906
-3777.15
-4031.35
-4147.22
-4159.84
1.807
-3796.09
-4147.99
-4151.21
-4179.99
1.917
-3935.63
-4147.14
-4187.92
-4185.11
1.942
-3910.59
-3909.41
-4078.27
-4180.86
1.915
-4041.19
-4136.94
-4147.1
-4180.02
1.946
-3768.41
-3997.32
-4140.34
-4147.87
1.926
-4102.64
-4150.31
-4187.68
-4182.15
1.937
-3945.81
-4031.46
-4113.65
-4111.98
1.933
-3904.1
-4111.96
-4185.01
-4167.25
1.914
-3989.52
-4146.75
-4186.73
-4185.55
1.898
-4132.71
-4184.95
-4184.93
-4182.8
1.921
-3911.63
-4185.19
-4184
-4188.06
1.917
-4107.72
-4186.14
-4176.03
-4187.68
1.793
-4111.61
-4142.2
-4185.86
-4187.2
1.805
-4104.44
-4150.84
-4187.76
-4186.48
1.921
-4141.02
-4180.23
-4180.61
-4183.15
1.906
-3958.14
-4138.81
-4183.84
-4184.93
1.798
-10541.8
-10009.9
-10685
-9718.21
5.642
-10524.1
-10194.2
-9385.02
-10368.3
5.744
-9671.73
-9726.08
-9672.78
-9751.96
5.592
-9582.77
-9978.97
-9587.68
-9746.59
5.72
-9697.36
-9974.87
-9764.08
-9907.88
5.709
-9875.91
-9844.28
-10407.3
-9995.84
5.716
-8999.14
-9587.7
-9928.33
-9779.4
5.719
-9366.87
-8969.61
-10033.7
-9986.02
5.721
-9383.52
-10214.5
-9748.77
-9635.86
5.743
-10048.7
-10389.5
-9770.83
-10090.5
5.579
-9910.7
-9911.69
-10110.5
-10479.5
5.748
-9481.04
-10025.1
-10029.3
-10008.3
5.722
-9603.92
-9880.82
-9975.91
-9917.8
5.764
-9499.39
-9484.55
-10302.8
-9546.05
5.683
-9475.85
-10747
-9589.59
-10295.6
5.677
-10031.4
-10129.6
-9978.76
-9767.96
5.698
-10046.1
-9840.82
-10244.4
-9289.08
5.7
-9543.27
-9511.35
-10549.5
-10225
5.688
-9469.15
-10157.9
-9765.02
-10062.9
5.714
-10213.4
-10125.6
-9644.86
-9500.66
5.734
-9277.86
-9457.48
-9332.35
-10556
5.687
-9803.22
-9368.38
-10254.1
-10031.3
5.746
-9135.27
-9577.38
-10164.4
-10125.2
5.677
-9793.37
-9486.03
-9726.35
-9820.51
5.702
-10025.3
-9570.11
-10408.1
-10273
5.727
-9264.81
-9806.04
-10139.2
-10334.2
5.786
-9722.88
-9628.55
-9594.93
-10848.1
5.677
-9904.74
-10251.6
-9530.94
-9860.68
5.736
-9432.86
-9334.08
-10151.1
-9073.86
5.711
-8976.15
-10742.4
-9549.15
-9864.85
5.689