-2094.6
-2094.6
-2094.6
-2094.6
1.048
-2094.6
-2094.6
-2094.6
-2094.6
1.047
-1963.58
-1963.58
-2094.5
-2094.5
1.064
-2060.57
-2060.57
-2094.71
-2094.71
1.043
-2094.81
-2094.81
-2094.81
-2094.81
1.049
-2025.23
-2094.6
-2094.6
-2094.6
1.061
-2094.6
-2094.6
-2094.6
-2094.6
1.047
-2094.71
-2094.71
-2094.71
-2094.71
1.021
-2094.6
-2094.6
-2094.6
-2094.6
1.064
-2094.71
-2094.71
-2094.71
-2094.71
1.053
-2094.71
-2094.71
-2094.71
-2094.71
1.041
-2060.47
-2060.47
-2094.71
-2094.71
1.041
-2094.6
-2094.6
-2094.6
-2094.6
1.061
-2094.71
-2094.71
-2094.71
-2094.71
1.043
-2060.57
-2094.81
-2094.81
-2094.81
1.038
-2094.71
-2094.71
-2094.71
-2094.71
1.04
-2094.81
-2094.81
-2094.81
-2094.81
1.065
-2094.71
-2094.71
-2094.71
-2094.71
1.038
-2094.38
-2094.71
-2094.71
-2094.71
1.037
-2094.71
-2094.71
-2094.71
-2094.71
1.063
-2094.7
-2094.71
-2094.71
-2094.71
1.053
-2060.57
-2060.57
-2094.71
-2094.71
1.049
-2094.71
-2094.71
-2094.71
-2094.71
1.053
-2060.47
-2094.71
-2094.71
-2094.71
1.065
-2094.6
-2094.6
-2094.6
-2094.6
1.058
-2094.71
-2094.71
-2094.71
-2094.71
1.069
-2094.6
-2094.6
-2094.6
-2094.6
1.041
-1972.04
-2060.26
-2094.5
-2094.5
1.052
-1976.27
-2094.6
-2094.6
-2094.6
1.046
-2094.71
-2094.71
-2094.71
-2094.71
1.019
-4137.87
-4189.41
-4189.41
-4189.41
1.994
-4120.58
-4189.41
-4189.41
-4189.41
2
-3905.91
-4155.38
-4189.52
-4189.52
2.003
-3848.29
-4070.87
-4189.2
-4189.21
2.021
-3871.33
-4145.02
-4154.86
-4189
1.997
-4189.4
-4189.41
-4189.41
-4189.41
1.916
-4145.24
-4189.3
-4189.31
-4189.31
1.997
-4189.31
-4189.31
-4189.31
-4189.31
1.919
-4023.84
-4154.86
-4189.1
-4189.1
1.856
-4189.41
-4189.41
-4189.41
-4189.41
1.973
-4189.41
-4189.41
-4189.41
-4189.41
2.007
-4154.86
-4188.99
-4189
-4189
2.011
-4084.47
-4189.1
-4189.1
-4189.1
1.986
-3913.48
-4155.38
-4155.39
-4155.39
1.965
-3911.62
-4189.62
-4189.62
-4189.62
1.994
-4036.84
-4189.31
-4189.31
-4189.31
2.018
-4066.95
-4066.95
-4066.95
-4070.75
2.003
-4070.94
-4189.41
-4189.41
-4189.41
1.96
-4086.94
-4148.46
-4189.41
-4189.41
1.924
-4121.24
-4155.49
-4189.72
-4189.72
2.029
-3905.81
-4189.31
-4189.31
-4189.31
1.908
-4032.71
-4155.16
-4189.31
-4189.31
1.971
-3968.14
-4120.61
-4154.75
-4188.99
1.999
-4120.84
-4154.97
-4189.21
-4189.21
2.008
-4155.17
-4189.41
-4189.41
-4189.41
2.016
-4036.83
-4120.89
-4155.18
-4189.31
2.005
-4154.96
-4189.1
-4189.1
-4189.1
2.001
-4086.8
-4120.94
-4155.17
-4189.41
1.986
-4002.41
-4070.87
-4155.07
-4189.3
1.991
-4071.08
-4189.41
-4189.41
-4189.41
2.015
-10251.1
-10545.3
-11214.8
-11701.2
5.66
-10627
-11448.6
-11458
-11401.9
5.669
-10772.5
-11232.3
-11439.1
-11513.9
5.608
-11039.1
-11454.5
-11625.9
-11957.8
5.734
-11102.5
-11604.3
-11713.6
-12142.9
5.746
-11225.8
-11724.7
-11849.4
-11924.2
5.745
-10949.2
-11362.6
-11657.9
-11774.8
5.8
-11376.6
-11719.4
-11653.9
-11926.7
5.783
-10423
-10927.3
-11087.6
-11434.9
5.775
-10596.5
-11392.7
-11513.1
-11668.3
5.746
-10854.8
-11756.5
-11933.2
-12083.8
5.655
-11424.2
-11958.7
-11994
-12035.2
5.741
-10809.8
-11324.9
-11489.9
-11483.7
5.762
-11333.6
-11951
-11906.8
-11993.2
5.571
-10637.7
-11074.9
-11527.3
-11917.8
5.726
-10661.6
-11243.7
-11567.5
-11576.1
5.643
-10847
-11199.9
-11485.5
-11659.2
5.715
-11125
-11214.2
-11497.7
-11741.1
5.726
-11095.5
-11565.9
-11765.1
-11786.6
5.742
-10965.6
-11621.7
-11688.2
-11792.8
5.69
-11445.4
-11624
-11851.9
-11999.6
5.755
-10651
-11286.4
-11411.9
-11671.9
5.714
-11234.4
-11513.6
-11720
-11799.9
5.802
-10573.3
-10973.7
-11582.4
-11812.1
5.789
-10538
-11619.9
-12018.2
-12019.3
5.658
-11358.7
-11569.6
-11757.1
-11963
5.744
-11678.2
-11799.8
-11837.1
-11879.6
5.752
-11284.2
-11528.5
-11805.4
-12009.8
5.757
-11059.1
-11537.6
-11594.7
-11714.8
5.748
-11122.4
-11595.5
-11834.6
-12066.9
5.75