1.23999
1.24005
1.23949
1.23715
0.729
2.24075
1.24014
1.24024
1.2402
0.723
6.16986
6.17378
6.18092
6.18197
0.719
3.47049
3.47183
2.47826
2.47683
0.729
0.997463
2.36502e-08
2.36502e-08
2.36502e-08
0.721
12.4028
12.3446
12.344
12.3714
0.705
4.93927
4.93591
4.95904
4.92695
0.723
1.23884
1.23737
1.24072
1.23948
0.718
6.17401
6.1952
6.17201
6.16848
0.722
4.99953
4.94356
4.94143
4.93051
0.72
3.71484
3.71392
3.71614
3.72886
0.73
6.17842
6.19831
6.17828
6.18999
0.725
1.23887
1.23887
1.23652
1.24352
0.723
9.64887
8.71926
3.72903
3.72079
0.737
2.50859
2.47512
2.47782
2.48239
0.662
2.36502e-08
2.36502e-08
2.36502e-08
2.36502e-08
0.694
2.47741
2.48084
2.47422
2.4788
0.737
5.93065
4.93525
4.92786
4.93122
0.718
4.93044
4.93721
4.92761
4.93129
0.725
2.47765
2.47909
2.48051
2.47842
0.683
1.23755
1.23946
1.24085
1.23978
0.725
1.23745
1.23742
1.23824
1.2381
0.723
2.36502e-08
2.36502e-08
2.36502e-08
2.36502e-08
0.718
7.17028
6.18717
2.2386
1.23989
0.722
7.42497
7.40429
7.42079
7.40316
0.697
1.2375
1.23757
1.23643
1.23973
0.724
2.23626
1.24
1.23717
1.23951
0.684
2.36502e-08
2.36502e-08
2.36502e-08
2.36502e-08
0.718
2.48293
2.49035
2.47623
2.4805
0.727
4.93626
4.93875
4.93765
4.93808
0.726
14.175
12.5178
12.2445
12.2557
1.415
17.5412
17.5154
10.144
10.059
1.421
17.8495
15.7739
9.70229
9.73477
1.426
11.1141
10.0357
10.0412
10.0516
1.425
9.81563
8.78299
8.79036
8.71101
1.422
3.75474
3.77531
3.78654
3.75811
1.424
7.29521
2.2378
1.26137
1.2601
1.416
22.1647
20.1127
19.921
19.9523
1.422
4.49923
2.24658
1.24087
1.24144
1.423
2.25657
1.27316
1.25504
1.2449
1.424
13.2542
12.1984
11.2468
11.2066
1.422
3.55492
2.50322
2.49149
2.48092
1.426
10.4864
2.51242
2.50177
2.49644
1.421
12.5083
7.49365
7.54293
7.49808
1.415
12.1651
8.48997
8.50821
8.50115
1.425
5.89341
3.73858
3.76116
3.76254
1.422
7.30633
7.29273
6.29608
6.30666
1.423
20.3026
12.526
12.5294
12.4419
1.424
6.0445
5.01921
5.05282
4.99973
1.411
10.1149
10.0407
8.85207
8.70357
1.423
8.78389
5.02088
4.9736
4.99252
1.421
2.31814
1.25479
1.24596
1.24898
1.421
5.51442
4.50659
2.49407
2.50205
1.42
15.2463
8.55595
7.55125
7.42757
1.418
5.7585
4.78955
4.73206
3.74466
1.418
10.5748
10.5705
8.50368
8.54368
1.42
14.8363
10.8572
5.80503
2.50492
1.423
7.46596
3.53072
2.49692
2.50304
1.417
4.74034
3.75618
3.75521
3.7523
1.422
9.87184
4.75911
3.75019
3.76129
1.414
35.1396
30.5577
31.3283
31.5209
4.188
55.9189
51.0524
52.0896
45.5943
4.261
62.6542
54.6063
45.3173
40.7917
4.232
56.473
44.1426
36.6821
33.2379
4.199
51.1669
37.8869
33.3217
33.76
4.234
58.5451
53.1847
45.4405
37.9812
4.258
47.148
33.3716
32.1031
30.5408
4.206
54.8807
46.5398
37.2862
38.4407
4.249
41.4113
33.4346
30.3912
26.1039
4.136
62.7356
59.7761
49.5432
49.3061
4.234
48.6883
40.4025
39.3612
38.9023
4.231
62.9798
44.0426
34.0568
27.7767
4.219
54.0697
35.5524
34.813
32.3243
4.163
60.1493
56.6439
46.2352
45.8629
4.214
52.0526
42.7278
39.5841
35.404
4.204
39.017
30.9902
30.5982
25.1844
4.075
45.1757
42.9931
39.4639
36.2802
4.201
42.5322
33.9648
32.3915
28.5801
4.156
36.6539
35.2318
26.8849
27.4027
4.214
63.9866
55.899
53.2085
49.0907
4.156
50.7102
44.409
41.1158
36.0229
4.235
61.314
46.3703
37.9404
32.8992
4.196
57.4672
57.3294
49.1427
41.7595
4.234
36.8417
29.1999
28.1898
28.3413
4.226
51.1036
42.0369
36.0917
29.0925
4.257
51.8836
39.8829
34.4887
31.4286
4.27
39.8983
31.9112
31.525
26.1622
4.161
41.4855
34.6106
33.5096
35.338
4.207
58.7151
47.836
42.781
43.0366
4.257
64.9351
51.5576
40.245
24.7944
4.199