1.23738
1.23616
2.36502e-08
2.36502e-08
14.456
1.2367
1.2366
2.36502e-08
2.36502e-08
14.616
1.23584
1.23656
1.236
1.23619
14.439
2.29407e-06
2.36502e-08
2.36502e-08
2.36502e-08
14.579
2.47266
2.47215
2.47278
1.23648
14.254
1.23614
2.36502e-08
2.36502e-08
2.36502e-08
14.362
1.23616
1.23624
1.23639
1.23592
14.433
2.36502e-08
2.36502e-08
2.36502e-08
2.36502e-08
14.562
1.23584
2.36502e-08
2.36502e-08
2.36502e-08
14.606
2.36502e-08
2.36502e-08
2.36502e-08
2.36502e-08
14.402
2.36502e-08
2.36502e-08
2.36502e-08
2.36502e-08
14.599
2.36502e-08
2.36502e-08
2.36502e-08
2.36502e-08
14.611
1.23661
1.23601
1.23595
1.23593
14.544
1.23619
1.23607
1.23596
1.23585
14.642
2.47285
1.23591
1.23615
1.23607
14.391
2.36502e-08
2.36502e-08
2.36502e-08
2.36502e-08
14.538
2.47165
2.47436
2.47557
2.36502e-08
14.432
2.36502e-08
2.36502e-08
2.36502e-08
2.36502e-08
14.577
2.47317
1.23666
1.23587
1.23606
14.488
2.36502e-08
2.36502e-08
2.36502e-08
2.36502e-08
14.436
2.36502e-08
2.36502e-08
2.36502e-08
2.36502e-08
14.459
2.36502e-08
2.36502e-08
2.36502e-08
2.36502e-08
14.551
2.47546
1.23618
2.36502e-08
2.36502e-08
14.632
1.23647
1.2362
1.23593
1.23587
14.527
1.23625
1.23627
1.23594
2.36502e-08
14.401
1.23646
1.2359
1.23586
2.36502e-08
14.58
2.36502e-08
2.36502e-08
2.36502e-08
2.36502e-08
14.638
2.36502e-08
2.36502e-08
2.36502e-08
2.36502e-08
14.46
2.36502e-08
2.36502e-08
2.36502e-08
2.36502e-08
14.568
1.23636
1.23597
1.23653
1.23596
14.437
3.7156
2.4824
1.24099
1.23931
28.571
4.97917
3.7311
1.23786
1.24216
28.746
1.23901
1.24142
1.24279
1.23824
28.333
1.23839
4.73004e-08
4.73004e-08
4.73004e-08
28.361
1.24232
1.24252
1.23905
1.23964
28.346
2.48626
2.47925
1.23872
1.23996
28.466
2.47879
2.48592
2.48493
2.48265
28.358
4.73004e-08
4.73004e-08
4.73004e-08
4.73004e-08
28.449
3.71613
3.73784
3.73147
2.4835
28.49
2.47815
2.48006
2.48164
2.47746
27.974
2.47376
2.47929
2.48635
2.47996
28.397
1.23932
1.24191
1.24037
4.73004e-08
28.63
3.73775
2.47991
2.4835
2.4863
28.277
4.95254
4.73004e-08
4.73004e-08
4.73004e-08
27.986
4.9333
4.73004e-08
4.73004e-08
4.73004e-08
28.269
1.24065
1.24194
1.24092
1.23959
28.601
2.47912
1.24026
4.73004e-08
4.73004e-08
28.346
2.48408
2.48648
1.23811
1.23964
28.538
1.24155
1.23794
1.23962
1.23946
28.346
2.47857
2.4787
2.47765
1.23985
28.714
1.24601
1.23746
1.23957
1.23953
28.66
2.48151
2.48291
4.73004e-08
4.73004e-08
28.413
6.20105
1.2391
1.24183
1.24046
28.402
4.73004e-08
4.73004e-08
4.73004e-08
4.73004e-08
28.477
1.23864
1.24012
1.24053
1.23937
28.706
2.49314
2.48432
2.48217
2.48136
28.385
4.73004e-08
4.73004e-08
4.73004e-08
4.73004e-08
28.218
1.24326
4.73004e-08
4.73004e-08
4.73004e-08
28.558
4.73004e-08
4.73004e-08
4.73004e-08
4.73004e-08
28.77
4.73004e-08
4.73004e-08
4.73004e-08
4.73004e-08
28.753
18.6764
16.2742
11.6264
9.22713
84.653
12.2447
5.49149
5.35429
4.23159
84.463
28.7997
28.2881
22.6884
13.713
84.387
14.254
12.462
12.6118
12.1133
84.578
29.4366
17.6975
17.5542
17.4161
83.207
17.7058
16.4931
16.53
15.95
84.468
16.8193
9.4738
9.78519
4.00942
84.839
7.85738
8.34733
8.15306
8.1936
82.438
21.5257
13.1825
13.3427
13.9018
84.484
6.95126
6.70942
6.74908
6.72082
81.743
8.13534
8.12706
8.22493
6.87351
84.61
36.5039
25.1628
22.3746
13.6799
84.011
27.9348
19.076
19.0269
13.0529
83.97
5.55495
5.69782
5.50444
5.45771
83.85
26.8823
21.8044
15.8806
11.8592
84.806
18.0757
8.34408
5.50793
5.59999
84.678
23.0374
13.9082
12.4273
12.1833
84.739
20.199
20.1435
15.3657
15.0968
85.035
16.7335
9.58361
9.45608
9.75792
83.693
16.8193
16.3605
15.2334
9.63147
84.918
22.3977
9.43634
9.41421
9.65275
85.295
19.8915
8.41984
8.30763
7.74464
83.586
34.6951
18.349
17.6813
17.2709
85.007
18.4663
17.6387
16.0892
10.805
84.34
19.5177
13.4393
13.4484
8.21246
84.332
17.6421
16.2233
15.8896
9.59976
84.184
12.4574
12.226
12.4044
12.2827
85.244
12.9641
10.9066
6.92581
6.92437
85.278
17.0026
5.37467
5.51658
5.48653
84.788
17.0191
13.5992
8.34276
6.78999
84.309