6.88931e-05
0.000119145
0.000187863
0.000348154
19.868
0.000204513
0.000147109
0.000555972
0.000587001
19.483
0.000402946
3.08635e-05
0.000350311
0.000486762
19.373
0.000113507
0.000111501
0.00024731
9.663e-05
19.515
0.00127516
0.000729657
0.000219233
0.000888815
16.755
0.000398595
0.000793304
0.000238266
0.000314552
18.714
0.000180446
0.000211059
7.03689e-05
0.000192896
18.639
0.000249505
0.000239931
0.000378236
9.4019e-05
17.258
0.000164326
0.000317731
1.84141e-05
0.00022873
19.745
0.000106658
0.000376155
0.000166143
0.000761707
17.222
0.000493763
0.000235125
0.000399427
0.000141736
19.45
0.000100868
5.91681e-05
0.000170873
0.000118918
18.944
1.23648
1.23765
1.23709
1.23739
19.245
4.95567e-05
0.000237282
0.000771963
7.99803e-05
19.191
0.00034823
0.000860054
0.000127319
0.000357917
19.004
8.06236e-05
0.000234785
3.65396e-05
5.25839e-05
19.115
0.000272398
0.000420883
0.000266419
0.000332867
17.782
0.000394433
0.000164705
0.000132692
0.000282464
18.926
0.000204021
9.49651e-05
0.000227709
0.00030619
19.142
0.000161791
0.000193388
0.000242088
0.000562668
19.07
0.000242656
0.000101133
3.17717e-05
0.000311714
19.874
0.000162888
0.000237434
0.000611332
0.000401093
19.077
0.000325526
0.000463113
0.000157969
0.00281388
19.623
0.000130913
0.000154185
0.000234141
0.000186501
19.368
1.53868e-05
0.00010329
0.000381113
0.000230206
19.077
0.000650799
0.000112107
0.000763147
0.00140854
19.169
2.87066e-05
3.20744e-05
0.000208032
0.000354133
19.124
0.000928243
0.000454409
0.00029514
4.8989e-05
19.672
1.22225
0.00021454
0.000378994
2.94634e-05
18.814
0.000150704
0.000354398
0.00044423
0.000270279
19.519
4.92211
3.67709
3.15132
4.01264
38.421
2.86206
1.32321
5.16025
1.60093
37.412
5.74781
4.46464
4.10295
3.79302
37.666
2.97188
2.9557
5.77263
4.05555
37.456
2.75571
4.12899
4.65471
4.52591
36.995
2.33203
3.95799
2.36862
4.53757
37.68
3.1371
6.21755
4.35868
3.43474
37.8
4.27238
10.3801
3.3937
4.63002
37.28
3.33399
6.10026
1.91954
1.07972
37.529
2.91064
3.05747
4.58377
4.49236
37.649
2.17984
2.33542
1.91424
2.22079
37.596
3.9983
2.04837
2.50352
4.34978
37.676
2.44367
4.14711
4.28796
3.76261
37.756
4.26374
5.14782
4.17937
3.34875
37.337
2.43353
3.34579
2.95167
2.97508
37.601
6.14907
0.962042
2.90076
4.36129
37.923
2.41877
2.88918
4.61033
3.99169
37.722
4.10202
3.75648
3.27138
4.82706
37.643
3.20812
5.60723
3.29388
1.47251
37.089
2.05243
4.83239
4.14586
4.25599
38.229
1.76796
2.07803
4.22246
2.08074
37.744
2.45025
1.97679
4.28685
4.19119
37.532
3.97645
4.3124
5.84171
6.53882
38.008
3.95881
6.04285
4.98073
2.64237
37.126
6.50521
4.77038
1.15281
3.90098
36.813
4.74651
1.54852
2.71823
5.21817
37.802
4.89551
2.58442
3.01625
5.57287
37.312
3.15921
3.54685
4.17374
2.68045
38.133
4.92556
4.80174
3.84898
5.44363
37.709
5.66521
3.66084
4.52221
3.14804
36.579
181.964
168.953
163.413
202.467
110.063
166.021
123.501
161.493
147.828
110.673
176.649
150.191
158.531
170.731
110.636
180.572
170.968
117.872
188.701
110.497
156.024
135.399
174.508
150.065
112.249
130.871
172.665
162.739
142.24
109.863
184.768
131.659
159.866
165.977
108.164
168.128
161.354
168.267
179.694
110.626
139.852
148.411
164.401
152.223
110.892
151.231
168.516
170.392
170.089
109.688
164.747
165.258
147.014
186.464
107.117
172
161.874
132.428
124.624
107.471
178.033
153.191
175.716
166.748
112.839
155.527
160.689
169.307
151.083
112.307
174.646
158.58
161.751
164.642
103.406
168.554
147.522
144.432
156.719
111.284
154.753
188.302
152.736
189.182
110.957
137.518
177.328
181.349
143.285
110.826
162.303
130.613
175.513
156.004
108.296
144.754
175.573
167.356
161.729
109.448
166.652
162.908
181.392
155.833
110.182
169.418
172.033
170.149
202.596
110.818
174.012
149.756
158.325
165.36
107.039
143.852
175.974
161.232
149.076
107.618
163.882
138.205
163.97
168.421
111.211
151.161
171.409
160.729
183.224
111.657
142.592
178.517
150.293
144.221
106.577
135.246
143.149
188.764
147.668
109.806
167.191
158.086
149.775
159.065
106.321
164.561
163.8
126.891
170.468
109.59