2.36502e-08
2.36502e-08
2.36502e-08
2.36502e-08
7.239
2.36502e-08
2.36502e-08
2.36502e-08
2.36502e-08
7.239
6.18251
2.47697
2.478
2.47703
7.235
1.2375
1.24209
1.23698
2.36502e-08
7.225
2.36502e-08
2.36502e-08
2.36502e-08
2.36502e-08
7.236
1.23857
1.23696
1.23755
1.23993
7.063
4.93209
4.93481
1.23934
1.23844
6.919
1.23726
1.24092
1.23875
1.23868
7.265
4.93138
4.93316
1.24529
1.23768
7.163
2.36502e-08
2.36502e-08
2.36502e-08
2.36502e-08
7.241
2.48209
2.47606
2.47486
2.47572
7.372
1.23766
1.24036
2.36502e-08
2.36502e-08
7.266
1.23798
1.24002
1.24118
2.36502e-08
7.208
1.2388
1.23754
1.23698
1.23844
7.315
2.36502e-08
2.36502e-08
2.36502e-08
2.36502e-08
7.354
2.47754
2.36502e-08
2.36502e-08
2.36502e-08
7.131
2.36502e-08
2.36502e-08
2.36502e-08
2.36502e-08
7.218
2.48022
2.47772
1.23799
1.23863
7.036
2.47435
1.24898
1.2377
1.23648
7.263
1.2404
2.36502e-08
2.36502e-08
2.36502e-08
7.109
2.47512
2.48223
2.47746
2.47552
7.261
2.36502e-08
2.36502e-08
2.36502e-08
2.36502e-08
7.208
2.36502e-08
2.36502e-08
2.36502e-08
2.36502e-08
7.131
1.23748
1.24054
1.238
1.23652
7.268
1.23672
1.24019
1.23728
0.000101928
7.243
1.23626
1.23789
1.23743
1.23943
6.995
2.36502e-08
2.36502e-08
2.36502e-08
2.36502e-08
7.138
2.47666
2.48217
2.47471
2.4834
7.239
1.24057
1.23888
1.23663
1.23709
7.203
1.24115
1.23756
1.23776
1.23812
7.253
6.22669
6.23223
6.19622
6.18413
14.229
2.49227
2.51319
2.50919
2.48424
14.077
3.76807
3.76637
3.7575
3.74944
14.221
7.46516
3.72567
3.75673
3.73139
14.287
2.49178
2.4983
2.50822
1.25705
14.079
4.99931
5.05511
5.01609
5.05389
14.224
2.50937
1.24758
1.25841
1.25231
14.163
1.2586
1.24083
1.24278
1.24947
13.829
10.0107
5.02238
2.48844
2.4966
14.232
2.49698
2.51011
2.49881
2.49283
14.234
1.25475
1.2469
1.24441
4.73004e-08
14.21
1.24737
1.24318
1.24062
1.2464
14.23
1.24615
1.24626
1.25714
1.24374
14.187
2.50541
2.4951
2.49511
2.4865
14.21
9.96427
5.00965
3.76131
3.75107
14.086
5.0029
5.02135
5.00439
5.01423
14.196
1.24497
1.24465
1.24511
1.24185
14.279
3.76871
3.76236
3.72417
3.76241
14.121
1.24792
1.24794
1.24814
4.73004e-08
14.222
3.74297
3.75945
3.74456
3.73352
14.223
17.376
17.4421
6.22399
2.50884
14.223
8.73129
8.75838
3.78003
3.71986
14.06
10.0265
9.99999
3.75292
3.76692
14.249
2.51691
2.51192
2.48521
2.50084
14.288
3.75045
3.73443
3.72932
2.49376
14.221
1.24782
1.24957
1.24722
1.24539
14.199
1.24842
1.24515
1.24142
1.24719
14.189
1.25667
1.24792
1.25547
1.25943
14.244
3.76226
1.25258
1.24922
1.25012
14.033
2.48306
1.24546
1.23977
1.24301
14.213
29.247
18.0074
16.3434
12.5664
42.341
33.8507
23.8591
13.5826
10.1861
42.315
19.9648
11.1314
10.441
4.62762
41.738
40.0813
37.8805
22.7633
20.6571
42.332
30.735
15.4389
14.9635
15.2677
41.678
30.5985
22.5232
10.429
10.1679
42.347
19.8989
13.8859
13.3047
13.0997
42.106
11.6247
8.81461
9.46913
8.95775
42.081
25.2074
18.06
12.8605
10.1092
41.308
25.7485
21.1984
18.2232
12.3061
41.864
32.4877
22.8076
20.692
14.6904
42.279
24.1773
19.6692
15.9506
17.0236
42.19
23.2207
14.51
13.8116
11.7293
42.18
24.4159
25.6149
16.9448
16.3889
42.216
35.0695
23.3141
23.402
16.1947
42.366
32.4483
29.3538
26.9879
26.6147
42.365
11.0763
7.61371
6.1153
5.65189
42.189
4.69756
1.48896
1.51264
1.60464
42.022
39.6891
39.1168
30.6974
26.3588
42.371
26.6445
17.0001
14.8603
13.1163
42.189
20.9167
15.1048
6.34406
6.22574
42.255
21.9301
11.7549
2.87396
3.18916
42.317
12.6303
5.66708
6.24377
6.18535
42.265
27.1032
21.9415
18.1848
17.4235
42.278
21.2758
10.096
9.82779
9.76854
42.198
42.8318
40.1737
31.1633
24.4083
42.051
20.7853
15.3465
13.9658
14.375
42.283
42.9178
30.9367
26.0322
14.0827
42.267
25.356
24.3616
17.0814
16.0254
42.222
23.5553
8.71039
3.25841
3.35396
42.359