2.36502e-08
2.36502e-08
2.36502e-08
2.36502e-08
18.741
2.47165
2.47165
2.47165
2.47165
19.302
2.36502e-08
2.36502e-08
2.36502e-08
2.36502e-08
18.382
2.36502e-08
2.36502e-08
2.36502e-08
2.36502e-08
18.373
1.23582
1.23582
1.23582
1.23582
18.906
1.23582
1.23582
1.23582
2.36502e-08
17.052
2.36502e-08
2.36502e-08
2.36502e-08
2.36502e-08
19.374
1.23582
1.23582
1.23582
1.23582
18.932
2.47165
1.23582
1.23582
1.23582
19.096
2.47165
1.23582
1.23582
1.23582
18.989
1.23582
1.23582
1.23582
1.23582
17.007
2.36502e-08
2.36502e-08
2.36502e-08
2.36502e-08
18.929
2.36502e-08
2.36502e-08
2.36502e-08
2.36502e-08
19.39
1.23582
1.23582
1.23582
1.23582
19.289
1.23582
1.23582
2.36502e-08
2.36502e-08
19.392
2.36502e-08
2.36502e-08
2.36502e-08
2.36502e-08
19.035
2.36502e-08
2.36502e-08
2.36502e-08
2.36502e-08
19.121
1.23582
1.23582
1.23582
1.23582
19.263
1.23582
2.36502e-08
2.36502e-08
2.36502e-08
19.278
1.23582
1.23582
1.23582
1.23582
19.018
2.36502e-08
2.36502e-08
2.36502e-08
2.36502e-08
18.931
2.36502e-08
2.36502e-08
2.36502e-08
2.36502e-08
18.789
1.23582
1.23582
2.36502e-08
2.36502e-08
19.387
1.23582
1.23582
1.23582
1.23582
19.409
2.36502e-08
2.36502e-08
2.36502e-08
2.36502e-08
18.842
2.36502e-08
2.36502e-08
2.36502e-08
2.36502e-08
19.182
2.47165
2.47165
2.47165
1.23582
18.679
2.36502e-08
2.36502e-08
2.36502e-08
2.36502e-08
19.579
2.36502e-08
2.36502e-08
2.36502e-08
2.36502e-08
18.768
2.36502e-08
2.36502e-08
2.36502e-08
2.36502e-08
19.109
1.23687
1.2363
1.23642
1.2364
35.205
3.71321
3.71228
3.71182
2.47285
34.768
1.23638
1.23662
1.23653
1.23649
37.043
4.73004e-08
4.73004e-08
4.73004e-08
4.73004e-08
37.679
2.47333
2.47304
2.47402
2.47269
35.054
3.71187
3.71077
3.71068
3.71153
37.403
4.73004e-08
4.73004e-08
4.73004e-08
4.73004e-08
36.955
2.47338
2.47492
1.23677
1.23646
37.314
4.73004e-08
4.73004e-08
4.73004e-08
4.73004e-08
36.998
2.47243
2.47328
2.47376
2.47271
36.791
2.47362
2.473
2.47488
2.47329
37.586
1.23682
1.23676
1.23639
1.23662
37.878
1.23627
1.23647
1.2364
1.23641
38.16
1.23676
1.23659
4.73004e-08
4.73004e-08
36.691
1.2366
1.23688
1.60822e-07
4.73004e-08
37.197
1.23663
1.23655
1.23691
1.23661
38.063
1.23787
1.23667
1.23653
1.23655
37.002
1.23623
1.23638
1.23649
1.23683
36.608
4.73004e-08
4.73004e-08
4.73004e-08
4.73004e-08
37.409
3.71157
3.71331
2.47293
2.4734
37.944
3.71285
3.71098
3.71034
3.70935
37.534
1.23637
1.23668
4.73004e-08
4.73004e-08
37.72
1.23652
1.23658
1.23614
1.23674
34.436
4.73004e-08
4.73004e-08
4.73004e-08
4.73004e-08
36.681
4.73004e-08
4.73004e-08
4.73004e-08
4.73004e-08
37.499
2.47374
2.47313
2.47299
2.47388
37.154
2.47334
2.4734
2.47352
2.4748
38.168
1.23633
1.23642
1.23654
4.73004e-08
36.712
4.73004e-08
4.73004e-08
4.73004e-08
4.73004e-08
38.055
3.71134
3.71155
3.71409
3.71032
37.635
48.9094
39.8168
40.1533
33.3574
106.503
46.2155
38.2648
40.0903
36.0382
111.283
47.5385
50.1458
42.1811
42.4984
107.243
52.2442
42.3608
41.8767
43.0678
112.027
41.3718
35.5267
33.4296
28.9295
112.652
43.0687
41.1988
39.265
41.5404
112.088
42.0796
32.5867
29.7916
28.6265
111.22
39.8705
32.5642
29.2817
25.8877
110.706
32.4159
26.0892
23.2389
29.5299
112.012
44.8777
40.0308
35.1846
30.3183
107.562
43.8444
33.7528
34.0279
33.3815
109.798
53.3164
43.7805
38.9556
36.4648
111.482
40.3252
37.4136
33.7601
29.0283
111.643
45.9025
41.9336
31.9362
26.1336
111.226
36.2909
31.7967
29.4192
31.479
111.427
50.8282
54.3105
46.3101
47.4114
110.712
48.3844
40.8953
35.0432
34.3661
106.759
66.2913
51.9063
47.4519
45.2443
113.034
33.1999
35.6982
36.2046
39.393
111.712
48.1197
37.6372
27.4215
27.0959
110.148
51.0163
45.4664
40.1622
40.012
111.023
33.4034
30.1376
30.8512
23.9783
110.731
36.4408
37.3547
32.1128
27.6234
111.482
40.3861
27.7789
22.9151
19.9112
112.113
43.3992
40.1124
34.501
23.3147
113.069
44.2041
40.1765
35.5519
36.3343
111.347
34.7836
37.6678
27.7006
27.0522
112.065
47.8513
38.9469
39.367
29.7337
112.702
48.472
38.6482
30.0796
29.9324
113.103
44.5435
33.9697
34.528
34.2271
111.985