2.2308
1.23583
1.23584
1.23583
0.93
0.994997
2.63464e-06
2.36502e-08
2.36502e-08
0.927
1.23586
1.23584
1.23585
1.23583
0.818
2.47168
2.47168
2.47167
2.47173
0.933
1.23585
1.23588
1.23583
1.23583
0.954
6.14906e-08
2.36502e-08
2.36502e-08
2.36502e-08
0.807
1.23723
1.23582
1.23584
1.23584
1.022
2.36502e-08
2.36502e-08
2.36502e-08
2.36502e-08
0.939
1.23585
1.23582
1.23583
1.23582
0.944
1.23589
1.23586
1.23584
1.23584
0.956
1.37171e-07
2.36502e-08
2.36502e-08
2.36502e-08
1.008
1.23592
1.23583
1.23583
1.23584
0.967
1.23583
1.23584
1.23583
1.23584
0.949
2.36502e-08
2.36502e-08
2.36502e-08
2.36502e-08
0.94
6.14906e-08
2.36502e-08
2.36502e-08
2.36502e-08
1.01
1.23587
4.77735e-07
2.36502e-08
2.36502e-08
0.823
2.36502e-08
2.36502e-08
2.36502e-08
2.36502e-08
0.739
2.43099
1.23583
1.23585
1.23583
0.825
2.5528e-05
2.36502e-08
2.36502e-08
2.36502e-08
0.972
0.994976
2.36502e-08
2.36502e-08
2.36502e-08
1.031
2.23094
1.23597
1.23586
1.23583
1.029
1.00001
2.36502e-08
2.36502e-08
2.36502e-08
0.997
1.236
1.23584
1.23585
1.23585
1.033
1.23586
1.23582
1.23583
1.23583
1.019
1.23588
1.23583
1.23583
1.23583
0.945
6.14906e-08
2.36502e-08
2.36502e-08
2.36502e-08
1.028
1.2364
1.23583
1.23582
1.23585
0.911
1.23589
1.23586
1.23583
1.23582
0.848
1.23583
1.23583
1.23583
1.23583
0.98
2.36502e-08
2.36502e-08
2.36502e-08
2.36502e-08
0.982
5.54311
4.55384
4.51885
3.82889
1.714
15.942
8.24621
7.98237
8.0002
1.729
6.97921
6.54669
6.50418
6.51142
1.689
4.01749
4.01133
3.99978
3.99383
1.923
18.4948
11.5945
11.4948
11.4769
1.584
11.4833
12.1761
12.2915
7.26977
1.796
15.312
11.5426
10.4722
9.43471
1.598
9.82821
5.86024
5.78807
5.7706
1.713
18.6125
9.65856
10.4704
10.5153
1.724
12.8145
11.9953
11.001
10.0987
1.788
7.36068
7.05358
7.02873
6.99923
1.938
8.5388
7.97953
8.48499
8.58083
1.68
4.5629
3.54356
3.29023
3.50685
1.799
6.80436
6.74607
6.76675
6.751
1.542
7.54434
6.54518
5.82271
6.54861
2.011
5.84272
4.96501
4.78284
4.76068
1.795
6.34477
3.46919
4.25842
4.26943
1.665
1.46573
1.25404
1.25529
1.2589
1.939
6.76827
6.81725
6.80797
6.81881
1.911
8.75449
7.52793
8.55698
5.84746
1.709
13.281
13.3495
9.2287
9.21058
1.624
10.7967
10.2221
9.28217
3.06442
1.513
15.2647
15.2358
15.2302
12.163
1.917
12.8792
10.741
10.7629
10.7529
1.843
12.2725
8.29711
8.26789
8.23664
1.722
9.77765
8.62292
6.57429
6.02168
1.709
7.49108
3.49603
3.54219
2.52888
1.771
6.3968
5.34648
5.28512
5.27518
1.684
14.5025
5.82047
4.49687
3.52896
1.977
3.29202
2.32428
2.26838
1.70089
1.631
103.876
87.3505
84.7045
81.7094
5.729
97.5582
101.173
104.929
79.533
5.238
105.122
99.4994
120.841
87.1266
5.379
101.689
119.55
106.744
98.7761
5.337
92.0307
110.364
97.9919
92.7227
5.409
107
97.1167
94.969
92.4071
4.953
84.1135
107.623
85.5292
89.6923
5.317
104.392
76.424
102.335
83.0177
5.024
101.528
115.014
89.9352
106.65
5.597
69.0092
110.095
80.8299
88.352
5.024
104.413
91.6449
84.7557
72.7811
5.172
95.2956
102.686
60.1006
78.1298
4.896
86.2851
79.5648
85.4662
71.7185
5.345
132.83
101.368
92.2833
73.6297
5.412
76.0071
120.058
89.4876
117.239
4.838
109.791
100.486
107.737
102.893
5.376
98.8707
98.6576
72.3012
98.5515
5.344
104.8
106.909
86.7747
80.9307
5.149
105.073
81.9952
92.6971
105.055
5.183
99.0374
86.9373
78.5536
61.8625
5.772
95.5365
93.0585
101.632
88.7628
5.368
108.562
95.1054
89.7791
81.4563
5.242
90.62
92.9215
90.6127
99.4497
5.408
91.661
90.2224
96.6409
103.845
5.24
101.675
78.698
101.072
94.0494
5.027
95.1745
91.1635
92.4404
89.4868
5.508
90.7349
103.231
77.7546
81.8758
5.283
124.026
111.381
108.861
96.6977
5.118
96.9273
86.9335
78.3638
85.9475
5.475
89.4812
84.8526
105.408
99.3851
5.144