1.23582
1.23582
1.23582
1.23582
2.147
1.23582
1.23582
1.23582
1.23582
2.243
2.36502e-08
2.36502e-08
2.36502e-08
2.36502e-08
2.063
2.47165
2.47165
2.47165
2.47165
2.12
2.47165
2.47165
2.47165
2.47165
2.006
2.23583
1.23582
1.23582
1.23582
2.083
1.23582
1.23582
1.23582
1.23582
1.707
1.23582
1.23582
1.23582
1.23582
2.141
2.36502e-08
2.36502e-08
2.36502e-08
2.36502e-08
1.959
1.23582
1.23582
1.23582
1.23582
1.911
0.000414223
2.36502e-08
2.36502e-08
2.36502e-08
1.96
2.36502e-08
2.36502e-08
2.36502e-08
2.36502e-08
1.729
1.23582
1.23582
1.23582
1.23582
2.167
1.23582
1.23582
1.23582
1.23582
2.151
2.36502e-08
2.36502e-08
2.36502e-08
2.36502e-08
1.894
1.23582
1.23582
1.23582
1.23582
2.194
1.23582
1.23582
1.23582
1.23582
2.195
2.36502e-08
2.36502e-08
2.36502e-08
2.36502e-08
2.192
1.23582
1.23582
1.23582
1.23582
2.166
1.23582
1.23582
1.23582
1.23582
2.027
2.36502e-08
2.36502e-08
2.36502e-08
2.36502e-08
2.224
2.36502e-08
2.36502e-08
2.36502e-08
2.36502e-08
2.16
1.23582
1.23582
1.23582
1.23582
2.174
3.70747
3.70747
3.70747
3.70747
2.22
4.92341
4.92341
2.36502e-08
2.36502e-08
2.136
2.36502e-08
2.36502e-08
2.36502e-08
2.36502e-08
2.135
2.36502e-08
2.36502e-08
2.36502e-08
2.36502e-08
1.789
2.36502e-08
2.36502e-08
2.36502e-08
2.36502e-08
2.168
1.23582
1.23582
1.23582
1.23582
2.189
1.23582
1.23582
1.23582
1.23582
2.215
1.77944e-05
6.52746e-07
2.74343e-07
1.60822e-07
3.647
1.23583
1.23582
1.23582
1.23582
3.849
3.70747
3.70747
3.70747
3.70747
3.786
8.04108e-07
6.52746e-07
1.52307e-06
4.25704e-07
3.536
4.92342
4.92341
1.23583
1.23582
3.564
5.6997e-05
3.12183e-07
1.98662e-07
4.63544e-07
4.118
2.23078
1.23582
1.23582
1.23582
3.201
3.70785
3.70747
3.70747
3.70747
3.726
2.47165
2.47165
2.47165
2.47165
3.797
2.47165
2.47165
2.47165
2.47165
3.539
3.70749
3.70747
3.70747
3.70747
3.553
4.94331
4.94329
4.94329
4.9433
3.576
2.51246
2.47165
2.47165
2.47165
4.186
1.23584
1.23582
1.23582
1.23582
3.781
2.47165
2.47165
2.47165
2.47165
3.744
1.23583
1.23582
1.23582
1.23582
3.75
4.94333
4.9433
4.94329
4.9433
3.911
1.23583
1.23582
1.23583
1.23582
3.683
2.47166
2.47165
2.47165
2.47165
4.191
2.23079
1.23583
1.23582
1.23582
3.652
2.47166
2.47165
2.47165
2.47165
3.651
3.70748
3.70747
3.70747
3.70747
3.58
1.2359
1.23582
1.23582
1.23583
3.847
4.92343
0.000560991
1.97716e-06
9.93309e-07
3.756
5.95269
4.9433
4.94329
4.94329
4.241
6.17918
6.17912
6.17912
6.17912
3.861
3.70747
3.70747
3.70747
3.70752
4.201
1.23584
1.23582
1.23583
1.23582
4.213
2.47183
2.47165
2.47165
2.47165
3.841
3.70752
3.70747
3.70747
3.70747
3.894
67.4595
61.4825
48.4996
43.7642
10.351
68.3086
45.081
44.9329
47.0044
11.582
40.5652
32.6746
27.4993
30.8275
10.945
55.0007
37.7491
35.7793
44.2465
10.85
59.8886
46.2721
46.9967
46.0852
11.686
41.1228
38.1543
36.4425
33.594
10.419
47.75
37.6537
32.9519
30.5566
11.112
39.0788
42.056
48.7275
38.014
11.321
47.5143
37.7313
33.8978
33.0095
11.16
56.9501
34.2964
37.524
32.2999
11.545
51.1911
37.2844
39.7084
37.6581
11.396
45.3858
37.1133
38.3936
34.1086
11.269
58.1755
47.6051
41.9029
35.8767
10.87
55.8525
44.1229
34.2889
32.6887
10.777
62.8573
52.0992
61.2392
43.9044
10.544
52.7812
39.6515
38.6105
43.6263
10.991
49.7461
27.0683
24.6618
30.1065
11.567
62.0913
51.6955
44.0924
54.1222
11.129
51.9258
43.8809
42.1682
31.2921
10.404
52.8787
45.942
40.7118
51.1514
11.34
46.4923
40.9912
34.2269
50.6713
11.681
53.187
50.1504
40.587
34.5919
10.863
44.3016
32.2694
36.0257
30.3011
11.471
51.1935
35.3845
38.0935
29.3933
9.987
53.4485
40.7238
29.7876
28.1596
11.298
53.9776
41.8561
37.9356
34.0886
11.062
56.0481
40.9794
41.1843
41.4365
10.847
63.8744
50.9575
36.4334
48.8912
10.474
45.7148
38.7479
45.4847
37.0166
10.244
54.0434
43.9698
45.5437
39.8447
11.463