2.36502e-08
2.36502e-08
2.36502e-08
2.36502e-08
1.013
2.36502e-08
2.36502e-08
2.36502e-08
2.36502e-08
1.041
2.47165
2.47165
2.47165
2.47165
1.059
2.47165
2.47165
2.47165
2.47165
1.123
2.36502e-08
2.36502e-08
2.36502e-08
2.36502e-08
1.007
2.23078
1.23582
1.23582
1.23582
1.06
2.36502e-08
2.36502e-08
2.36502e-08
2.36502e-08
1.061
1.23582
1.23582
1.23582
1.23582
1.096
1.23582
1.23582
1.23582
1.23582
1.07
1.23582
1.23582
1.23582
1.23582
0.99
2.36502e-08
2.36502e-08
2.36502e-08
2.36502e-08
0.992
1.23582
1.23582
1.23582
1.23582
1.015
1.23582
1.23582
1.23582
1.23582
1.114
2.47165
2.47165
2.47165
2.47165
0.926
1.23582
1.23582
1.23582
1.23582
1.123
1.23582
1.23582
1.23582
1.23582
1.049
0.99496
2.36502e-08
2.36502e-08
2.36502e-08
1.119
1.23582
1.23582
1.23582
1.23582
1.127
2.36502e-08
2.36502e-08
2.36502e-08
2.36502e-08
1.015
1.23582
1.23582
1.23582
1.23582
0.987
1.23582
1.23582
1.23582
1.23582
1.028
2.36502e-08
2.36502e-08
2.36502e-08
2.36502e-08
1.07
0.99496
2.36502e-08
2.36502e-08
2.36502e-08
1.123
3.70747
3.70747
3.70747
3.70747
1.022
3.70747
3.70747
3.70747
3.70747
1.082
2.23583
1.23582
1.23582
1.23582
1.031
4.92341
1.23636
1.23582
1.23582
1.091
3.70747
3.70747
3.70747
3.70747
1.144
2.47165
2.47165
2.47165
2.47165
1.04
4.92341
4.92341
1.23582
1.23582
1.096
2.47251
2.47165
2.47165
2.47165
1.8
2.47166
2.47165
2.47165
2.47165
1.887
8.63089
7.7075
3.70747
3.70747
1.854
1.23753
1.23582
1.23582
1.23582
1.906
6.15924
6.15924
6.15924
2.47165
1.953
4.5161
2.47165
2.47165
2.47165
1.967
10.8617
9.86721
9.86671
9.86671
1.857
4.94561
4.94329
4.94332
4.94329
1.97
3.51054
2.47165
2.47165
2.47165
1.977
4.92342
4.92342
4.92341
4.92341
2.059
12.3185
12.3185
7.39506
7.39506
1.726
9.62584
5.01548
3.70747
3.70747
1.91
12.0975
11.1025
7.17408
6.17911
1.942
3.70748
3.70747
3.70747
3.70747
1.681
6.15924
6.15924
6.15924
6.15924
1.808
8.3912
7.39506
7.39506
7.39506
1.99
11.1025
11.1029
7.1742
7.17407
1.917
19.4778
18.4777
14.7901
10.8617
1.919
6.91839
4.92342
4.92341
4.92341
2.004
5.70245
4.70243
3.70747
3.70747
1.941
9.6309
8.63089
8.63088
8.63089
2.069
3.47166
2.47165
2.47165
2.47165
1.853
9.63902
3.70802
3.70747
3.70747
1.976
8.63089
8.63098
8.63088
8.63088
1.946
16.0061
16.0061
16.0061
11.0827
1.991
13.0726
11.0827
11.0827
2.43361
1.971
2.47165
2.47165
2.47165
2.47165
1.884
2.23079
1.23582
1.23582
1.23582
1.931
1.23633
1.23582
1.23582
1.23582
1.848
0.000102103
5.39225e-07
1.03115e-06
2.74343e-07
2.02
51.9668
40.2974
35.2525
46.4388
5.57
66.8858
55.3567
61.5254
50.4068
5.608
54.2811
54.909
52.2464
51.2198
5.821
50.2164
44.5142
38.0173
43.6758
5.728
52.4792
44.1053
37.2027
36.9937
5.716
83.5045
63.3527
56.8469
67.6087
5.152
54.5765
46.8851
53.9778
50.2746
5.422
52.8949
42.1211
30.7471
37.9743
5.828
39.7856
38.067
34.3947
45.8845
5.412
54.3234
48.1758
47.274
38.7729
5.547
43.7303
37.902
43.0186
29.0394
5.239
59.2838
50.3564
43.3011
28.969
5.421
50.9676
44.2014
43.0292
48.6626
5.881
51.4868
51.2334
43.2158
43.1944
5.909
48.4175
51.5544
50.3635
45.158
4.972
54.1639
53.1735
44.1113
33.1496
5.43
52.0545
39.896
27.7039
34.8825
5.022
53.292
47.8444
43.2935
39.1327
5.856
54.2855
44.6011
39.1045
42.9125
5.228
55.3543
48.5736
47.5298
39.9015
5.029
58.6948
45.1329
40.1274
44.4907
5.762
64.2076
50.9519
56.043
55.2785
5.414
55.4298
41.6986
31.5898
39.7054
4.83
74.1792
61.9211
76.2647
47.2437
5.35
59.3074
48.0727
51.8714
45.238
5.73
46.4771
38.8513
48.3527
53.9896
5.819
53.3147
45.3388
52.2699
56.5508
5.377
68.2386
61.8608
47.7237
43.1224
5.767
64.1457
48.6078
51.4197
41.4009
5.49
56.2594
59.9709
58.9043
51.549
4.992