1.23583
1.23583
2.36502e-08
2.36502e-08
9.514
2.36502e-08
2.36502e-08
2.36502e-08
2.36502e-08
9.639
2.36502e-08
2.36502e-08
2.36502e-08
2.36502e-08
9.704
2.47169
2.47166
2.47165
2.47166
9.552
2.47165
2.47165
2.47168
2.47165
8.778
1.23582
1.23583
1.23582
1.23582
8.72
2.36502e-08
2.36502e-08
2.36502e-08
2.36502e-08
9.584
1.23583
1.23582
1.23582
1.23583
9.67
1.23582
1.23583
1.23582
1.23583
8.405
1.23582
1.23583
1.23583
1.23583
9.372
2.36502e-08
2.36502e-08
2.36502e-08
2.36502e-08
9.51
2.47165
2.47165
2.47167
1.23582
9.406
1.23582
1.23582
1.23583
1.23583
9.525
4.92341
4.92342
2.36502e-08
2.36502e-08
9.809
2.36502e-08
2.36502e-08
2.36502e-08
2.36502e-08
9.339
2.47165
2.47182
1.23582
1.23583
9.692
1.23583
1.23583
1.23582
1.23582
9.433
2.36502e-08
2.36502e-08
2.36502e-08
2.36502e-08
9.57
2.36502e-08
2.36502e-08
2.36502e-08
2.36502e-08
9.656
1.23583
1.23584
1.23582
1.23582
9.534
2.36502e-08
2.36502e-08
2.36502e-08
2.36502e-08
9.206
2.36502e-08
2.36502e-08
2.36502e-08
2.36502e-08
9.375
4.94356
4.94476
4.94416
4.94393
9.686
2.36502e-08
2.36502e-08
2.36502e-08
2.36502e-08
9.71
3.70772
3.70757
2.47169
2.47165
8.573
3.70748
2.47166
2.47173
2.47179
9.334
2.47165
1.23582
1.23582
1.23583
9.609
1.23582
1.23584
1.23583
1.23583
9.67
2.36502e-08
2.36502e-08
2.36502e-08
2.36502e-08
9.441
1.23582
1.23582
1.23583
1.23583
9.856
8.69554
8.70468
3.73384
3.7327
18.971
2.49054
2.48308
2.48328
2.48977
18.513
2.48309
2.48813
2.4952
2.48563
18.79
3.74946
3.74844
3.73826
3.72683
16.887
13.6525
7.44386
7.45452
7.4412
17.881
1.2425
1.2442
1.24274
1.24201
17.574
8.70488
8.69371
8.66713
4.99945
18.564
1.24059
1.24431
1.24373
1.24282
18.707
7.42929
7.43303
7.44594
7.4468
18.786
3.7472
2.49387
2.49081
2.49243
18.703
4.73004e-08
4.73004e-08
4.73004e-08
4.73004e-08
18.769
11.1278
7.42803
2.48636
2.4832
16.583
3.73138
3.73364
3.72696
3.73166
18.448
7.42949
7.45917
7.43179
7.44536
18.639
4.97186
5.0086
4.99261
4.99663
17.903
11.1719
11.1457
1.24371
1.24085
18.015
3.73548
3.74527
3.73402
3.749
18.691
2.48602
2.4822
2.48247
2.48858
17.914
12.2052
11.1964
11.1953
11.2868
18.093
13.6368
8.6598
3.72824
3.73873
18.917
7.44792
7.43129
2.48827
2.48847
18.484
7.43633
7.471
7.43771
2.49818
18.442
2.48761
2.48913
2.48312
2.49205
18.569
2.4803
2.48893
2.49176
2.48902
18.589
6.19027
6.20254
1.24276
1.24343
18.485
6.18987
6.1853
6.19998
1.24779
18.176
3.73638
3.7361
3.73569
3.73768
18.131
4.98748
3.73239
3.74432
3.7321
18.461
3.72323
3.74055
3.71764
3.72826
18.738
1.24283
1.24619
1.24752
1.24559
18.812
54.6198
57.8033
65.1801
59.6076
52.641
58.4423
72.1016
39.7291
58.8967
55.313
46.263
39.3516
46.5964
39.8313
54.391
67.8599
47.2946
32.4249
45.9138
54.44
56.0996
53.3645
58.6595
24.6597
55.727
57.9273
63.377
57.3574
45.5683
57.031
34.6473
40.1231
29.1754
39.8813
55.17
54.2321
44.5678
42.285
33.5355
55.403
46.9725
33.2826
39.4215
46.1529
54.378
49.9425
42.685
41.5915
56.4467
56.493
52.703
41.3998
63.7281
26.9706
55.056
33.916
49.5877
55.4994
66.6703
55.793
71.2069
44.6909
43.1704
39.8634
53.153
53.4253
58.6233
46.7459
30.148
55.068
59.4016
45.0171
36.5825
47.6919
55.554
69.3775
37.353
41.9538
31.4638
53.763
48.5888
44.1557
64.196
45.7815
56.217
49.1057
34.0445
47.5747
45.6464
56.549
54.9928
42.4451
55.7828
59.1167
52.659
55.9672
53.0553
31.9614
41.6856
55.264
34.9493
49.9727
30.9482
47.6797
53.016
48.5627
56.3822
34.9573
50.6472
54.971
70.5943
63.4152
52.7064
47.4622
53.864
60.4593
48.4561
45.0277
38.6777
54.96
66.7928
41.0855
49.0543
38.2949
57.03
58.5006
57.9093
40.0349
39.0914
53.92
49.7674
36.8841
34.4037
44.8952
54.09
55.8873
50.7373
43.7509
33.3048
54.861
45.3794
37.8647
25.5604
33.4927
53.844
53.547
53.0108
59.3683
55.2693
55.11