2.36502e-08
2.36502e-08
2.36502e-08
2.36502e-08
1.667
1.23582
1.23582
1.23582
1.23582
1.957
2.36502e-08
2.36502e-08
2.36502e-08
2.36502e-08
1.975
2.36502e-08
2.36502e-08
2.36502e-08
2.36502e-08
1.869
1.23582
1.23582
1.23582
1.23582
1.839
2.36502e-08
2.36502e-08
2.36502e-08
2.36502e-08
1.863
2.36502e-08
2.36502e-08
2.36502e-08
2.36502e-08
1.878
1.23582
1.23582
1.23582
1.23582
1.855
2.36502e-08
2.36502e-08
2.36502e-08
2.36502e-08
1.951
1.23583
1.23582
1.23582
1.23582
1.88
2.36502e-08
2.36502e-08
2.36502e-08
2.36502e-08
1.88
1.23582
1.23582
1.23582
1.23582
1.823
2.36502e-08
2.36502e-08
2.36502e-08
2.36502e-08
1.771
1.0075e-06
2.36502e-08
2.36502e-08
2.36502e-08
1.932
2.36502e-08
2.36502e-08
2.36502e-08
2.36502e-08
1.978
1.23582
1.23582
1.23582
1.23582
1.993
2.36502e-08
2.36502e-08
2.36502e-08
2.36502e-08
1.842
2.36502e-08
2.36502e-08
2.36502e-08
2.36502e-08
1.683
2.36502e-08
2.36502e-08
2.36502e-08
2.36502e-08
1.794
6.14906e-08
2.36502e-08
2.36502e-08
2.36502e-08
1.897
2.36502e-08
2.36502e-08
2.36502e-08
2.36502e-08
1.702
1.23582
1.23582
1.23582
1.23582
1.912
0.994962
2.36502e-08
2.36502e-08
2.36502e-08
1.9
2.36502e-08
2.36502e-08
2.36502e-08
2.36502e-08
1.735
1.23582
1.23582
2.36502e-08
2.36502e-08
1.97
2.36502e-08
2.36502e-08
2.36502e-08
2.36502e-08
1.912
2.36502e-08
2.36502e-08
2.36502e-08
2.36502e-08
1.869
1.23582
1.23582
1.23582
1.23582
1.933
2.36502e-08
2.36502e-08
2.36502e-08
2.36502e-08
1.842
2.36502e-08
2.36502e-08
2.36502e-08
2.36502e-08
1.775
2.33434
1.24783
1.23986
1.2434
3.77
1.00733
0.000223381
0.000106643
0.000321235
3.261
5.74325
4.70963
4.72597
3.74562
3.443
4.51119
2.75138
2.48407
2.48426
3.481
4.73575
3.73485
3.7213
3.73009
3.693
1.23505
0.00539217
0.0001046
9.92646e-05
3.827
1.02945
4.90884e-05
0.000357069
0.000137029
3.538
3.49896
2.48705
2.48289
2.47682
3.426
5.98277
2.0032
0.00087094
0.000330808
3.934
3.52244
3.47602
2.54271
2.48361
3.639
6.96597
5.99496
5.01612
4.97663
3.377
0.540363
0.000160415
3.92121e-05
3.91364e-05
3.382
4.74919
3.72598
3.72131
3.72363
3.913
3.7579
3.4888
2.48107
2.48223
3.682
2.51159
2.48502
2.47714
2.48195
3.424
5.14678
4.72786
3.72701
3.72703
3.773
5.74325
4.74981
3.74332
3.72985
3.61
3.51427
2.488
2.47964
2.4774
3.814
3.4921
2.48435
2.48112
2.48645
3.743
9.6788
8.69922
3.72968
3.72454
3.483
4.50565
2.48856
2.48671
2.48411
3.492
2.24512
1.25162
1.24162
0.000220354
3.574
0.000227695
0.000414624
9.41183e-05
9.16587e-05
3.69
2.24497
1.24498
1.23998
1.24038
3.722
1.01304
0.000436912
2.88817e-05
0.000101384
3.684
1.01009
0.00306209
0.00128432
3.41415e-05
3.617
1.99651
0.000836579
3.28927e-05
3.92499e-05
3.74
2.98681
0.000475283
3.47469e-05
0.000136878
3.534
10.9279
10.9273
10.9298
9.92494
3.674
3.55918
2.24456
1.24889
1.24046
3.416
77.8813
67.6678
64.5624
76.1728
10.649
79.1321
71.3677
62.5812
69.804
11.244
84.5783
76.0665
73.5127
81.3738
11.391
88.7135
57.745
57.908
57.2271
11.025
62.9272
73.6905
85.1548
94.6591
11.458
86.9641
85.217
83.0348
67.9699
10.571
78.3226
78.5638
76.6508
57.8676
11.432
86.316
62.8316
83.4565
92.1126
10.398
99.2729
75.5096
45.6976
51.9528
10.788
62.41
74.5213
71.9418
76.2904
11.07
87.4203
67.3965
79.8895
86.3093
11.443
89.0483
70.7777
81.8911
71.5984
11.209
80.2622
74.8927
68.5701
75.8511
11.277
80.7864
75.7155
62.6584
62.0529
11.054
69.0238
74.6546
76.3469
62.7511
10.306
76.0554
61.5512
59.9591
63.3828
11.056
67.4918
61.5181
61.2392
59.828
10.834
86.3013
87.7679
85.0956
73.1162
11.122
63.3396
56.5331
61.8239
61.5419
10.513
94.3603
77.9598
79.5394
67.1057
10.649
79.9439
71.0617
50.6592
69.0164
10.564
65.227
74.9858
62.5132
69.1345
10.857
78.9096
58.8039
57.6909
66.0615
10.497
69.6945
77.9722
66.1493
71.2557
10.991
90.6586
84.9959
80.9406
72.0004
11.35
85.8274
80.7347
66.488
83.9751
11.141
64.1208
67.8402
80.3159
79.298
10.987
85.4232
75.401
77.8472
78.7387
10.878
80.9768
80.7379
75.8144
68.12
10.198
104.042
83.7456
79.5689
69.7819
11.485