1.24268
0.00086592
0.000307589
0.00404254
9.821
0.00193046
0.000848017
0.00104384
0.000411725
9.748
0.000979404
0.0015151
0.00184865
0.00107801
9.636
0.00142262
0.000184684
0.00314487
0.00156707
9.991
1.23769
1.23664
0.000956545
0.00146026
9.804
1.24389
1.23766
0.000841817
0.000987309
9.459
0.00493469
0.001294
0.000814494
0.00111657
9.537
1.23775
1.23623
1.23701
0.000925817
9.767
0.000492515
0.000516126
0.00135677
0.000372523
9.375
1.23922
1.24467
1.23634
0.000850102
9.259
0.00133718
0.000746762
0.000253553
0.00065008
9.23
1.23682
1.23936
1.24121
1.23757
8.794
0.00137933
0.000543673
0.00106992
0.00262679
9.561
0.000344067
8.11155e-05
0.00196848
0.00160556
9.984
0.000271036
0.00100744
0.000704946
0.000322158
9.689
0.00177724
0.00160309
0.00082441
0.000896377
9.38
0.00111729
0.00251939
0.00548528
0.00196371
9.565
9.86734e-05
0.000943189
0.000691552
0.00393213
8.888
0.000617385
0.000259305
0.000490169
0.000899143
9.524
0.000238493
0.000553853
0.000141546
0.0010941
9.844
1.24131
1.23826
0.000592828
0.000416418
9.709
0.000133903
0.000136589
0.0154131
0.000187901
9.562
1.23752
0.000938911
0.00150321
0.000611333
9.441
0.000757847
0.000365674
0.000170343
0.00133805
9.271
0.00019948
0.000739417
0.00108259
0.00253393
9.426
0.00030074
0.0018347
0.00125991
0.000539398
9.908
0.00316403
0.00091447
0.000573757
0.0141495
9.385
2.49375
2.48261
2.47543
1.23702
9.441
2.47728
0.0016414
0.00309775
0.00039519
10.002
0.00173083
0.00054636
0.000165121
4.21778e-05
9.934
9.75868
5.90514
7.86453
6.51686
18.828
5.19396
5.29198
3.74729
5.96239
18.187
4.6414
4.15693
5.12846
7.33941
19.112
6.7945
8.70555
8.59084
10.595
19.11
3.90331
6.03902
6.59122
5.3703
18.915
10.1588
7.42319
7.94282
3.79554
19.192
8.82469
6.62321
6.38432
7.18027
19.402
7.67707
6.88025
6.59891
8.03478
18.554
10.6433
4.82801
8.55986
4.89303
18.645
5.47896
7.89592
6.23201
4.16465
18.775
5.61911
7.29949
5.23408
5.08328
18.958
5.93676
7.84419
6.74965
7.05127
18.454
8.46289
5.3704
6.2473
6.36184
18.955
6.63028
5.75135
3.7201
8.04143
19.102
5.74218
9.09396
8.46241
4.56701
18.101
5.77697
7.73037
11.67
4.80687
18.803
8.60453
7.60198
8.92359
12.0214
17.53
3.50474
6.71101
5.29526
4.99285
18.421
6.88774
8.32491
6.62361
12.1445
18.93
5.48727
5.22873
7.52892
5.04668
19.002
5.98465
6.31996
6.82952
6.73917
19.357
8.89684
7.71827
4.73513
12.2861
18.755
5.96306
4.36588
5.84163
6.75208
18.295
7.35414
9.57988
6.25327
3.10801
17.593
8.15615
6.50265
6.72682
5.5204
18.571
7.81166
5.77229
6.80279
8.34197
18.992
3.08401
4.83883
5.74916
6.9213
17.452
6.94276
2.20139
5.39016
5.449
19.174
6.49273
8.1084
3.27922
4.07666
17.44
5.75932
4.53962
9.67748
5.63741
18.877
156.184
205.924
173.947
175.861
53.933
171.834
166.887
154.967
209.4
54.34
184.024
164.043
194.414
182.66
55.274
164.296
184.603
197.485
175.396
53.357
187.899
191.812
159.911
176.638
53.317
175.225
183.674
141.678
213.246
52.964
165.78
167.249
199.398
208.9
55.267
169.071
199.158
173.421
176.86
55.627
155.716
161.806
169.73
217.571
56.628
221.505
130.859
160.625
172.623
55.876
180.056
168.454
155.866
191.214
51.866
188.993
180.536
204.945
160.155
53.19
195.115
170.82
189.257
175.952
53.107
188.912
164.471
178.347
179.88
56.696
192.551
189.557
198.376
190.193
53.052
182.084
185.807
172.64
167.877
51.605
193.14
177.61
160.541
169.605
53.438
181.06
207.746
220.081
167.627
53.28
170.963
174.329
184.125
182.029
55.604
167.759
194.968
193.175
170.546
54.029
188.424
171.438
184.448
151.301
54.702
192.853
202.437
175.808
165.128
54.414
188.814
169.717
232.837
158.057
55.55
182.42
166.88
164.902
203.607
53.352
182.804
163.249
160.914
184.06
54.281
197.875
194.334
204.106
183.582
53.661
167.336
192.398
205.993
151.219
55.276
200.659
166.958
200.419
168.053
54.668
187.215
184.376
208.463
174.54
55.077
178.345
180.051
176.821
181.886
54.943