1.23583
1.23582
1.23582
1.23582
1.824
2.47165
1.23583
1.23582
1.23582
1.631
1.23582
1.23582
1.23582
1.23582
1.941
2.36502e-08
2.36502e-08
2.36502e-08
2.36502e-08
1.91
2.36502e-08
2.36502e-08
2.36502e-08
2.36502e-08
1.873
1.24557
1.23582
1.23582
1.23582
1.888
2.47167
2.47165
2.47165
2.47165
1.867
2.36502e-08
2.36502e-08
2.36502e-08
2.36502e-08
1.888
1.23582
1.23582
1.23582
1.23582
1.6
1.23582
1.23582
1.23582
1.23582
1.884
2.36502e-08
2.36502e-08
2.36502e-08
2.36502e-08
1.657
2.36502e-08
2.36502e-08
2.36502e-08
2.36502e-08
1.927
1.23582
1.23582
1.23582
1.23582
1.807
1.23583
1.23582
1.23582
1.23582
1.938
1.23582
1.23582
1.23582
1.23582
2.001
1.23845
1.23582
1.23582
1.23582
1.989
1.23582
1.23582
1.23582
1.23582
1.775
1.23582
1.23582
1.23582
1.23582
1.961
1.23584
1.23582
1.23582
1.23582
1.876
1.23586
1.23582
1.23582
1.23582
1.829
2.36502e-08
2.36502e-08
2.36502e-08
2.36502e-08
1.909
0.994962
2.36502e-08
2.36502e-08
2.36502e-08
1.985
2.36502e-08
2.36502e-08
2.36502e-08
2.36502e-08
1.839
2.36502e-08
2.36502e-08
2.36502e-08
2.36502e-08
1.53
2.36502e-08
2.36502e-08
2.36502e-08
2.36502e-08
1.723
2.36502e-08
2.36502e-08
2.36502e-08
2.36502e-08
1.79
1.23582
1.23582
1.23582
1.23582
1.642
2.36502e-08
2.36502e-08
2.36502e-08
2.36502e-08
1.902
1.23582
1.23582
1.23582
1.23582
1.932
2.36502e-08
2.36502e-08
2.36502e-08
2.36502e-08
1.963
2.99669
1.00455
0.687819
5.60889e-05
3.69
6.96731
6.95723
6.95395
6.96421
3.334
9.97584
3.47784
3.47269
3.47319
3.735
1.0049
0.00013071
2.62044e-06
2.03676e-05
3.697
2.55048
2.47723
2.47618
2.47578
3.678
3.2777
2.236
1.2425
1.23814
3.516
5.59533
2.4822
2.47822
2.47819
3.774
4.54846
3.47554
3.47241
3.47241
3.574
2.59356
2.24211
1.23827
1.24152
2.975
2.27492
1.9936
0.998194
1.8258e-06
3.712
3.28896
3.24173
2.60618
3.23627
3.785
1.62829
1.24031
1.23824
1.23927
3.484
6.71043
5.71951
5.71541
3.95932
3.388
3.24218
2.24291
2.24055
2.2396
3.458
11.6924
5.71842
4.72695
4.71856
3.696
5.24122
3.23588
3.23536
2.23473
3.087
6.99026
5.96127
5.96117
4.96643
3.312
5.79997
2.32816
2.23555
2.23414
3.648
4.50515
4.4729
3.47578
2.48313
3.413
3.2436
2.23576
2.23734
2.23554
3.353
2.56502
2.26485
1.23911
1.23824
3.667
4.10907
4.70909
4.7154
4.71867
3.342
16.8677
16.1585
16.832
16.8438
3.698
6.72194
5.77946
5.70708
4.72855
3.766
3.26485
2.23834
2.23485
1.28995
3.096
3.24293
3.23874
2.23967
2.23888
3.516
4.23642
2.24046
2.23977
2.24022
3.003
2.26317
1.29642
1.23964
1.23817
3.301
4.48869
2.50991
2.47851
2.47837
3.407
9.92255
9.90403
9.89978
9.91532
3.807
83.4563
76.0804
92.3768
74.8751
11.486
65.9719
73.5197
68.0198
69.7274
10.912
74.2765
70.372
61.9917
69.8371
10.795
70.7689
69.902
74.4979
62.9635
10.001
67.8818
59.0034
54.5539
52.2951
10.31
57.0015
55.9088
52.2776
55.8056
10.438
47.328
44.3482
39.6976
46.6077
10.538
61.0173
57.4146
57.3077
51.1079
10.675
46.5432
37.2215
33.7135
35.7065
10.564
63.0886
63.3277
61.9479
57.8416
10.296
49.2976
50.3249
53.4014
49.1783
10.424
63.9833
62.0375
54.7126
54.7243
10.382
60.7655
56.4214
57.3895
49.9142
10.718
49.2994
47.3015
51.2384
43.1951
10.152
61.1616
67.961
56.9629
56.7157
10.575
52.68
50.4478
50.6903
45.5117
11.31
70.0057
64.1651
57.5191
49.4551
10.532
60.907
59.8199
59.548
51.6353
11.467
60.9576
59.2446
49.7546
51.9376
10.76
60.5923
55.3766
55.6802
54.2275
11.091
74.3422
63.0653
66.6149
64.3551
10.612
67.6273
61.1269
47.9457
45.3983
11.149
78.6013
66.8066
61.1626
66.5071
10.701
67.8418
63.8717
56.6877
46.8682
10.576
63.8605
57.054
59.1791
63.3749
10.528
79.1743
76.2415
59.3156
56.4151
10.645
61.1624
57.1837
49.9733
49.9629
10.361
69.2532
70.3367
67.1994
71.4112
10.439
49.6869
54.6783
51.6427
57.2799
10.47
73.9484
68.9967
69.318
63.794
10.814