1.23582
1.23582
1.23582
1.23582
0.965
2.47165
2.47165
2.47165
2.47165
1.134
2.47165
2.47165
2.47165
2.47165
1.114
2.36502e-08
2.36502e-08
2.36502e-08
2.36502e-08
1.013
4.92341
1.00001
2.36502e-08
2.36502e-08
1.103
2.47165
2.47165
2.47165
2.47165
0.991
0.99496
2.36502e-08
2.36502e-08
2.36502e-08
1.147
2.36502e-08
2.36502e-08
2.36502e-08
2.36502e-08
0.935
2.36502e-08
2.36502e-08
2.36502e-08
2.36502e-08
1.1
4.92341
4.92341
4.92341
4.92341
1.101
2.36502e-08
2.36502e-08
2.36502e-08
2.36502e-08
1.067
2.36502e-08
2.36502e-08
2.36502e-08
2.36502e-08
1.106
3.70747
3.70747
3.70747
3.70747
1.149
2.47165
2.47165
2.47165
2.47165
1.15
5.92343
4.92341
1.23582
1.23582
1.058
1.23582
1.23582
1.23582
1.23582
1.085
1.23582
1.23582
1.23582
1.23582
0.994
1.23582
1.23582
1.23582
1.23582
0.972
1.23582
1.23582
1.23582
1.23582
0.969
1.23582
1.23582
1.23582
1.23582
1.047
2.23078
1.23582
1.23582
1.23582
1.022
2.47165
2.47165
2.47165
2.47165
1.08
2.47165
2.47165
2.47165
2.47165
1.061
2.36502e-08
2.36502e-08
2.36502e-08
2.36502e-08
1.126
2.47165
2.47165
2.47165
2.47165
1.01
2.47165
2.47165
2.47165
2.47165
1.04
2.47165
2.47165
2.47165
2.47165
1.128
2.36502e-08
2.36502e-08
2.36502e-08
2.36502e-08
1.151
1.23583
1.23582
1.23582
1.23582
1.06
2.36502e-08
2.36502e-08
2.36502e-08
2.36502e-08
1.017
4.47173
3.47166
3.47174
2.47166
1.941
13.5549
13.5543
12.3185
12.3185
1.958
3.70755
3.70747
3.70748
3.70747
1.894
12.3186
12.3186
12.3186
8.63089
1.67
6.15925
6.15925
6.15924
6.15924
2.094
7.21554
4.9468
4.94332
4.94341
1.965
7.16361
6.15925
6.15924
2.23081
2.028
2.47169
2.47165
2.47165
2.47165
1.977
2.47184
2.47165
2.47165
2.47165
1.984
1.23583
1.23582
1.23582
1.23583
2.02
8.39024
8.39003
7.39508
7.39507
1.914
4.70253
3.70751
3.7075
3.70747
1.979
3.46662
2.47165
2.47165
2.47165
1.706
2.47171
2.47165
2.47165
2.47165
2.013
6.15929
6.15924
6.15925
6.15926
1.679
3.23085
2.23587
1.23583
1.23583
1.957
4.92365
4.92342
4.92342
4.28542e-06
2.005
9.63091
4.70243
3.70748
3.70748
1.857
2.4731
2.47165
2.47165
2.47166
1.875
7.40304
7.39506
7.3951
7.39507
1.709
4.4667
2.47165
2.47165
2.47165
1.779
3.70761
3.70747
3.70748
3.70747
2.063
4.94346
4.94339
4.94333
4.9433
1.797
9.62586
8.6309
8.63089
8.6309
1.946
10.1407
6.15924
6.15924
6.15925
2.015
3.70748
3.70748
2.47165
2.47165
2.007
6.18083
6.17915
6.17917
6.17912
1.861
7.15421
6.15925
6.15924
6.15926
1.794
4.66382e-06
5.39225e-07
2.65829e-06
6.06392e-06
1.928
0.000618698
1.8258e-06
9.93309e-07
2.96101e-06
1.885
52.5514
51.2015
43.7474
40.7505
5.707
63.7525
55.1139
46.7772
54.0307
5.834
78.0719
50.098
45.4021
59.1943
5.778
73.1097
53.1053
51.3023
53.8688
5.768
67.3912
64.9247
55.4758
58.1245
5.346
65.513
65.251
60.6264
56.2639
5.86
71.02
54.928
63.109
53.8113
4.856
59.4983
50.9393
58.3356
53.5639
5.752
61.727
45.7909
37.6979
43.6958
5.657
57.2154
61.6244
54.5497
47.3258
5.461
57.0754
50.177
45.118
47.1466
5.567
69.1646
57.0511
57.0176
46.9314
5.049
79.5091
71.2102
71.6167
43.9914
5.368
48.0551
54.3438
53.3779
64.4007
5.819
63.2274
48.0839
62.9692
54.1321
5.722
66.3966
54.4696
55.4656
41.5336
5.768
69.6325
54.6201
47.6837
52.743
5.541
62.091
60.2069
50.7678
60.3452
5.772
77.8442
52.8783
60.0952
53.0028
5.58
53.8533
61.4046
61.5263
57.6252
5.759
68.2532
57.9133
64.8123
51.0519
5.211
68.6207
61.9523
47.8573
55.6228
5.185
81.5787
71.6843
69.406
64.8228
5.064
54.7336
48.1686
32.8503
38.1732
5.094
59.4388
67.0912
64.6185
55.5148
5.777
60.7562
42.3098
39.5169
43.1656
5.638
66.8548
52.1331
28.1802
40.9357
5.669
77.3062
67.3812
60.3958
57.7621
5.667
61.0787
59.2216
38.0357
45.0671
5.638
59.1102
59.0882
41.5014
48.8003
5.184