2.36502e-08
2.36502e-08
2.36502e-08
2.36502e-08
0.729
1.24231
1.23633
1.23729
1.23757
0.666
6.93755
1.0002
1.00102
5.16994e-06
0.701
2.36502e-08
2.36502e-08
2.36502e-08
2.36502e-08
0.733
0.995031
2.36502e-08
2.36502e-08
2.36502e-08
0.714
1.23697
1.23622
1.23615
1.23618
0.729
0.995839
2.36502e-08
2.36502e-08
2.36502e-08
0.723
4.7099
3.71408
3.71242
3.7126
0.703
11.1029
11.0881
1.3192
1.23593
0.733
1.23672
1.23721
1.23654
1.23599
0.703
1.23677
1.23648
1.23651
1.23625
0.726
4.92964
4.92487
0.995562
2.36502e-08
0.716
2.36502e-08
2.36502e-08
2.36502e-08
2.36502e-08
0.741
1.23633
1.2369
1.23703
1.23617
0.729
2.23654
2.23832
1.23595
1.23617
0.733
2.47487
2.47457
2.47307
2.47407
0.734
6.16256
6.16567
6.16696
6.16358
0.729
1.23671
1.23615
1.23641
1.23604
0.697
2.47326
2.47458
2.47282
2.47419
0.7
1.23703
1.23737
1.23651
1.23671
0.729
1.23778
1.23608
1.23636
1.23625
0.718
2.47446
2.47307
2.47361
2.47534
0.726
2.47521
2.4728
2.47445
2.47759
0.729
1.23644
1.23599
1.23614
1.23669
0.73
2.36502e-08
2.36502e-08
2.36502e-08
2.36502e-08
0.725
2.36502e-08
2.36502e-08
2.36502e-08
2.36502e-08
0.731
0.00216696
2.36502e-08
2.36502e-08
2.36502e-08
0.734
2.47325
2.47692
2.47327
2.47288
0.737
4.92507
2.36502e-08
2.36502e-08
2.36502e-08
0.704
2.47681
2.47418
2.47406
2.47308
0.728
3.27858
2.25566
1.24033
1.24222
1.423
7.22422
7.24327
6.20862
6.23442
1.419
2.24597
1.24463
1.24212
1.24242
1.399
3.5151
2.47971
2.49035
2.47795
1.395
6.18549
6.20299
6.21701
6.18063
1.309
12.743
12.6937
8.71788
8.68556
1.324
2.50212
2.49776
2.48647
2.48293
1.325
7.24111
6.24483
6.23241
6.2405
1.443
3.24401
1.25075
1.24723
1.24301
1.431
3.74151
3.75514
3.75674
3.72927
1.375
7.24321
7.20951
6.18836
6.19228
1.401
7.22639
6.19516
6.20012
6.19758
1.435
4.25256
2.27038
2.24554
1.24281
1.416
4.24776
1.23812
1.24469
1.24083
1.388
9.97571
9.9363
9.97758
9.96919
1.443
0.998869
1.00114
4.73004e-08
4.73004e-08
1.424
15.1397
14.1651
12.1668
11.2585
1.416
11.2793
8.2775
6.25145
6.206
1.442
6.21054
6.20288
6.23856
6.22199
1.415
3.50325
3.49771
2.49675
2.48478
1.408
3.23872
3.25015
1.2526
1.24255
1.379
2.24618
1.23948
1.24337
1.24383
1.433
5.04095
4.95177
4.96229
4.94126
1.195
2.24421
2.25013
1.24958
1.23968
1.414
3.53237
2.48505
2.48189
2.48349
1.388
6.27156
6.24982
6.22389
6.23768
1.417
7.20978
7.23168
5.68982
4.94734
1.429
15.0826
13.4536
12.4259
12.3958
1.428
4.25909
2.26801
1.25311
1.24374
1.391
9.94238
9.9847
9.96365
9.96608
1.432
40.4939
29.283
26.1834
26.8072
4.203
48.5142
43.3284
33.6559
29.3783
4.171
43.7166
39.0547
26.6651
24.5171
4.166
65.2425
43.8
38.9688
37.7641
4.089
50.2588
41.4334
39.1946
34.8217
4.269
56.9768
44.1336
34.5759
29.6589
4.238
58.682
39.8345
32.4525
31.988
4.242
67.6453
49.3246
43.5832
37.4684
4.208
35.5607
31.2711
26.8001
22.0521
3.923
50.1951
39.8454
40.0511
40.5242
4.271
61.8052
53.8815
53.8496
43.2228
4.233
37.4032
36.2955
34.6589
35.5321
4.175
49.2285
39.5176
26.9463
25.0799
4.219
51.5038
42.7422
29.0937
26.8799
4.185
41.4966
36.8306
32.9281
31.2751
3.608
46.9152
32.9034
30.2833
27.4481
4.219
27.9049
15.3191
13.8734
13.5127
4.048
58.6104
49.1004
47.2491
42.972
4.224
71.2172
58.8892
55.4826
53.0354
4.239
64.1801
58.5525
50.2905
42.6027
4.22
39.2765
30.8848
19.2702
15.9413
4.092
59.159
50.5682
35.6821
20.4004
4.233
42.6278
38.4534
30.112
24.5099
4.164
64.6599
68.4382
54.3684
51.5719
4.238
45.9212
41.3745
35.6015
30.8872
4.241
50.9914
36.9428
27.9902
21.7868
4.123
44.139
38.9077
34.2777
27.7822
4.241
65.0503
55.6884
51.2232
46.9226
4.267
39.9663
32.1981
32.5647
32.4818
3.936
49.1565
31.7091
25.9626
23.5291
4.231