2.47165
2.47165
2.47165
2.47165
1.844
2.36502e-08
2.36502e-08
2.36502e-08
2.36502e-08
2.205
2.36502e-08
2.36502e-08
2.36502e-08
2.36502e-08
1.742
1.23582
1.23582
2.36502e-08
2.36502e-08
2.092
2.36502e-08
2.36502e-08
2.36502e-08
2.36502e-08
2.222
2.47165
2.47165
2.47165
2.47165
2.202
2.36502e-08
2.36502e-08
2.36502e-08
2.36502e-08
2.227
2.36502e-08
2.36502e-08
2.36502e-08
2.36502e-08
1.96
4.92341
4.92341
4.92341
4.92341
2.223
1.23582
1.23582
1.23582
1.23582
2.008
1.23582
1.23582
1.23582
1.23582
1.806
1.23582
1.23582
1.23582
1.23582
1.925
2.36502e-08
2.36502e-08
2.36502e-08
2.36502e-08
2.229
2.36502e-08
2.36502e-08
2.36502e-08
2.36502e-08
2.019
2.36502e-08
2.36502e-08
2.36502e-08
2.36502e-08
2.091
2.47165
2.47165
2.47165
2.47165
2.104
2.36502e-08
2.36502e-08
2.36502e-08
2.36502e-08
2.175
2.36502e-08
2.36502e-08
2.36502e-08
2.36502e-08
2.111
1.23582
1.23582
1.23582
1.23582
2.068
2.36502e-08
2.36502e-08
2.36502e-08
2.36502e-08
2.06
2.36502e-08
2.36502e-08
2.36502e-08
2.36502e-08
2.148
2.36502e-08
2.36502e-08
2.36502e-08
2.36502e-08
2.215
2.36502e-08
2.36502e-08
2.36502e-08
2.36502e-08
2.145
2.47165
2.47165
2.47165
2.47165
2.134
2.36502e-08
2.36502e-08
2.36502e-08
2.36502e-08
2.066
2.47165
2.47165
2.47165
2.47165
2.182
2.36502e-08
2.36502e-08
2.36502e-08
2.36502e-08
1.888
1.23582
1.23582
1.23582
1.23582
2.02
2.47165
2.47165
2.47165
2.47165
2.159
2.36502e-08
2.36502e-08
2.36502e-08
2.36502e-08
2.1
6.15924
6.15924
6.15924
1.23582
3.88
4.94329
4.94329
4.94329
4.94329
3.44
2.36502e-07
8.51408e-08
1.60822e-07
2.74343e-07
3.751
2.47165
2.47165
2.47165
2.47165
3.741
8.63088
8.63088
8.63088
8.63088
3.768
5.91837
4.92341
4.92341
4.92341
3.882
4.92341
1.29603e-06
3.12183e-07
2.36502e-07
3.883
1.23582
1.23582
1.23582
1.23582
3.979
2.47165
2.47165
2.47165
1.23582
3.945
4.92341
3.7156
1.23582
1.23582
3.791
3.70747
3.70747
3.70747
3.70747
3.757
7.39506
7.39506
7.39506
2.47165
3.787
1.23583
1.23582
1.23582
1.23582
3.848
6.15924
6.15924
1.23582
1.23582
3.73
4.9435
4.94329
4.94329
4.94329
3.843
5.93826
4.94329
4.94329
4.94329
4.117
4.94329
4.94329
4.94329
4.94329
3.884
1.23582
1.23582
1.23582
1.23582
3.712
1.23582
1.23582
1.23582
1.23582
4.161
2.47233
2.47165
2.47165
2.47165
3.941
3.70747
3.70747
3.70747
3.70747
4.199
3.70747
3.70747
3.70747
3.70747
3.698
3.70747
3.70747
3.70747
2.47166
3.56
2.47165
2.47165
2.47165
2.47165
3.812
1.23583
1.23582
1.23582
1.23582
3.587
3.70747
3.70747
3.70747
3.70747
3.983
2.47169
2.47165
2.47165
2.47165
3.809
4.94329
4.94329
4.94329
4.94329
3.92
1.23582
1.23582
1.23582
1.23582
3.931
3.70747
3.70747
3.70747
3.70747
3.889
53.1429
42.8346
33.4552
30.8413
10.488
41.9614
33.436
34.3872
34.5852
11.283
36.0698
35.454
29.1415
31.1887
11
43.856
39.3125
35.7595
31.7476
10.978
40.1108
29.2336
33.7372
40.2593
11.333
50.8267
43.2646
43.4126
40.575
10.317
46.8091
37.768
39.1596
36.4003
11.156
55.3225
47.418
43.9799
37.3689
10.745
55.6902
52.7156
43.97
48.4163
11.832
45.7519
41.4285
36.7569
41.7764
10.594
41.2933
28.2401
26.4166
23.1432
11.547
41.9082
32.7109
29.4331
28.8684
11.066
52.3837
48.8753
35.8321
34.149
11.222
51.578
44.6136
39.2607
37.38
11.183
34.3367
43.6346
33.2333
31.2449
11.139
45.9485
43.2769
36.7066
39.5264
11.784
64.8562
43.4611
38.2666
30.0533
11.287
44.6251
25.0158
24.5713
30.9011
11.37
41.1791
39.8132
28.9706
31.052
10.831
43.3733
45.5648
45.5774
38.7442
11.063
69.907
64.3712
55.4539
51.7928
11.499
52.1976
48.991
53.1846
38.569
11.076
34.8975
24.4341
21.2957
25.8535
11.343
37.8273
38.6001
32.5372
38.4354
11.091
43.3603
41.6981
39.5693
40.7146
10.708
47.3481
48.5139
39.1607
40.3135
11.078
41.525
42.0768
32.2563
29.8763
11.341
50.7375
41.8403
34.7134
36.2013
11.338
51.4678
33.9736
37.2509
33.9623
11.134
45.7577
34.7091
31.4754
28.3197
10.349