2.00412e-05
3.77126e-05
1.44787e-05
4.71585e-06
0.79
1.01946
1.00135e-05
4.26177e-06
1.78843e-05
0.803
1.62193e-05
3.08872e-06
1.25488e-05
2.70038e-05
0.906
3.23088
1.23584
1.23589
1.23583
0.972
0.994961
7.74308e-06
2.36975e-06
1.08082e-05
0.913
0.994968
4.64017e-06
8.93978e-07
1.42138e-05
0.964
2.47198
2.47167
1.23584
1.23583
0.747
1.47057e-05
4.90506e-06
1.83384e-05
4.60233e-06
0.823
7.43421e-05
6.53219e-06
2.46956e-05
5.01858e-06
0.915
2.47433
2.47206
2.47171
2.47173
0.964
2.23082
1.23609
1.23613
1.23586
0.904
3.01446e-05
3.95905e-06
2.3409e-05
2.1517e-05
0.969
1.23608
1.23583
1.23586
1.23656
0.852
1.23604
1.23608
1.23584
1.23606
0.937
2.01926e-05
2.30306e-05
1.50463e-05
3.26042e-05
0.97
1.99502
2.89952e-06
7.40252e-06
1.64085e-05
0.898
3.46675
2.47194
2.47316
2.47201
0.981
0.996867
4.56449e-06
2.67248e-06
4.45097e-06
0.975
2.23629
1.23589
1.23585
1.23587
0.768
1.23585
1.23635
1.23594
1.23585
0.932
2.23081
1.23589
1.23617
1.23587
0.773
1.23603
1.23587
1.23605
1.23584
0.811
6.06439e-05
3.46712e-06
2.71552e-05
9.55942e-06
0.882
1.23657
1.23584
1.23583
1.23594
0.775
3.46746
2.47167
2.47193
2.47171
0.851
5.91905
0.000102609
1.23218e-05
5.78059e-05
0.969
2.47244
2.47207
2.47197
2.47186
0.948
0.994974
1.06946e-05
1.01649e-05
9.16729e-05
0.772
1.23591
1.236
1.23607
1.23591
0.675
0.000166862
4.77735e-07
3.85073e-05
6.45651e-06
0.953
12.4762
10.3917
11.154
2.71108
1.995
11.9935
10.6237
10.3392
10.142
1.818
5.89192
6.39943
7.15238
5.74017
1.905
5.0015
5.59895
5.26637
5.10625
1.363
7.51014
4.60061
4.93712
4.1051
1.782
3.70637
3.24975
2.11168
1.42126
1.905
10.0534
9.43153
8.96748
8.03024
1.798
12.2794
4.80513
2.40633
0.736939
1.847
10.7256
10.4628
4.0849
2.60894
1.811
13.3423
6.57931
7.27196
6.87266
1.873
7.21034
4.90246
3.9231
2.95297
1.666
9.93719
9.11036
5.64053
5.65482
1.607
6.20377
3.4816
1.12488
1.66469
1.867
6.10534
2.5675
1.20583
1.64971
1.852
3.42445
2.27647
2.67376
2.29993
1.909
14.0279
14.1208
11.9975
9.71382
1.612
7.79819
3.47399
3.16351
1.15784
1.791
16.1895
10.9244
10.5737
10.966
1.606
6.42505
3.67407
4.26324
4.22702
1.471
14.1927
10.2496
9.40768
9.086
1.802
6.13089
5.20639
2.84695
1.7677
1.666
14.1202
14.0913
11.8972
11.3394
1.582
6.91809
3.59326
3.80311
3.90008
1.88
6.03825
4.29434
4.76807
5.3567
1.593
8.24488
6.6377
4.8504
4.6053
1.663
8.38559
7.24207
6.02146
5.58829
2.009
7.3615
3.69875
3.65326
2.53246
1.934
7.40112
7.62485
5.4551
3.85058
1.858
6.9015
5.728
6.1262
3.24352
1.868
9.92706
5.49303
3.16058
4.19368
1.861
145.989
159.261
135.212
178.498
5.065
172.778
159.817
156.519
163.292
5.371
177.187
155.583
140.313
172.937
5.218
179.681
127.009
150.403
164.024
5.489
150.668
137.609
148.075
145.105
5.555
155.451
162.3
165.07
137.646
5.612
156.192
133.575
164.236
138.953
5.4
163.448
176.536
186.545
139.205
5.066
186.748
184.844
172.849
160.78
5.192
165.205
132.343
150.091
159.671
5.31
146.746
144.286
152.63
146.459
5.599
125.848
147.586
160.238
172.905
5.121
145.579
159.605
161.115
154.561
5.24
129.796
134.494
150.715
155.687
5.295
138.2
144.201
147.231
164.851
5.297
169.086
186.095
150.474
164.197
5.434
144.947
150.261
137.45
143.111
4.67
125.401
137.12
150.295
168.325
5.613
165.743
175.255
169.486
149.725
5.258
144.051
159.608
169.865
129.49
5.107
136.376
166.578
161.866
143.725
5.617
126.431
142.178
147.17
155.396
5.484
154.162
149.494
151.311
149.667
5.175
127.427
145.816
157.513
132.98
5.149
165.748
158.806
143.858
151.437
4.924
158.843
147.137
144.683
147.945
5.281
153.437
138.256
164.649
141.979
5.485
150.184
162.566
155.212
146.411
4.948
175.264
168.577
165.872
163.124
5.195
127.828
138.934
123.247
170.313
5.588