1.23582
1.23582
2.36502e-08
2.36502e-08
10.143
2.36502e-08
2.36502e-08
2.36502e-08
2.36502e-08
10.074
1.23582
1.23582
1.23582
1.23582
11.03
1.23582
1.23582
2.36502e-08
2.36502e-08
10.967
2.47165
2.47165
2.47165
2.47165
9.976
1.23582
1.23582
1.23582
1.23582
10.093
1.23582
1.23582
1.23582
1.23582
10.46
3.70747
3.70747
3.70747
3.70747
10.396
2.47165
2.47165
2.47165
2.47165
10.278
1.23582
1.23582
1.23582
1.23582
10.048
2.36502e-08
2.36502e-08
2.36502e-08
2.36502e-08
10.397
2.36502e-08
2.36502e-08
2.36502e-08
2.36502e-08
10.997
1.23582
1.23582
1.23582
1.23582
10.536
1.23582
1.23582
1.23582
1.23582
10.976
2.36502e-08
2.36502e-08
2.36502e-08
2.36502e-08
11.01
2.36502e-08
2.36502e-08
2.36502e-08
2.36502e-08
9.561
2.36502e-08
2.36502e-08
2.36502e-08
2.36502e-08
10.235
1.23582
1.23582
0.99496
2.36502e-08
9.653
2.47165
2.47165
2.47165
2.47165
10.488
2.47165
1.23582
2.36502e-08
2.36502e-08
11.019
1.23582
1.23582
1.23582
1.23582
9.448
2.36502e-08
2.36502e-08
2.36502e-08
2.36502e-08
10.468
4.94329
4.94329
3.70747
3.70747
9.98
2.36502e-08
2.36502e-08
2.36502e-08
2.36502e-08
10.314
2.36502e-08
2.36502e-08
2.36502e-08
2.36502e-08
11.101
2.47165
2.47165
2.47165
2.47165
10.97
1.23582
1.23582
1.23582
1.23582
10.765
2.47165
2.47165
2.47165
2.47165
10.629
1.23582
2.36502e-08
2.36502e-08
2.36502e-08
10.078
1.23582
1.23582
1.23582
1.23582
10.27
1.23582
1.23582
1.23582
1.23582
18.967
1.23582
1.23582
1.23582
1.23582
19.354
1.23582
1.23582
1.23582
1.23582
19.222
1.23582
1.23582
1.23583
1.23582
19.342
2.47165
2.47165
2.47165
2.47165
19.05
1.23582
1.23582
1.23582
1.23582
18.305
1.23582
1.23582
1.23582
1.23582
20.032
1.23582
1.23582
1.23582
1.23583
19.135
2.47165
2.47165
1.23582
1.23582
20.159
1.23582
1.23582
1.23582
1.23582
19.156
1.23582
1.23582
1.23582
1.23582
18.735
8.51408e-08
9.55469e-07
3.87864e-07
4.63544e-07
19.088
1.23582
2.36502e-07
3.87864e-07
3.71782e-06
19.239
3.70748
3.70747
3.70747
3.70747
20.301
9.86678
3.70747
3.70747
3.70747
19.748
4.94329
3.70747
2.47165
2.47165
16.919
4.94329
4.9433
3.70747
3.70747
20.065
3.70796
2.47165
2.47165
2.47165
17.89
4.9433
4.94329
4.94329
4.94329
19.972
2.47165
2.47165
2.47165
2.47165
18.963
13.5543
3.70748
2.47165
2.47165
19.482
1.23582
1.23582
1.23582
1.23582
18.426
1.23582
1.23582
1.23582
1.23582
20.199
2.47165
2.47165
2.47165
2.47165
18.922
4.94329
4.94329
4.94329
4.94329
19.032
1.23582
1.23582
1.23582
1.23582
19.74
6.17911
6.17911
6.17911
6.17914
20.407
3.70825
2.47165
2.47165
2.47165
18.735
3.70747
3.70747
3.70747
3.70747
19.787
3.12183e-07
6.90587e-07
3.50023e-07
6.90587e-07
18.958
40.5511
27.9763
35.7005
22.1478
54.273
33.2491
22.7273
27.9163
28.2152
56.026
26.552
26.9675
30.4542
24.2516
56.556
39.3951
25.9928
30.4825
33.7441
55.551
46.3473
43.5033
30.9793
29.0547
56.063
47.5953
34.2215
34.5707
28.0014
55.772
35.3303
31.9864
53.2529
30.3475
56.218
42.3524
36.8902
28.8323
31.9231
56.911
49.9095
23.6695
32.1132
25.5253
56.074
27.9721
30.0796
22.2424
26.5683
55.384
42.5459
34.4491
31.2298
22.243
54.465
35.5916
30.2612
27.9635
20.0223
54.062
32.7584
29.4083
34.7798
34.6058
56.734
36.2353
25.0644
28.1673
28.8279
55.315
36.3215
24.6515
31.5462
36.3531
55.248
22.0989
35.1126
36.6686
34.0065
56.088
35.9086
26.7033
28.3158
44.1675
56.018
26.6188
26.4106
37.8948
30.6217
55.117
38.287
25.8478
28.8687
29.3672
54.649
29.2065
43.0422
25.7399
28.2807
55.624
43.7174
34.0246
42.0949
28.7421
55.942
33.1318
25.8391
37.3832
21.4704
56.274
22.1252
40.5534
21.7497
22.1209
56.915
57.2314
47.0469
44.5701
29.7714
58.083
45.852
39.2572
32.0824
31.1278
55.586
46.7287
26.0265
36.6645
37.0785
56.557
39.3486
34.8963
25.9676
27.4196
57.06
35.6298
43.9455
37.0342
25.1221
57.524
42.9689
41.7771
37.1553
41.3693
55.349
39.3275
34.4158
24.271
30.9187
53.939