2.36502e-08
2.36502e-08
2.36502e-08
2.36502e-08
18.598
2.36502e-08
2.36502e-08
2.36502e-08
2.36502e-08
18.556
1.23582
1.23582
1.23582
1.23582
19.266
1.23582
1.23582
1.23582
1.23582
19.476
2.36502e-08
2.36502e-08
2.36502e-08
2.36502e-08
18.96
2.36502e-08
2.36502e-08
2.36502e-08
2.36502e-08
18.827
2.47165
2.47165
1.23582
2.36502e-08
19.239
2.36502e-08
2.36502e-08
2.36502e-08
2.36502e-08
19.443
3.70748
3.70748
1.23582
1.23582
18.996
2.47165
1.23585
1.23582
2.36502e-08
19.57
2.36502e-08
2.36502e-08
2.36502e-08
2.36502e-08
19.074
2.47165
1.23583
1.23582
2.36502e-08
19.136
2.36502e-08
2.36502e-08
2.36502e-08
2.36502e-08
18.962
2.36502e-08
2.36502e-08
2.36502e-08
2.36502e-08
19.185
1.23582
1.23582
2.36502e-08
2.36502e-08
19.113
2.36502e-08
2.36502e-08
2.36502e-08
2.36502e-08
19.554
1.23582
1.23582
1.23582
1.23582
19.17
2.36502e-08
2.36502e-08
2.36502e-08
2.36502e-08
19.315
1.23582
1.23582
1.23582
2.36502e-08
19.102
1.23582
1.23582
1.23582
1.23582
18.98
2.36502e-08
2.36502e-08
2.36502e-08
2.36502e-08
19.175
2.36502e-08
2.36502e-08
2.36502e-08
2.36502e-08
19.154
2.36502e-08
2.36502e-08
2.36502e-08
2.36502e-08
18.925
2.36502e-08
2.36502e-08
2.36502e-08
2.36502e-08
19.113
2.47165
1.23582
1.23582
2.36502e-08
18.762
2.36502e-08
2.36502e-08
2.36502e-08
2.36502e-08
18.895
2.36502e-08
2.36502e-08
2.36502e-08
2.36502e-08
19.026
2.36502e-08
2.36502e-08
2.36502e-08
2.36502e-08
19.213
2.36502e-08
2.36502e-08
2.36502e-08
2.36502e-08
18.69
2.36502e-08
2.36502e-08
2.36502e-08
2.36502e-08
18.573
1.23827
1.23834
1.23905
1.23878
37.442
1.23918
1.23798
1.23916
1.23837
37.338
3.72315
3.71603
3.71625
3.72027
37.299
2.47768
2.47686
2.47889
2.47715
36.713
4.96321
4.95918
4.95925
4.96189
36.427
1.23873
1.23772
1.23888
1.23843
37.414
4.92701
1.23756
1.23734
1.23871
35.557
2.47792
2.47624
2.47651
2.47948
36.968
2.47789
2.47633
2.47783
2.4753
35.798
4.96518
4.96076
4.968
4.96043
37.225
3.71688
3.71421
3.7162
3.71929
36.71
2.4763
2.47402
2.47966
2.4808
36.28
6.16933
6.17337
1.23855
1.24008
36.538
1.2389
1.23822
1.23973
1.23804
36.077
1.2386
1.23784
1.23804
1.23868
34.906
1.23916
1.23908
1.23744
1.23937
36.484
3.71459
3.722
3.71757
3.72004
37.488
1.60822e-07
1.60822e-07
4.73004e-08
4.73004e-08
37.451
2.47655
2.47748
2.47829
2.48008
37.264
8.51408e-08
8.51408e-08
8.51408e-08
8.51408e-08
37.914
2.48718
2.47458
2.47533
2.47784
35.482
1.23807
1.23807
1.23789
1.2385
37.256
1.23814
1.23925
1.23874
1.23858
36.726
1.23874
1.23807
1.23949
1.23894
37.48
3.71987
3.71803
3.71777
3.72106
35.369
2.47756
2.47977
2.47498
2.47883
36.002
1.23759
1.23742
1.23754
1.23832
37.67
1.23858
1.23757
1.23829
1.23909
35.95
4.7226
3.72193
2.47909
1.23742
36.62
3.72079
3.71391
3.7158
2.47557
37.929
66.2896
56.083
58.9486
53.2373
112.763
43.6841
43.4978
47.0044
52.5706
110.559
46.1911
36.035
28.8933
30.1545
111.537
59.0428
47.6179
40.6746
37.427
111.148
62.9796
40.8655
33.2799
32.8415
112.007
39.5548
27.4684
26.2704
26.2848
112.171
33.5927
31.6229
28.0743
22.7985
111.732
45.8275
42.4219
37.3976
41.8787
111.258
47.1997
50.3976
39.0146
39.3928
110.405
41.4629
29.6536
32.1358
31.7466
111.77
35.2081
30.4233
26.9556
28.8146
110.677
37.0586
45.8379
34.9891
31.1135
111.234
44.7171
33.9654
38.5139
32.1012
112.276
37.5565
36.9455
31.5192
28.6968
111.42
63.8278
48.3045
54.5294
53.816
113.075
40.5283
31.7025
31.6602
29.7998
112.091
40.5517
35.515
38.0531
44.3805
111.789
51.8917
51.8381
44.6206
37.6472
110.86
35.7848
30.8769
24.5785
25.9435
109.597
54.0508
47.153
29.4753
31.6513
112.077
45.3096
34.9182
31.3964
34.7717
110.953
56.572
34.8459
36.2723
29.2821
112.059
33.5038
34.7692
40.8057
35.3812
111.324
38.8713
28.8393
26.3534
26.2842
111.767
44.01
39.5853
32.0435
34.1393
109.844
57.8195
56.8219
47.0219
44.0976
111.862
43.2041
45.9284
30.2146
39.462
109.802
44.3569
43.7622
35.1104
42.2412
110.68
56.4995
65.2621
56.6334
45.4986
108.998
42.331
47.3451
40.151
40.8519
112.053