-28.8435
136.12
-28.2712
136.937
-28.6032
137.886
-28.9005
137.372
-28.6568
137.087
-29.0824
137.12
-28.6826
138.186
-28.2771
138.318
-28.5975
135.064
-29.2608
137.365
-28.6384
138.962
-28.5075
138.997
-28.6366
136.978
-28.4972
139.677
-28.5974
138.739
-28.8871
137.383
-28.2987
137.26
-28.7975
135.234
-27.7154
138.331
-28.9997
138.391
-28.6092
135.619
-28.941
139.015
-28.7166
135.613
-28.5678
138.342
-28.1487
137.496
-29.116
138.048
-28.5453
138.687
-28.741
135.756
-28.6645
130.593
-28.3432
139.398