-9.57328
180.157
-9.47098
188.525
-9.53185
184.982
-9.55945
185.565
-9.548
185.142
-9.61291
184.637
-9.45683
188.213
-9.54617
182.33
-9.5251
187.317
-9.60962
183.492
-9.57278
184.346
-9.46005
179.455
-9.46719
182.418
-9.54702
184.881
-9.65456
180.681
-9.63779
183.723
-9.47571
182.872
-9.57641
183.548
-9.50648
187.219
-9.55319
186.699
-9.5374
185.348
-9.41135
186.813
-9.61272
185.317
-9.57574
182.052
-9.51306
185.774
-9.49288
186.124
-9.61161
183.837
-9.47823
180.563
-9.47898
184.976
-9.61366
185.149