-27.3727
3377.75
-27.5589
3357.85
-27.4096
3380.14
-27.7078
3388.2
-27.2127
3428.91
-27.2441
3367.14
-27.3602
3399.15
-27.2541
3404.38
-27.4992
3348.89
-27.7992
3407.02
-27.2762
3363.18
-27.5212
3422.45
-27.3896
3345.35
-27.7278
3341.73
-27.3164
3334.02
-27.157
3343.01
-27.5504
3447.38
-27.1956
3366.95
-27.1515
3365.13
-27.5139
3321.03
-27.3591
3371.48
-27.2308
3363.05
-27.3148
3400.45
-27.428
3354.78
-27.5387
3410.78
-27.5461
3382.08
-27.5416
3415.94
-27.263
3400.86
-27.4515
3389.23
-27.5786
3358.37