-9.52203
104.542
-9.47593
103.958
-9.40851
101.828
-9.43332
102.025
-9.52826
104.056
-9.49815
101.904
-9.44259
101.893
-9.49801
102.774
-9.36466
102.202
-9.46155
102.001
-9.33632
101.496
-9.43422
101.695
-9.41467
103.984
-9.45032
102.361
-9.40752
102.877
-9.46843
102.342
-9.38611
102.417
-9.51672
101.861
-9.35927
107.323
-9.50181
103.953
-9.4045
102.647
-9.46854
99.438
-9.40187
103.667
-9.50556
104.962
-9.53551
102.633
-9.38541
101.495
-9.41087
102.361
-9.40603
101.515
-9.50524
102.258
-9.46762
101.625