-26.7809
1896.05
-26.9218
1929.03
-27.2324
1876.04
-26.6264
1915.3
-27.224
1915.93
-27.0368
1916.48
-26.7938
1966.04
-27.1308
1945.19
-27.0302
1901.9
-26.7405
1934.59
-26.9957
1942.32
-27.2214
1924.77
-26.9478
1922.62
-26.9235
1903.77
-26.5348
1915.13
-27.0412
1929.94
-26.7427
1892.43
-27.4403
1932.49
-27.0818
1913.73
-26.6399
1911.44
-26.8933
1938.73
-27.15
1923.4
-26.8757
1917.35
-26.6307
1903.95
-26.5327
1875.25
-26.839
1927.69
-27.1528
1912.87
-26.6474
1949.79
-26.9012
1918.6
-27.1219
1946.37