-3964.04
156.266
-4036.95
155.4
-3989.92
160.219
-4036.94
152.366
-3968.48
156.547
-4071.08
159.598
-4036.84
161.479
-3968.47
155.439
-4036.15
156.576
-4121.05
155.435
-4058.29
157.181
-4002.4
155.643
-3917.91
157.1
-3925.64
155.518
-3939.74
155.414
-4086.71
155.784
-3975.62
155.58
-3967.78
156.807
-3934.45
161.116
-4035.94
160.165
-4070.97
156.281
-3990.03
154.709
-3975.62
158.333
-4002.71
164.987
-3939.85
159.911
-4052.68
161.763
-4002.81
157.059
-4058.39
161.173
-4121.05
154.626
-4002.5
153.112