-4128.19
280.392
-4189.52
281.619
-4189.31
283.078
-4189.1
283.414
-4155.18
284.708
-4189.21
276.453
-4189.31
286.51
-4121.05
284.106
-4189
283.249
-4189.62
283.015
-4121.04
282.856
-4121.05
288.562
-4155.18
285.274
-4162.43
282.297
-4189.41
283.886
-4155.18
283.793
-4189.52
280.979
-4189.2
280.122
-4189.21
282.297
-4155.28
282.55
-4155.28
280.495
-4189.21
282.275
-4189.41
281.398
-4189.21
281.943
-4155.18
279.934
-4121.04
278.129
-4128.4
275.495
-4121.35
280.795
-4087.02
282.155
-4155.28
281.987