Thread id: 8532
Dimensions: 30


Global minimum: 1.34673e-06
Point:
(-0.000161133, 0.000200196, -0.000512696, -0.00012207, 4.39454e-05, 0.000297852, -6.34766e-05, 5.3711e-05, 4.39454e-05, -1.46485e-05, 0.000297852, 0.000307617, 0.000200196, -4.88282e-06, 0.000444336, 0.000200196, -0.000209961, 0.000297852, -8.30079e-05, -0.000180664, 6.34766e-05, 1.46485e-05, 0.00012207, 9.27735e-05, 0.000229492, -0.000102539, -0.000258789, 0.000180664, -4.39454e-05, 0.000278321)

Time elapsed: 63.729 seconds.

