Thread id: 6508
Dimensions: 30


Global minimum: 2.52452e-06
Point:
(0.000131836, 1.46485e-05, 0.000170899, -2.44141e-05, 0.000297852, -4.88282e-06, 0.000522461, 4.39454e-05, -0.000405274, -0.000112305, -0.000297852, -0.000141602, 0.000278321, -0.000219727, -0.00034668, 0.000219727, 0.000249024, 1.46485e-05, -0.000493165, -4.88282e-06, -0.00050293, -0.000161133, 0.000463868, 0.000151367, 0.000131836, -0.000249024, -0.000180664, 0.000385743, -0.000444336, 0.00050293)

Time elapsed: 58.341 seconds.

