Thread id: 3680
Dimensions: 30


Global minimum: 2.68341e-06
Point:
(0.000170899, -1.46485e-05, -0.000297852, 1.46485e-05, -0.000268555, 0.00034668, -4.39454e-05, 0.000170899, -0.00019043, -0.000444336, -0.000375977, 0.000141602, -0.000112305, -0.000278321, 1.46485e-05, -5.3711e-05, -0.000170899, 0.00019043, -6.34766e-05, -0.000454102, 0.00050293, -0.000805665, -0.000112305, -0.000297852, -0.000444336, -0.000151367, 0.000532227, -4.88282e-06, -9.27735e-05, 0.000249024)

Time elapsed: 61.238 seconds.

