Thread id: 744
Dimensions: 30


Global minimum: 1.55368e-06
Point:
(0.000141602, -6.34766e-05, 0.000131836, -7.32423e-05, 4.88282e-06, -8.30079e-05, 0.000395508, -4.88282e-06, 0.000356446, 0.000102539, -5.3711e-05, 6.34766e-05, 0.000415039, -0.000151367, -0.000239258, 4.88282e-06, 0.000229492, 0.000131836, -0.000356446, -0.00019043, -0.000307617, 0.000180664, -5.3711e-05, -0.000405274, 0.000444336, 1.46485e-05, -0.000415039, 0.00019043, 6.34766e-05, -9.27735e-05)

Time elapsed: 62.539 seconds.

