Thread id: 4340
Dimensions: 30


Global minimum: 9.5916e-07
Point:
(-0.000327149, -7.32423e-05, 5.3711e-05, 0.000112305, 0.000219727, 0.000415039, 0.000239258, -1.46485e-05, 8.30079e-05, -7.32423e-05, 1.46485e-05, -5.3711e-05, -2.44141e-05, 6.34766e-05, 0.000219727, -5.3711e-05, -3.41797e-05, -0.000317383, 6.34766e-05, 0.00019043, -6.34766e-05, -0.000180664, 0.000239258, -4.88282e-06, -9.27735e-05, -0.000239258, -4.39454e-05, 0.000249024, 0.000268555, -0.000209961)

Time elapsed: 62.609 seconds.

