Thread id: 1108
Dimensions: 30


Global minimum: 1.73164e-06
Point:
(-4.39454e-05, 0.000180664, -0.000141602, 1.46485e-05, -0.00012207, -3.41797e-05, -0.000532227, -0.000268555, 0.00019043, -9.27735e-05, -0.000249024, 0.000483399, 1.46485e-05, -0.000483399, -0.000151367, 0.000258789, -0.000112305, -0.000493165, -1.46485e-05, 0.000151367, -0.000170899, -1.46485e-05, 1.46485e-05, -0.000170899, 0.00019043, -0.00012207, -0.000258789, -0.000141602, 9.27735e-05, -0.000395508)

Time elapsed: 62.101 seconds.

