Thread id: 11924
Dimensions: 30


Global minimum: 1.46518e-06
Point:
(0.000239258, -0.000102539, -0.000209961, -0.000131836, 0.000532227, -0.000209961, -0.000258789, -0.000239258, 0.000151367, 7.32423e-05, -0.00012207, 0.000200196, 5.3711e-05, 0.000219727, -2.44141e-05, -0.000141602, 4.39454e-05, 2.44141e-05, -5.3711e-05, -0.000297852, 3.41797e-05, 0.000366211, -7.32423e-05, 0.000415039, -0.00019043, -0.000297852, -0.000219727, 4.39454e-05, -0.000200196, 0.000327149)

Time elapsed: 58.76 seconds.

