Thread id: 3524
Dimensions: 30


Global minimum: 1.5266e-06
Point:
(-0.000532227, 0.000131836, 0.000180664, 0.000249024, 8.30079e-05, -4.39454e-05, -0.00019043, -0.000112305, 4.88282e-06, -5.3711e-05, -0.00012207, 4.39454e-05, -0.000268555, -9.27735e-05, 1.46485e-05, -9.27735e-05, 4.39454e-05, 0.00019043, 3.41797e-05, -9.27735e-05, 0.000473633, 0.000473633, 2.44141e-05, -0.000493165, 0.000375977, 1.46485e-05, -1.46485e-05, 0.000219727, -0.000180664, -3.41797e-05)

Time elapsed: 62.031 seconds.

