Thread id: 15268
Dimensions: 30


Global minimum: 1.43562e-06
Point:
(-0.000200196, -0.000209961, -0.000170899, -5.3711e-05, -0.000249024, -4.39454e-05, -9.27735e-05, -0.000151367, 2.44141e-05, -0.000678712, -0.000249024, 4.88282e-06, -0.000327149, -0.000219727, -3.41797e-05, -4.39454e-05, 2.44141e-05, -0.000209961, 0.000112305, -0.000268555, -0.000161133, 2.44141e-05, 0.00019043, 5.3711e-05, 0.000444336, 5.3711e-05, 0.000161133, 0.000307617, -1.46485e-05, -0.000161133)

Time elapsed: 61.551 seconds.

