Thread id: 108
Dimensions: 30


Global minimum: 9.09378e-07
Point:
(0.000463868, 0.000200196, 1.46485e-05, -7.32423e-05, -6.34766e-05, -7.32423e-05, -0.000180664, 0.000112305, -7.32423e-05, -0.000239258, -0.000258789, -0.000151367, 0.000219727, 0.000180664, -0.00019043, 0.000209961, 0.00012207, 1.46485e-05, -3.41797e-05, 9.27735e-05, 4.88282e-06, -0.00019043, 0.000102539, 5.3711e-05, -0.000151367, 8.30079e-05, 0.00019043, -0.000170899, -0.000219727, -0.000249024)

Time elapsed: 61.156 seconds.

