Thread id: 12496
Dimensions: 30


Global minimum: 1.26033e-06
Point:
(0.000327149, 0.000366211, -2.44141e-05, 0.000395508, 3.41797e-05, 0.000161133, 0.000151367, 7.32423e-05, -5.3711e-05, 0.000288086, -8.30079e-05, -0.000444336, -0.000327149, -9.27735e-05, 1.46485e-05, -6.34766e-05, -3.41797e-05, 0.000141602, 7.32423e-05, 6.34766e-05, 0.000288086, -7.32423e-05, -2.44141e-05, -7.32423e-05, -0.000219727, 6.34766e-05, -0.000131836, 0.000297852, 0.000317383, 0.000112305)

Time elapsed: 63.378 seconds.

