Thread id: 13616
Dimensions: 30


Global minimum: 2.52433e-06
Point:
(-0.000161133, -3.41797e-05, -0.000131836, -0.000366211, -0.000131836, -0.000493165, -0.000307617, -0.000415039, 0.000102539, -0.000424805, 0.000131836, -0.000209961, -2.44141e-05, -0.000229492, 0.000415039, 0.000219727, 0.000561524, 4.39454e-05, 0.000141602, 0.000141602, 6.34766e-05, 2.44141e-05, -2.44141e-05, -6.34766e-05, -0.000375977, 2.44141e-05, -9.27735e-05, -0.000737305, 0.000258789, 0.000405274)

Time elapsed: 60.699 seconds.

