Thread id: 12812
Dimensions: 30


Global minimum: 1.88632e-06
Point:
(-0.000327149, -0.000307617, 2.44141e-05, -0.000209961, -0.000415039, 4.39454e-05, -0.000278321, -3.41797e-05, -7.32423e-05, 0.000405274, -0.000278321, 4.88282e-06, -0.000375977, -0.000249024, 0.000288086, -0.000102539, -0.00012207, 0.000327149, 0.000219727, -0.000141602, 0.000356446, -0.000278321, 0.000161133, -2.44141e-05, -0.00019043, 0.000161133, -6.34766e-05, -0.000297852, -0.000512696, -6.34766e-05)

Time elapsed: 61.545 seconds.

