Thread id: 11280
Dimensions: 30


Global minimum: 1.7427e-06
Point:
(-0.000249024, 0.00034668, 4.88282e-06, -8.30079e-05, 8.30079e-05, 4.39454e-05, -0.000141602, -8.30079e-05, -0.000161133, -0.000415039, 2.44141e-05, -0.000258789, 0.000288086, -0.000327149, -9.27735e-05, -0.000102539, 0.000219727, 4.88282e-06, -0.000219727, -3.41797e-05, -5.3711e-05, -0.000249024, -0.000317383, 0.000131836, -0.000102539, -4.39454e-05, -0.000590821, -0.000522461, -0.000356446, 2.44141e-05)

Time elapsed: 59.639 seconds.

