Thread id: 10460
Dimensions: 30


Global minimum: 1.57657e-06
Point:
(-7.32423e-05, -5.3711e-05, -0.000405274, -1.46485e-05, 0.000649415, 0.000268555, -1.46485e-05, 0.000209961, 9.27735e-05, 4.88282e-06, -0.00034668, -4.39454e-05, 3.41797e-05, 0.000112305, 6.34766e-05, -6.34766e-05, 5.3711e-05, 0.000229492, -4.39454e-05, -0.000219727, 0.000405274, -0.000317383, -0.000161133, -0.000141602, -0.000180664, -5.3711e-05, 0.000102539, -0.000239258, 0.000112305, 0.000424805)

Time elapsed: 63.087 seconds.

