Thread id: 14780
Dimensions: 30


Global minimum: 8.85536e-07
Point:
(0.000239258, 5.3711e-05, 0.00012207, 4.88282e-06, -0.000112305, -0.000239258, 0.000288086, -6.34766e-05, -9.27735e-05, -0.000307617, -6.34766e-05, 0.000141602, -0.000151367, 9.27735e-05, -8.30079e-05, -6.34766e-05, 8.30079e-05, 6.34766e-05, -0.000317383, 1.46485e-05, -1.46485e-05, -4.88282e-06, -0.000258789, 5.3711e-05, -9.27735e-05, 0.000307617, 0.000131836, -1.46485e-05, 2.44141e-05, -0.000424805)

Time elapsed: 61.309 seconds.

