Thread id: 14016
Dimensions: 30


Global minimum: 1.53938e-06
Point:
(0.000454102, -0.000356446, 0.00012207, 3.41797e-05, -0.000327149, 0.000170899, -0.000102539, -0.000239258, -0.00012207, 6.34766e-05, -4.39454e-05, 0.000102539, -0.000131836, 0.000278321, 0.000327149, 0.000444336, 4.88282e-06, 0.000161133, 9.27735e-05, -0.000307617, -0.000327149, -0.000297852, 0.000112305, -6.34766e-05, 0.000288086, 0.000170899, 8.30079e-05, -0.000112305, 0.000141602, 0.000249024)

Time elapsed: 62.71 seconds.

