Thread id: 14452
Dimensions: 30


Global minimum: 1.86725e-06
Point:
(-0.00019043, -0.000278321, -0.000551758, -0.000493165, 0.000336914, -0.000219727, -9.27735e-05, -0.000151367, -0.000405274, 4.88282e-06, -0.000375977, -1.46485e-05, -0.000219727, 0.000141602, -0.000161133, -8.30079e-05, -0.000317383, 0.000375977, -0.000356446, 6.34766e-05, 0.000180664, -0.000131836, 4.39454e-05, -0.000209961, -0.000151367, 9.27735e-05, -0.000239258, 0.00012207, 4.88282e-06, -0.000180664)

Time elapsed: 62.574 seconds.

