Thread id: 14092
Dimensions: 30


Global minimum: 1.77741e-06
Point:
(-0.000112305, -0.000366211, -0.000336914, 0.000375977, 0.000268555, 4.39454e-05, 0.000415039, -0.000170899, -0.000112305, 0.000102539, -6.34766e-05, 2.44141e-05, 1.46485e-05, 1.46485e-05, -0.000483399, -0.000219727, -0.000297852, -0.000307617, 0.000170899, -0.000161133, 0.000151367, 0.000297852, 0.000219727, 0.000180664, -0.000170899, 0.000209961, 0.000151367, 0.000307617, -6.34766e-05, -0.000405274)

Time elapsed: 59.335 seconds.

