Thread id: 12928
Dimensions: 30


Global minimum: 1.60842e-06
Point:
(-0.000170899, -9.27735e-05, 4.39454e-05, -8.30079e-05, 0.000375977, -0.000610352, 8.30079e-05, 3.41797e-05, 0.000239258, -4.88282e-06, 0.000200196, 0.000209961, -0.000112305, 2.44141e-05, 4.39454e-05, 7.32423e-05, 2.44141e-05, 0.000434571, -0.000141602, 8.30079e-05, 4.88282e-06, 5.3711e-05, 8.30079e-05, -4.39454e-05, 0.000522461, -0.000141602, 0.000463868, -4.39454e-05, 0.000327149, -0.000180664)

Time elapsed: 62.563 seconds.

