Thread id: 9728
Dimensions: 30


Global minimum: 1.43199e-06
Point:
(-0.000112305, 4.88282e-06, -9.27735e-05, -5.3711e-05, 0.000356446, -0.000249024, -0.000454102, -0.000102539, 4.88282e-06, -0.000268555, -0.000151367, 0.000239258, 0.000307617, -0.00012207, -0.000112305, 0.000229492, -2.44141e-05, -0.00034668, -0.000209961, -1.46485e-05, -0.000307617, 2.44141e-05, -0.00034668, -8.30079e-05, 6.34766e-05, 4.88282e-06, 9.27735e-05, -0.000219727, -0.000170899, -0.000444336)

Time elapsed: 61.326 seconds.

