Thread id: 12264
Dimensions: 30


Global minimum: 2.38567e-06
Point:
(-5.3711e-05, -0.000317383, 4.88282e-06, -0.000209961, 5.3711e-05, 0.000327149, -0.00012207, 0.000268555, 0.000336914, -9.27735e-05, 0.000258789, -0.000200196, 6.34766e-05, 0.000424805, -0.000541993, -0.000297852, -0.000239258, 0.000649415, 0.000288086, 0.000112305, 0.000209961, 0.00019043, -0.000512696, -4.39454e-05, -0.000219727, 4.88282e-06, -0.000200196, -0.000102539, -0.000405274, -0.000249024)

Time elapsed: 63.784 seconds.

