Thread id: 5076
Dimensions: 30


Global minimum: 1.31812e-06
Point:
(-0.000288086, 0.000229492, -0.000405274, -0.000151367, 5.3711e-05, -0.000161133, 0.000141602, -0.000200196, 0.000493165, -0.000161133, -3.41797e-05, 1.46485e-05, -0.000151367, -0.000170899, -0.000170899, 0.000131836, -0.000180664, 4.88282e-06, -0.000307617, -4.39454e-05, 0.000131836, 0.000239258, -7.32423e-05, 0.00034668, 0.000239258, 0.00034668, 5.3711e-05, 4.39454e-05, -0.000102539, 0.00012207)

Time elapsed: 62.557 seconds.

