Thread id: 2076
Dimensions: 30


Global minimum: 1.49856e-06
Point:
(-1.46485e-05, 0.000209961, -0.000200196, -0.000151367, -6.34766e-05, 0.000356446, -0.000102539, 1.46485e-05, 0.000336914, -0.000219727, -0.000268555, 1.46485e-05, 1.46485e-05, 0.000112305, 0.000405274, 0.000200196, -0.000161133, 0.000151367, 0.000219727, -8.30079e-05, -0.000102539, 0.00012207, -7.32423e-05, -6.34766e-05, 0.000317383, 7.32423e-05, 1.46485e-05, -0.000141602, -0.000415039, 0.000600587)

Time elapsed: 62.579 seconds.

