Thread id: 9540
Dimensions: 30


Global minimum: 2.73071e-06
Point:
(7.32423e-05, 0.000327149, -0.000454102, 0.000229492, -0.000375977, -0.000639649, -8.30079e-05, 3.41797e-05, 0.000366211, 0.000385743, 0.000278321, 0.000307617, 2.44141e-05, -0.000532227, -0.000375977, 5.3711e-05, -3.41797e-05, 1.46485e-05, -0.000239258, 0.000209961, 8.30079e-05, -0.000209961, 4.88282e-06, -0.000327149, -0.000249024, 1.46485e-05, -0.000268555, 9.27735e-05, 0.000200196, -0.000688477)

Time elapsed: 63.748 seconds.

