Thread id: 10904
Dimensions: 30


Global minimum: 1.62444e-06
Point:
(-3.41797e-05, 0.000415039, 0.000102539, 0.000366211, 0.000141602, 0.000200196, -6.34766e-05, -3.41797e-05, 2.44141e-05, 0.000229492, 0.000161133, 0.000297852, -0.000151367, -0.000249024, -0.00012207, 6.34766e-05, -0.000141602, -0.000200196, 0.000327149, 0.000249024, -0.00057129, 0.000170899, 0.000161133, 7.32423e-05, 1.46485e-05, -0.000483399, -2.44141e-05, 0.000297852, -6.34766e-05, 0.000161133)

Time elapsed: 61.873 seconds.

