Thread id: 7964
Dimensions: 30


Global minimum: 1.72019e-06
Point:
(8.30079e-05, -0.000424805, -0.00012207, -0.000258789, 0.000336914, -4.88282e-06, -3.41797e-05, -0.000239258, -4.39454e-05, 0.000307617, -0.000288086, -0.000405274, -0.000268555, 0.000258789, 0.000112305, 0.000229492, 0.000102539, 9.27735e-05, -4.88282e-06, 0.000141602, -0.000258789, -0.000239258, 0.000209961, -0.000200196, 3.41797e-05, -8.30079e-05, -0.000317383, 6.34766e-05, -0.000454102, -0.000405274)

Time elapsed: 64.115 seconds.

