-2094.84
-2094.78
-2094.48
-2094.75
19.537
-2094.4
-2094.5
-2094.61
-2094.72
19.303
-2094.35
-2094.44
-2094.46
-2094.48
19.26
-2094.62
-2094.76
-2094.72
-2094.82
19.406
-2094.64
-2094.53
-2094.63
-2094.42
19.344
-2094.45
-2094.2
-2094.73
-2094.44
19.243
-2094.62
-2094.6
-2094.54
-2094.5
19.265
-2094.59
-2094.63
-2094.4
-2094.62
19.264
-2094.75
-2094.69
-2094.86
-2094.75
19.394
-2094.8
-2094.87
-2094.79
-2094.82
19.549
-2094.55
-2094.71
-2094.7
-2094.71
19.349
-2094.88
-2094.84
-2094.88
-2094.81
19.496
-2094.69
-2094.52
-2094.5
-2094.69
19.499
-2094.53
-2094.61
-2094.72
-2094.69
19.211
-2094.34
-2094.48
-2094.84
-2094.75
18.475
-2094.72
-2094.43
-2094.69
-2094.8
17.756
-2094.47
-2094.5
-2094.65
-2094.74
18.845
-2094.53
-2094.85
-2094.75
-2094.84
19.109
-2094.61
-2094.57
-2094.54
-2094.34
17.132
-2094.32
-2094.63
-2094.48
-2094.74
19.323
-2094.5
-2094.77
-2094.78
-2094.85
17.922
-2094.88
-2094.84
-2094.76
-2094.83
19.405
-2094.61
-2094.46
-2094.15
-2094.42
18.786
-2094.66
-2094.76
-2094.77
-2094.89
19.297
-2094.62
-2094.66
-2094.71
-2094.85
19.327
-2094.68
-2094.66
-2094.69
-2094.68
17.198
-2094.58
-2094.44
-2094.47
-2094.84
19.364
-2094.6
-2094.78
-2094.78
-2094.8
19.354
-2094.36
-2094.56
-2094.56
-2094.67
19.205
-2094.51
-2094.69
-2094.63
-2094.82
19.066
-4188.08
-4187.37
-4187.47
-4188.4
38.267
-4188.2
-4188.39
-4189.34
-4189.5
37.912
-4187.27
-4187.21
-4187.1
-4187.32
37.503
-4188.34
-4188.61
-4188.57
-4188.85
38.013
-4188.62
-4188.76
-4188.24
-4188.14
38.146
-4187.55
-4188.52
-4188.52
-4188.37
38.284
-4188.73
-4188.35
-4187.85
-4188.53
38.291
-4187.45
-4188.86
-4189.06
-4188.94
38.228
-4188.07
-4187.87
-4187.72
-4188.42
38.217
-4187.7
-4187.08
-4187.21
-4187.3
36.253
-4187.89
-4188.38
-4187.67
-4188.47
37.674
-4187.68
-4187.2
-4188.41
-4188
37.994
-4188.04
-4187.3
-4188.47
-4188.59
38.176
-4188.35
-4188.63
-4188.34
-4188.16
37.712
-4188.03
-4187.37
-4188.68
-4188.52
36.287
-4188.58
-4189.37
-4189.3
-4189.53
38.171
-4188.53
-4188.37
-4189
-4188.4
38.318
-4188.5
-4188.2
-4189.37
-4189.27
38.237
-4187.75
-4188.03
-4187.46
-4188.65
37.861
-4188.35
-4187.26
-4188.47
-4188.69
38.189
-4187.36
-4188.21
-4188.28
-4187.25
38.17
-4187.83
-4188.84
-4188.03
-4189.13
38.109
-4188.21
-4188.5
-4187.86
-4188.98
38.22
-4188.21
-4187.81
-4187.63
-4189.21
38.145
-4188.94
-4188.52
-4189.09
-4188.64
38.028
-4188.61
-4187.89
-4189.16
-4187.48
37.58
-4187.91
-4187.59
-4189.06
-4188.16
37.967
-4188.44
-4188.8
-4188.05
-4187.24
38.11
-4188.12
-4188.45
-4188.36
-4188.32
38.179
-4188.7
-4187.95
-4189.06
-4187.4
38.191
-12545.9
-12549.4
-12548
-12549
113.794
-12506.2
-12556.8
-12542.4
-12552.7
113.533
-12547
-12553.2
-12542.9
-12554.3
111.699
-12552.7
-12540.5
-12546.9
-12545.4
113.326
-12542.5
-12544.7
-12529.5
-12550.5
113.693
-12502.6
-12546.5
-12550.8
-12546.6
113.794
-12543
-12552.8
-12551.1
-12550.5
113.497
-12473.5
-12546
-12552.3
-12545.4
111.378
-12545.9
-12542.5
-12548.5
-12547.2
114.114
-12502.9
-12545.1
-12554.5
-12552
113.778
-12551.6
-12551.8
-12541
-12552.6
111.607
-12546.6
-12542.8
-12535.9
-12550.5
113.733
-12547
-12550.1
-12551.3
-12546.8
113.95
-12544.4
-12548
-12552.7
-12554.7
113.477
-12548.7
-12535.5
-12540.3
-12547.5
114.138
-12548.6
-12541.4
-12551.5
-12556.3
113.997
-12547.6
-12555.6
-12546.8
-12546.9
113.414
-12549
-12543.9
-12553
-12538.6
113.87
-12504.9
-12546.1
-12551.1
-12547.3
113.616
-12547.7
-12549.1
-12545.6
-12537.9
113.226
-12503.5
-12550.5
-12548.5
-12535.7
112.927
-12553.9
-12545
-12551
-12556.8
113.496
-12553.1
-12548.7
-12545.7
-12548.5
113.884
-12512.1
-12545.6
-12548.6
-12547.1
111.524
-12518.4
-12543.1
-12548.7
-12550.9
113.848
-12551.8
-12541.4
-12552.3
-12553.9
113.467
-12542
-12542.4
-12552.5
-12546.8
113.907
-12543.5
-12559.8
-12543.1
-12549.1
113.535
-12550.6
-12546.6
-12546.6
-12552.7
113.228
-12548.4
-12556.6
-12543.1
-12544.3
113.803