-2094.6
-2094.6
-2094.6
-2094.6
25.054
-2094.81
-2094.81
-2094.81
-2094.81
25.272
-2094.81
-2094.81
-2094.81
-2094.81
25.397
-2094.71
-2094.71
-2094.71
-2094.71
24.562
-2094.71
-2094.71
-2094.71
-2094.71
25.247
-2094.81
-2094.81
-2094.81
-2094.81
24.985
-2094.91
-2094.91
-2094.91
-2094.91
24.84
-2094.6
-2094.6
-2094.6
-2094.71
25.276
-2094.71
-2094.71
-2094.81
-2094.81
25.255
-2094.81
-2094.81
-2094.81
-2094.81
24.798
-2094.71
-2094.71
-2094.81
-2094.81
24.813
-2094.81
-2094.81
-2094.81
-2094.81
25.04
-2094.81
-2094.81
-2094.91
-2094.91
25.592
-2094.81
-2094.81
-2094.91
-2094.91
25.267
-2094.71
-2094.71
-2094.71
-2094.71
24.866
-2094.71
-2094.71
-2094.71
-2094.71
25.443
-2094.81
-2094.81
-2094.81
-2094.81
25.277
-2094.71
-2094.71
-2094.71
-2094.71
25.022
-2094.81
-2094.81
-2094.81
-2094.81
24.824
-2094.81
-2094.81
-2094.81
-2094.81
25.337
-2094.71
-2094.71
-2094.71
-2094.71
25.232
-2094.91
-2094.91
-2094.91
-2094.91
24.752
-2094.81
-2094.81
-2094.81
-2094.81
25.194
-2094.71
-2094.71
-2094.71
-2094.71
25.086
-2094.81
-2094.81
-2094.81
-2094.81
25.669
-2094.71
-2094.71
-2094.71
-2094.71
25.489
-2094.81
-2094.91
-2094.91
-2094.91
25.346
-2094.81
-2094.81
-2094.81
-2094.81
25.48
-2094.6
-2094.6
-2094.6
-2094.6
25.361
-2094.6
-2094.6
-2094.6
-2094.6
25.241
-4189.39
-4189.35
-4189.41
-4189.37
48.786
-4189.29
-4189.31
-4189.37
-4189.29
49.242
-4189.5
-4189.49
-4189.5
-4189.4
48.65
-4188.81
-4188.78
-4188.9
-4188.85
48.605
-4189.01
-4189.03
-4189.12
-4189.12
49.521
-4189.57
-4189.63
-4189.59
-4189.63
49.22
-4188.98
-4188.81
-4188.9
-4188.82
49.107
-4188.74
-4188.76
-4188.71
-4188.56
49.108
-4189.6
-4189.68
-4189.6
-4189.58
49.185
-4188.91
-4189.02
-4188.89
-4189.05
49.406
-4189.43
-4189.46
-4189.51
-4189.48
49.09
-4189.03
-4189.01
-4189.1
-4189.09
49.22
-4189.34
-4189.3
-4189.33
-4189.35
49.737
-4189.36
-4189.28
-4189.32
-4189.41
48.561
-4189.26
-4189.1
-4189.22
-4189.2
48.597
-4189.16
-4189.18
-4189.26
-4189.23
49.363
-4189.19
-4189.19
-4189.14
-4189.18
49.173
-4189.35
-4189.32
-4189.33
-4189.28
49.426
-4189.28
-4189.15
-4189.14
-4189.13
49.096
-4189.23
-4189.08
-4189.15
-4189.08
49.059
-4188.76
-4188.78
-4188.85
-4189.05
49.162
-4189.08
-4189.02
-4189.16
-4189.08
49.057
-4189.3
-4189.39
-4189.35
-4189.33
49.429
-4188.98
-4189.22
-4188.98
-4188.95
49.147
-4188.94
-4188.92
-4188.92
-4188.73
49.081
-4189.47
-4189.46
-4189.5
-4189.47
49.06
-4189.35
-4189.5
-4189.51
-4189.4
49.348
-4189.35
-4189.31
-4189.32
-4189.33
49.701
-4188.92
-4188.8
-4188.82
-4188.86
49.1
-4189.09
-4189.01
-4189.07
-4189.18
49.243
-10865.2
-11307.5
-11584.5
-11616.1
149.655
-10455.1
-10847.5
-11423.1
-11469.8
146.286
-10055.1
-10985.4
-11403.7
-11430.7
145.549
-11466.9
-11491.9
-11860.2
-11887.4
146.207
-10607.1
-10646
-10939.1
-11269.6
146.295
-10481.1
-11006.9
-11422.7
-11696.1
147.847
-11217.3
-11410.2
-11594.1
-11690.7
145.242
-11654.8
-11757.2
-11870.9
-11884.2
149.289
-10916.8
-11472.6
-11500.2
-11505
144.169
-10778.3
-10996.5
-11353.3
-11482.3
145.237
-11287
-11550.5
-11554.3
-11590.7
146.133
-11402.9
-11429.4
-11588.5
-12013.2
149.161
-11113.4
-11054.6
-11654.4
-11739.3
148.656
-11272.7
-11706.9
-11796.9
-11790.6
146.07
-10898.6
-11698.7
-11836.6
-11926.1
144.198
-11531.6
-11513.1
-11552.5
-11535.3
144.892
-10637.6
-11122
-11159.4
-11558.4
146.358
-11078.8
-11088.1
-11141.4
-11184.9
149.285
-10783.1
-11155.1
-11436.8
-11404.7
146.669
-11436.1
-11818.7
-11935.3
-12050.8
147.97
-10841.1
-11228.9
-11467.2
-11455
145.301
-10567.7
-10640.3
-11023.3
-11261.5
146.449
-11051.3
-11590.5
-11735.9
-11910.8
146.447
-11309.6
-11547.9
-11858.8
-11733.9
146.301
-11024.7
-11272.9
-11361.3
-11420.1
148.878
-10500.2
-10963.3
-11334.6
-11633.1
144.248
-10851.8
-11463.5
-11584.3
-11668.4
145.615
-10458.7
-11111.3
-11182.9
-11172.3
145.213
-10831.9
-11217.7
-11417.4
-11965.8
146.076
-10754.8
-10744.7
-10955.6
-11279.1
147.781