-2094.5
-2094.5
-2094.5
-2094.5
21.258
-2094.71
-2094.71
-2094.71
-2094.71
21.298
-2094.71
-2094.71
-2094.71
-2094.71
21.165
-2094.71
-2094.71
-2094.71
-2094.71
21.369
-2094.6
-2094.6
-2094.6
-2094.6
21.291
-2094.71
-2094.71
-2094.71
-2094.71
20.521
-2094.4
-2094.4
-2094.4
-2094.4
19.897
-2094.71
-2094.71
-2094.71
-2094.71
20.888
-2094.6
-2094.6
-2094.6
-2094.6
21.269
-2094.71
-2094.81
-2094.81
-2094.81
21.16
-2094.81
-2094.81
-2094.81
-2094.81
20.662
-2094.6
-2094.6
-2094.6
-2094.6
21.207
-2094.71
-2094.71
-2094.71
-2094.71
20.615
-2094.71
-2094.71
-2094.71
-2094.71
20.772
-2094.6
-2094.6
-2094.6
-2094.6
21.286
-2094.6
-2094.6
-2094.6
-2094.6
21.365
-2094.81
-2094.81
-2094.81
-2094.81
21.181
-2094.5
-2094.5
-2094.5
-2094.5
21.086
-2094.71
-2094.71
-2094.71
-2094.71
21.148
-2094.6
-2094.6
-2094.6
-2094.6
21.119
-2094.5
-2094.5
-2094.5
-2094.5
21.39
-2094.5
-2094.5
-2094.5
-2094.5
21.238
-2094.6
-2094.6
-2094.6
-2094.6
21.219
-2094.81
-2094.81
-2094.81
-2094.81
21.355
-2094.6
-2094.6
-2094.6
-2094.6
21.311
-2094.6
-2094.6
-2094.6
-2094.6
21.223
-2094.71
-2094.71
-2094.71
-2094.71
21.189
-2094.6
-2094.6
-2094.6
-2094.6
21.947
-2094.5
-2094.5
-2094.5
-2094.5
19.736
-2094.6
-2094.6
-2094.6
-2094.6
21.02
-4189.21
-4189.21
-4189.21
-4189.21
39.456
-4189.1
-4189.1
-4189.1
-4189.1
40.209
-4189.21
-4189.21
-4189.21
-4189.21
39.754
-4189.52
-4189.52
-4189.52
-4189.52
39.426
-4189.31
-4189.31
-4189.31
-4189.31
39.915
-4189.31
-4189.31
-4189.31
-4189.31
39.644
-4189.31
-4189.31
-4189.31
-4189.31
39.142
-4189.52
-4189.52
-4189.52
-4189.52
39.378
-4189.31
-4189.31
-4189.31
-4189.31
39.69
-4189.21
-4189.21
-4189.21
-4189.21
39.71
-4189.31
-4189.31
-4189.31
-4189.31
39.745
-4189.31
-4189.31
-4189.31
-4189.31
39.714
-4189.21
-4189.21
-4189.21
-4189.21
40.118
-4189.62
-4189.62
-4189.62
-4189.62
40.206
-4189.41
-4189.41
-4189.41
-4189.41
40.237
-4189.1
-4189.1
-4189.1
-4189.1
39.534
-4189.21
-4189.21
-4189.21
-4189.21
40.171
-4189.41
-4189.41
-4189.41
-4189.41
39.737
-4189.31
-4189.31
-4189.31
-4189.31
39.752
-4189.31
-4189.31
-4189.31
-4189.31
39.615
-4189.31
-4189.31
-4189.31
-4189.31
39.505
-4189.2
-4189.2
-4189.2
-4189.2
39.78
-4189.21
-4189.21
-4189.21
-4189.21
39.41
-4189.31
-4189.31
-4189.31
-4189.31
39.094
-4189.52
-4189.52
-4189.52
-4189.52
39.634
-4189.1
-4189.1
-4189.1
-4189.1
39.416
-4189.52
-4189.52
-4189.52
-4189.52
39.714
-4189.31
-4189.31
-4189.31
-4189.31
39.392
-4189.1
-4189.1
-4189.1
-4189.1
39.426
-4189.1
-4189.1
-4189.1
-4189.1
40.068
-12445
-12524.3
-12521.2
-12518.9
116.099
-12477.7
-12506.6
-12521.2
-12499.3
115.317
-12507.8
-12530.1
-12514.8
-12502.6
116.719
-12506.1
-12512.9
-12530.9
-12523
115.023
-12530.1
-12503.5
-12506.9
-12512.6
115.027
-12481.8
-12517.8
-12519.2
-12511.4
116.354
-12481.4
-12504.2
-12541
-12524.9
112.925
-12428.8
-12513.1
-12523
-12530.7
116.451
-12508.1
-12513.9
-12516
-12516.8
115.999
-12462.4
-12501.8
-12512.2
-12509.1
116.398
-12522.2
-12509.5
-12539.8
-12521.8
116.206
-12515.3
-12506.3
-12512.2
-12512.3
116.209
-12489.6
-12492.9
-12492.7
-12494.2
115.432
-12453.9
-12514.8
-12503.1
-12510.1
116.449
-12504.7
-12520.9
-12504.5
-12516.2
115.561
-12501.9
-12494.2
-12525.8
-12511.9
116.103
-12476.4
-12526.4
-12518.3
-12519.4
113.134
-12443.7
-12513.7
-12516.3
-12519
117.182
-12488.8
-12515.7
-12517.3
-12510.4
115.976
-12517.4
-12529.9
-12523.6
-12497.1
116.07
-12421.2
-12526.5
-12516.5
-12494.1
116.931
-12511.4
-12513.5
-12520.1
-12507.4
115.696
-12522.1
-12505.8
-12521.7
-12515.6
115.7
-12462.5
-12534.2
-12515.5
-12516.8
115.81
-12519
-12499.1
-12489.6
-12507.1
116.456
-12378.7
-12503.5
-12528.5
-12495.5
116.257
-12346.9
-12518.7
-12505.1
-12514.8
115.836
-12478.6
-12514.8
-12512.6
-12498.9
115.927
-12525.2
-12494.5
-12507.3
-12508.1
116.149
-12520
-12516.1
-12504.2
-12513.7
116.052