-2094.71
-2094.71
-2094.71
-2094.71
10.539
-2094.5
-2094.5
-2094.5
-2094.5
10.505
-2094.5
-2094.5
-2094.5
-2094.5
10.55
-2094.6
-2094.6
-2094.6
-2094.6
10.409
-2094.5
-2094.5
-2094.5
-2094.5
10.539
-2094.81
-2094.81
-2094.81
-2094.81
10.502
-2094.5
-2094.5
-2094.5
-2094.5
10.605
-2094.5
-2094.5
-2094.5
-2094.5
10.612
-2094.71
-2094.71
-2094.71
-2094.71
10.587
-2094.81
-2094.81
-2094.81
-2094.81
10.561
-2094.5
-2094.5
-2094.5
-2094.5
10.604
-2094.6
-2094.6
-2094.6
-2094.6
10.653
-2094.6
-2094.6
-2094.6
-2094.6
10.577
-2094.5
-2094.5
-2094.5
-2094.5
10.586
-2094.6
-2094.6
-2094.6
-2094.6
10.475
-2094.6
-2094.6
-2094.6
-2094.6
10.514
-2094.71
-2094.71
-2094.71
-2094.71
10.545
-2094.6
-2094.6
-2094.6
-2094.6
10.51
-2094.5
-2094.5
-2094.5
-2094.5
10.863
-2094.71
-2094.71
-2094.71
-2094.71
9.806
-2094.6
-2094.6
-2094.6
-2094.6
10.423
-2094.6
-2094.6
-2094.6
-2094.6
10.579
-2094.6
-2094.6
-2094.6
-2094.6
10.5
-2094.81
-2094.81
-2094.81
-2094.81
9.724
-2094.81
-2094.81
-2094.81
-2094.81
10.552
-2094.71
-2094.71
-2094.71
-2094.71
10.621
-2094.5
-2094.5
-2094.5
-2094.5
10.584
-2094.71
-2094.71
-2094.71
-2094.71
10.516
-2094.6
-2094.6
-2094.6
-2094.6
10.639
-2094.71
-2094.71
-2094.71
-2094.71
10.44
-4189
-4189
-4189
-4189
20.099
-4189.41
-4189.41
-4189.41
-4189.41
20.205
-4189.52
-4189.52
-4189.52
-4189.52
20.208
-4189.21
-4189.21
-4189.21
-4189.21
20.131
-4189.1
-4189.1
-4189.1
-4189.1
20.055
-4189.2
-4189.2
-4189.21
-4189.21
20.072
-4189.41
-4189.41
-4189.41
-4189.41
20.044
-4189.31
-4189.31
-4189.31
-4189.31
19.962
-4189.31
-4189.31
-4189.31
-4189.31
20.095
-4189.31
-4189.31
-4189.31
-4189.31
19.947
-4189.1
-4189.1
-4189.1
-4189.1
19.464
-4189.1
-4189.1
-4189.1
-4189.1
19.791
-4189.1
-4189.1
-4189.1
-4189.1
19.967
-4189.1
-4189.1
-4189.1
-4189.1
18.951
-4189.62
-4189.62
-4189.62
-4189.62
20.082
-4189.51
-4189.51
-4189.51
-4189.51
20.125
-4189.31
-4189.31
-4189.31
-4189.31
20.094
-4189.52
-4189.52
-4189.52
-4189.52
20.071
-4189.41
-4189.41
-4189.41
-4189.41
20.054
-4189.2
-4189.2
-4189.2
-4189.2
19.995
-4189.2
-4189.2
-4189.2
-4189.2
19.987
-4189.2
-4189.21
-4189.21
-4189.2
19.899
-4189.52
-4189.52
-4189.52
-4189.52
19.833
-4189.41
-4189.41
-4189.41
-4189.41
20.145
-4189.31
-4189.31
-4189.31
-4189.31
19.976
-4189.1
-4189.1
-4189.1
-4189.1
20.007
-4189.1
-4189.1
-4189.1
-4189.1
19.029
-4189.21
-4189.21
-4189.21
-4189.21
19.907
-4189.31
-4189.31
-4189.31
-4189.31
19.991
-4188.89
-4188.89
-4188.89
-4188.89
20.034
-12486.5
-12496.8
-12487.6
-12463.3
57.617
-12083.4
-12454.2
-12518.4
-12518.5
57.644
-12398.5
-12523.6
-12508.4
-12516.5
57.867
-12306.5
-12511
-12488.3
-12450.4
57.741
-12484.5
-12494.6
-12525.1
-12502.8
57.692
-11877.2
-12421.4
-12516.5
-12441.5
57.993
-12382.7
-12471.8
-12480.5
-12484.9
57.579
-12247.6
-12494.3
-12472.6
-12475
57.493
-12368
-12484.4
-12505.1
-12474.6
57.316
-12201.7
-12476.1
-12488.8
-12508.9
57.781
-12292.1
-12491.1
-12466.4
-12484.6
57.827
-12155
-12399.4
-12483.6
-12512.4
57.368
-11957.7
-12454
-12486
-12482.1
57.438
-12292.1
-12473.6
-12491.8
-12517.4
57.699
-12362.6
-12500.6
-12499.3
-12491.9
57.643
-12363.4
-12458.4
-12524.1
-12485.4
57.417
-12194.2
-12434.1
-12452.5
-12497.4
57.637
-12499
-12443.1
-12495.4
-12497.7
57.422
-12474.8
-12423
-12492.8
-12479
57.542
-12424.1
-12465.6
-12465.7
-12449.2
57.533
-12257.1
-12464.9
-12471.5
-12490
58.031
-12422.1
-12492.4
-12473
-12502.6
57.358
-12226.8
-12454.1
-12499.1
-12463.3
57.765
-12419.1
-12485
-12485.1
-12510.8
56.971
-12182.9
-12495.1
-12466.4
-12478.1
57.304
-12490.4
-12471.8
-12494.8
-12522.3
57.685
-12314.5
-12473.6
-12473.1
-12509.2
57.278
-12389.6
-12477.2
-12472
-12474.2
57.577
-12361.8
-12440
-12501.9
-12503.5
57.029
-12074.9
-12506.7
-12480.8
-12496.9
57.45