-2094.81
-2094.81
-2094.81
-2094.81
12.747
-2094.71
-2094.71
-2094.71
-2094.71
12.755
-2094.7
-2094.7
-2094.71
-2094.7
12.361
-2094.6
-2094.6
-2094.6
-2094.6
12.552
-2094.6
-2094.6
-2094.6
-2094.6
11.486
-2094.71
-2094.71
-2094.71
-2094.71
11.592
-2094.5
-2094.5
-2094.5
-2094.5
12.842
-2094.6
-2094.6
-2094.6
-2094.6
12.493
-2094.6
-2094.6
-2094.6
-2094.6
12.773
-2094.6
-2094.6
-2094.6
-2094.6
12.107
-2094.81
-2094.91
-2094.91
-2094.91
12.65
-2094.6
-2094.6
-2094.6
-2094.6
11.853
-2094.5
-2094.5
-2094.5
-2094.5
11.132
-2094.81
-2094.81
-2094.81
-2094.81
11.912
-2094.91
-2094.91
-2094.91
-2094.91
12.64
-2094.6
-2094.6
-2094.6
-2094.6
12.675
-2094.6
-2094.6
-2094.6
-2094.71
12.673
-2094.5
-2094.5
-2094.5
-2094.5
12.388
-2094.6
-2094.6
-2094.6
-2094.6
12.234
-2094.5
-2094.6
-2094.6
-2094.6
10.774
-2094.6
-2094.6
-2094.6
-2094.6
12.435
-2094.6
-2094.6
-2094.6
-2094.6
12.642
-2094.6
-2094.6
-2094.6
-2094.6
12.677
-2094.5
-2094.5
-2094.5
-2094.5
12.791
-2094.71
-2094.71
-2094.71
-2094.71
12.68
-2094.6
-2094.6
-2094.6
-2094.6
12.454
-2094.5
-2094.5
-2094.5
-2094.5
12.341
-2094.6
-2094.6
-2094.6
-2094.6
11.64
-2094.71
-2094.71
-2094.71
-2094.71
12.627
-2094.71
-2094.71
-2094.71
-2094.71
12.459
-4189.02
-4189.04
-4189.11
-4189.02
25.243
-4189.24
-4189.12
-4189
-4189.22
24.389
-4188.97
-4188.95
-4188.97
-4189.09
25.12
-4189.36
-4189.25
-4189.37
-4189.24
25.088
-4189.61
-4189.59
-4189.66
-4189.64
24.659
-4188.75
-4188.8
-4188.6
-4188.68
26.088
-4189.06
-4189.09
-4189.07
-4189.15
25.607
-4189.07
-4188.93
-4188.97
-4189.01
25.412
-4188.91
-4188.73
-4188.8
-4188.85
25.008
-4189.53
-4189.52
-4189.53
-4189.51
25.422
-4188.86
-4188.77
-4189.01
-4189.09
24.105
-4188.96
-4188.9
-4189.05
-4189.01
26.225
-4189
-4189.03
-4189.05
-4189.05
25.267
-4189.03
-4188.61
-4189.01
-4188.64
24.498
-4189.53
-4189.48
-4189.47
-4189.44
24.697
-4188.91
-4188.74
-4188.57
-4188.86
24.992
-4189.26
-4189.23
-4189.27
-4189.33
24.411
-4189.27
-4189.36
-4189.28
-4189.26
24.9
-4188.97
-4189.12
-4189.02
-4189.06
24.615
-4189.17
-4189.17
-4189.27
-4189.21
26.096
-4188.65
-4188.62
-4188.62
-4188.42
24.748
-4189.13
-4189.28
-4189.2
-4189.2
25.643
-4189.19
-4189.19
-4189.29
-4189.16
25.341
-4189.62
-4189.63
-4189.62
-4189.65
24.323
-4189.02
-4189
-4189.09
-4188.98
24.605
-4189.26
-4189.38
-4189.34
-4189.29
24.131
-4188.97
-4188.65
-4188.82
-4188.81
25.405
-4188.87
-4189.01
-4188.97
-4188.98
24.525
-4189.04
-4189.09
-4188.99
-4188.99
24.044
-4189.23
-4189.27
-4189.06
-4189.27
24.676
-10740.2
-11139.3
-11721.9
-11691.1
75.272
-10629.2
-11427
-11742.8
-11980.7
74.112
-10832.9
-11151.7
-11126.6
-11255.4
74.084
-11043.5
-11218.8
-11433.9
-11727
74.761
-10735.3
-11101.4
-11385.3
-11793.1
73.228
-10610.1
-11285.8
-11290.4
-11734.1
75.237
-10791.1
-11149.6
-11170.7
-11667.5
73.973
-11101.1
-11636.6
-11651.8
-11821.8
73.076
-11116.2
-11543.4
-11510.6
-12062
73.402
-10445
-10966.1
-11730
-11863.4
75.09
-11324.8
-11499.9
-11665.1
-11865.8
72.834
-11252.2
-11637.7
-11757.5
-11861.7
75.831
-10315.1
-10790.2
-11295.2
-11633.7
74.094
-11779.6
-11928.4
-11984.3
-12157.8
72.044
-11559.6
-11661.6
-11898.2
-11946.4
73.002
-10675
-11242.5
-11339.1
-11596.1
74.128
-11521.2
-11869.2
-11900.7
-12101.6
76.451
-10460.9
-11104.4
-11268.5
-11506.2
75.479
-11058.9
-11179.8
-11485.5
-11797.4
73.155
-10920.6
-11401.4
-11351.6
-11475.2
73.738
-10945.8
-11216.9
-11236.2
-11363.5
73.83
-10604.1
-11165
-11459.9
-11780.8
75.356
-10758.3
-11197.6
-11340.7
-11854
76.437
-11330.9
-11693.5
-12011.4
-12114.7
75.9
-11435.5
-11720
-12117.2
-12095.4
73.469
-11223
-11790.9
-11955.4
-12035.1
74.137
-10751.9
-11516.3
-11700
-11918
75.255
-11004.4
-11063.3
-11116.7
-11469.3
73.127
-10866.4
-11228.9
-11829.1
-11947.1
73.672
-11149
-11443.6
-11798.6
-11786.9
75.444