-2094.91
-2094.91
-2094.91
-2094.91
2.273
-2094.81
-2094.81
-2094.81
-2094.81
2.531
-2094.59
-2094.59
-2094.6
-2094.6
2.561
-2094.91
-2094.91
-2094.91
-2094.91
2.477
-2094.7
-2094.71
-2094.71
-2094.7
2.313
-2060.66
-2094.91
-2094.91
-2094.91
2.488
-2094.59
-2094.6
-2094.6
-2094.6
2.437
-2094.7
-2094.7
-2094.7
-2094.7
2.401
-2094.91
-2094.91
-2094.91
-2094.91
2.708
-2094.6
-2094.6
-2094.6
-2094.6
2.297
-2094.81
-2094.81
-2094.81
-2094.81
2.312
-2094.81
-2094.81
-2094.81
-2094.81
2.364
-2094.81
-2094.81
-2094.81
-2094.81
2.451
-2094.7
-2094.71
-2094.7
-2094.7
2.51
-2094.81
-2094.81
-2094.81
-2094.81
2.499
-2094.7
-2094.7
-2094.7
-2094.7
2.438
-2094.7
-2094.7
-2094.71
-2094.7
2.521
-2094.71
-2094.71
-2094.7
-2094.71
2.726
-2094.6
-2094.6
-2094.6
-2094.6
2.644
-2094.81
-2094.81
-2094.81
-2094.81
2.475
-2094.7
-2094.7
-2094.71
-2094.7
2.526
-2094.91
-2094.91
-2094.91
-2094.91
2.557
-2094.6
-2094.6
-2094.6
-2094.6
2.591
-2094.7
-2094.7
-2094.81
-2094.81
2.491
-2094.7
-2094.7
-2094.7
-2094.7
2.315
-2094.81
-2094.81
-2094.81
-2094.81
2.572
-2094.8
-2094.81
-2094.81
-2094.81
2.537
-2094.91
-2094.91
-2094.91
-2094.91
2.518
-2094.81
-2094.81
-2094.81
-2094.81
2.537
-2094.81
-2094.81
-2094.81
-2094.81
2.473
-4118.62
-4188.26
-4188.83
-4188.7
4.973
-4152.63
-4154.58
-4188.75
-4188.89
4.83
-3819.23
-4031.58
-4181.68
-4188.76
4.726
-4084.28
-4188.64
-4189.25
-4189.08
4.45
-4088.14
-4187.72
-4188.77
-4188.22
4.986
-4119.21
-4187.99
-4188.36
-4188.43
5.071
-4149.71
-4188.76
-4188.93
-4188.85
5.038
-4150.35
-4189.22
-4189.22
-4189.04
4.613
-3926.97
-4119.68
-4153.78
-4154.66
4.564
-4185.01
-4188.36
-4189.16
-4189.06
4.914
-4188.24
-4188.62
-4188.65
-4189.03
4.882
-4153.71
-4188.9
-4189.2
-4189.13
4.275
-4084.89
-4119.25
-4119.83
-4188.72
4.848
-3903.42
-4188.07
-4188.15
-4188.31
5.087
-4151.66
-4189.06
-4189.22
-4188.92
5.07
-4187.43
-4187.05
-4188.14
-4187.69
4.811
-4020.52
-4185.72
-4188.53
-4188.47
4.509
-4185.73
-4188.33
-4188.63
-4188.66
4.483
-4183.92
-4189.03
-4188.94
-4188.76
4.298
-4158.33
-4189.21
-4189
-4189.02
4.92
-4149.41
-4154.14
-4153.85
-4188.73
4.62
-4123.92
-4188.6
-4188.6
-4188.75
5.022
-4035.97
-4154.87
-4188.34
-4189.13
4.682
-4153.42
-4188.69
-4188.93
-4188.97
5.013
-4188.53
-4187.83
-4188.69
-4188.21
4.857
-4145.14
-4154.52
-4189.27
-4189.41
4.534
-4186.44
-4187.93
-4187.55
-4187.78
4.352
-4030.28
-4051.83
-4152.4
-4185.73
4.455
-4189.14
-4189.22
-4189.19
-4189.21
4.443
-4067.97
-4188.53
-4188.69
-4188.13
5.066
-10448.7
-10572.4
-10773
-10731.3
14.992
-10563.5
-10727.9
-10734.6
-10796.9
14.352
-10097.3
-10198.7
-10201.6
-10544.7
15.335
-10509.4
-10468.6
-10665.7
-10730.7
15.367
-10184.7
-10209.3
-10331.1
-10680
14.715
-10938.9
-10969.9
-10918.1
-10911.3
15.167
-10302.4
-10340.8
-10353.8
-10405.8
14.187
-10738.2
-10828.5
-11087.1
-11091.9
15.032
-10783.7
-10883.8
-10911.4
-10976.4
15.409
-10559.5
-10507.4
-10534.1
-10539.9
14.844
-10011.4
-10116.8
-10351.9
-10931.5
14.984
-10265.8
-10367.4
-10438.6
-10866.7
14.246
-10444
-10628.4
-11090
-11228.4
14.499
-9666.26
-10002.4
-10084.5
-10212.2
15.451
-10226.3
-10239.4
-10588.7
-10531.3
14.883
-10246.9
-10331.8
-10385.9
-10536.8
15.231
-9889.45
-9980.58
-10049.2
-10363.9
15.452
-10810
-10897.7
-11033.3
-11057.6
15.336
-10126.8
-10151.6
-10288.8
-10290.1
15.269
-9447.5
-9655.47
-9972.78
-10430.1
14.23
-9770.43
-9937.05
-10008.6
-9974.72
15.059
-10532.6
-10856.3
-10762.6
-10792.1
14.825
-9846.56
-9772.8
-9845.16
-9791.59
15.307
-10228.1
-10446.1
-10388.5
-10591
15.211
-9730.91
-9701.59
-9692.85
-10131
14.683
-9801.24
-9768.59
-9743.26
-9909.71
14.938
-10569
-10837.4
-10937.8
-11029.3
15.202
-10060.4
-10526.3
-10509.3
-10405.1
15.362
-9552.11
-9956.43
-9898.35
-9911.42
14.708
-10275.5
-10344.4
-10561.3
-10478.6
14.587