-2094.09
-2094.54
-2093.89
-2094.36
9.627
-2094.35
-2094.52
-2093.88
-2094.66
9.603
-2094.67
-2094.63
-2093.97
-2094.39
9.607
-2094.1
-2094.16
-2094.16
-2094.15
9.643
-2093.73
-2094.48
-2094.81
-2094.78
9.598
-2094.04
-2094.61
-2094.87
-2094.64
9.607
-2093.69
-2094.23
-2094.34
-2094.08
9.605
-2093.89
-2094.03
-2094.35
-2094.18
9.636
-2093.78
-2094.08
-2094.76
-2094.36
9.615
-2094.22
-2094.58
-2094.62
-2094.69
9.627
-2094.57
-2094.62
-2094.44
-2094.36
9.646
-2094.31
-2094.54
-2094.14
-2094.61
9.623
-2094.65
-2094.01
-2094.84
-2094.72
9.593
-2093.73
-2094.44
-2094.47
-2093.96
9.483
-2094.33
-2094.27
-2094.37
-2094.3
9.602
-2094.3
-2094.39
-2094.37
-2094.63
9.62
-2094.67
-2094.74
-2094.52
-2094.12
9.614
-2094.37
-2094.39
-2094.5
-2094.63
9.663
-2094.67
-2094.49
-2094.44
-2094.45
9.59
-2093.92
-2094.7
-2094.06
-2094.24
9.62
-2093.81
-2094.34
-2094.23
-2094.54
9.643
-2094.43
-2094.66
-2094.61
-2094.61
9.66
-2094.46
-2093.53
-2093.72
-2094.18
9.632
-2094.73
-2094.56
-2094.22
-2094.57
9.595
-2094.27
-2094.37
-2094.81
-2094.64
9.663
-2094.56
-2094.55
-2094.87
-2094.7
9.604
-2094.46
-2094.44
-2094.73
-2094.6
9.391
-2094.04
-2093.75
-2094.17
-2094.68
9.442
-2094.52
-2094.74
-2094.58
-2094.75
9.614
-2093.93
-2093.71
-2094.5
-2093.48
9.657
-4187.43
-4188.08
-4188.11
-4186.12
19.059
-4187.39
-4187.67
-4188.29
-4189.02
19.117
-4184.75
-4188.02
-4187.21
-4187.69
19.148
-4187.03
-4187.47
-4187.85
-4187.61
19.098
-4188.95
-4187.21
-4188.18
-4186.24
19.146
-4187.68
-4187.8
-4188.23
-4187.62
19.138
-4187.48
-4187.42
-4188.96
-4186.39
18.013
-4186.71
-4187.02
-4187.37
-4186.95
18.924
-4188.49
-4188.73
-4188.51
-4187.73
18.157
-4187.17
-4188.46
-4188.2
-4187.91
18.911
-4186.76
-4188.19
-4187.5
-4188.57
19.005
-4188.26
-4186.26
-4187.49
-4187.88
19.151
-4186.48
-4187.78
-4186.07
-4186.85
18.266
-4186.65
-4186.53
-4184.99
-4188.01
17.846
-4189.05
-4184.87
-4186.93
-4187.82
18.995
-4187.69
-4188.16
-4186.88
-4188.09
18.809
-4187.96
-4187.42
-4188.3
-4188.16
19.115
-4188.15
-4186.89
-4187.72
-4186.05
18.141
-4187.64
-4188.53
-4188.28
-4186.89
19.024
-4187.55
-4188.15
-4185.64
-4189.17
18.163
-4187.61
-4188.98
-4188.64
-4187.44
19.107
-4186.93
-4186.13
-4187.15
-4188.51
19.008
-4187.36
-4188.11
-4187.81
-4189.03
19.006
-4186.31
-4187.84
-4187.04
-4187.33
18.228
-4188.19
-4188.44
-4186.6
-4188.45
19.018
-4186.85
-4188.71
-4189.05
-4186.49
19.024
-4188.44
-4187.77
-4188.38
-4188.92
18.012
-4187.83
-4188.05
-4187.86
-4187.22
19.005
-4188.23
-4188.22
-4188.87
-4188.76
19.168
-4185.15
-4187.75
-4187.26
-4188.13
19.058
-12415.5
-12530.7
-12528.5
-12544.8
57.009
-12336.7
-12527.3
-12539.8
-12531.7
55.698
-12472.1
-12525.3
-12532.4
-12532.3
57.138
-12385.2
-12533.7
-12528.9
-12539.7
56.857
-12448
-12529.7
-12536.2
-12530.5
57.058
-12280.1
-12546.6
-12536.6
-12520.6
56.623
-12459.9
-12529.3
-12531.7
-12535
56.735
-12518.9
-12530.1
-12531.3
-12540
57.044
-12301.9
-12536.3
-12527.8
-12528
57.058
-12442.7
-12526.4
-12550
-12535.1
56.995
-12451
-12535.9
-12536.3
-12546
56.357
-12488.6
-12543.3
-12539
-12529.9
56.64
-12268.5
-12497.3
-12540.9
-12527
57.007
-12433.8
-12495.1
-12535.1
-12551.7
56.719
-12432.4
-12511.1
-12541.7
-12531.8
57.001
-12505.1
-12537.3
-12527.7
-12539.7
56.916
-12378.4
-12532.1
-12518.7
-12537.6
57.05
-12395.3
-12540.1
-12529.5
-12536.9
57.029
-12493.2
-12537
-12526
-12536.4
56.978
-12351.7
-12492.4
-12474.1
-12532.2
57.017
-12435.3
-12492.2
-12493.7
-12500.4
57.089
-12366.7
-12539.1
-12531
-12547.8
56.755
-12298.4
-12491.5
-12505.7
-12541
56.243
-12182.9
-12489.7
-12520.2
-12536
56.844
-12116.5
-12517.9
-12543.1
-12535.6
55.972
-12454.2
-12550.6
-12544.6
-12539.7
56.78
-12191.4
-12545.2
-12539.8
-12532.6
56.694
-12238.5
-12522.6
-12540
-12545.5
57.088
-12343.2
-12415.8
-12542.1
-12536.8
57.033
-12350.3
-12540.1
-12533.1
-12531.1
57.031