-2094.81
-2094.81
-2094.81
-2094.81
12.121
-2094.7
-2094.71
-2094.71
-2094.71
12.88
-2094.7
-2094.7
-2094.7
-2094.7
12.349
-2094.71
-2094.71
-2094.7
-2094.81
12.899
-2094.49
-2094.48
-2094.49
-2094.49
12.137
-2094.71
-2094.71
-2094.71
-2094.71
13.017
-2094.5
-2094.5
-2094.5
-2094.49
12.233
-2094.6
-2094.6
-2094.6
-2094.6
12.772
-2094.81
-2094.81
-2094.81
-2094.81
12.999
-2094.71
-2094.71
-2094.71
-2094.71
13.003
-2094.7
-2094.7
-2094.7
-2094.7
12.486
-2094.6
-2094.6
-2094.6
-2094.6
12.168
-2094.91
-2094.91
-2094.91
-2094.91
12.918
-2094.49
-2094.5
-2094.5
-2094.49
12.29
-2094.71
-2094.7
-2094.81
-2094.81
12.477
-2094.7
-2094.7
-2094.71
-2094.7
11.771
-2094.6
-2094.6
-2094.6
-2094.6
11.892
-2094.71
-2094.71
-2094.71
-2094.71
11.611
-2094.7
-2094.7
-2094.7
-2094.7
12.992
-2094.81
-2094.81
-2094.81
-2094.81
11.879
-2094.5
-2094.49
-2094.49
-2094.49
12.527
-2094.91
-2094.91
-2094.91
-2094.91
11.702
-2094.91
-2094.91
-2094.91
-2094.91
13.04
-2094.71
-2094.7
-2094.7
-2094.7
12.165
-2094.7
-2094.7
-2094.71
-2094.71
12.425
-2094.7
-2094.71
-2094.71
-2094.7
12.575
-2094.71
-2094.71
-2094.7
-2094.7
12.051
-2094.6
-2094.6
-2094.6
-2094.6
12.857
-2094.81
-2094.81
-2094.81
-2094.81
12.879
-2094.81
-2094.81
-2094.81
-2094.81
12.949
-4188.73
-4188.88
-4188.99
-4188.85
23.829
-4188.4
-4188.49
-4188.59
-4188.7
25.599
-4189.25
-4189.14
-4189.19
-4189.2
25.966
-4189.34
-4189.39
-4189.46
-4189.32
25.552
-4188.82
-4188.51
-4188.69
-4188.8
24.642
-4189.12
-4188.99
-4188.63
-4189.12
25.964
-4188.42
-4188.64
-4188.53
-4188.65
23.933
-4189.24
-4189.1
-4189.15
-4189.25
23.636
-4188.65
-4188.57
-4188.4
-4188.56
23.709
-4188.8
-4188.92
-4188.4
-4188.8
24.01
-4188.78
-4188.28
-4188.38
-4188.77
23.948
-4188.68
-4188.42
-4188.66
-4188.71
25.52
-4188.83
-4189.03
-4189.02
-4188.84
25.316
-4188.57
-4188.87
-4188.83
-4188.51
25.732
-4189.08
-4188.94
-4189.02
-4189.1
25.048
-4188.98
-4189.16
-4188.86
-4188.6
25.878
-4188.64
-4188.98
-4188.52
-4188.71
25.235
-4188.97
-4188.5
-4188.74
-4188.83
24.044
-4189.59
-4189.35
-4189.51
-4189.59
25.911
-4188.37
-4188.29
-4188.22
-4188.55
23.884
-4188.83
-4188.98
-4188.91
-4188.93
25.026
-4188.77
-4188.47
-4188.67
-4188.33
24.768
-4188.55
-4188.52
-4188.71
-4188.36
24.329
-4188.77
-4188.81
-4188.62
-4188.73
24.84
-4189.19
-4189.28
-4189.22
-4189.36
24.227
-4189.09
-4188.89
-4189.22
-4189.04
24.893
-4188.68
-4188.8
-4188.41
-4188.68
24.748
-4188.85
-4188.8
-4188.84
-4188.83
24.608
-4188.49
-4188.68
-4188.66
-4188.9
24.005
-4188.61
-4188.73
-4188.64
-4188.77
24.263
-10959.9
-11678.4
-11857.9
-12212
73.465
-11339.1
-11386.5
-11594.4
-11760.6
75.195
-11384.2
-11906.3
-12052.9
-12336.5
75.661
-11301.6
-11686.3
-11749
-11871.7
73.537
-10590
-11475.6
-11869.6
-11965.7
71.711
-11024.2
-11472.3
-12101.5
-12081.1
76.382
-10936.5
-11186.4
-11488
-11736.8
75.627
-10616.3
-11746.2
-11967.8
-12184.4
75.302
-10844.3
-11571.4
-12113.5
-12112.8
75.352
-11133
-11517.9
-11919.5
-12069.4
74.927
-11182
-11710.5
-12173.8
-12194.7
72.957
-11156.1
-11689.9
-12155.3
-12305.9
75.662
-11302.9
-11669.8
-11915.8
-12081.4
71.711
-10745.5
-11165
-11441.9
-11686
75.295
-10789.3
-11260.3
-11703.2
-12031.8
73.947
-11075.8
-11420
-11554
-11946.3
73.814
-11474
-11951.9
-12145.9
-12265.5
75.083
-11040.9
-11896.1
-12205.4
-12314.3
74.983
-10837.2
-11401
-11956.5
-12152.8
75.093
-11159.9
-11505.2
-11715.8
-11754.9
75.572
-10997.6
-11685.9
-11876.4
-11974
74.331
-11235.9
-11837.7
-12045.2
-12275.4
76.302
-10257.2
-10740.8
-11815.1
-11879.9
75.322
-10868.9
-11178.1
-11554.3
-12225.7
71.19
-10638.7
-11055.6
-11789.6
-11933.1
75.103
-11149.6
-11472.1
-11957
-12235.8
74.789
-11048.2
-11713.8
-11848.3
-12010.5
76.307
-10787.5
-11374.9
-11729.9
-11779.3
74.559
-10778.6
-11090.8
-11661.6
-11921.4
74.062
-11095.4
-11536.1
-11943.3
-12063.7
74.537