-2094.06
-2093.99
-2094.62
-2094.31
1.806
-2094.27
-2094.41
-2093.65
-2094.37
1.836
-2060.26
-2094.77
-2094.55
-2094.59
1.938
-2094.46
-2094.72
-2094.66
-2094.63
1.933
-2094.2
-2094.38
-2094.3
-2094.46
1.908
-2094.4
-2094.48
-2094.4
-2094.12
1.936
-2094.51
-2094.54
-2094.41
-2094.6
1.872
-2094.16
-2094.5
-2094.63
-2094.41
1.939
-2094.51
-2094.44
-2094.43
-2094.45
1.822
-2094.57
-2094.56
-2094.5
-2094.68
1.904
-2094.16
-2093.98
-2094.33
-2094.53
1.894
-2094.16
-2093.83
-2094.47
-2094.44
1.941
-2094.35
-2094.62
-2094.65
-2094.87
1.687
-2060.09
-2094.43
-2094.59
-2094.5
1.897
-2094.51
-2094.56
-2094.33
-2094.52
1.949
-2094.26
-2094.23
-2094.37
-2094.49
1.912
-2094.72
-2094.65
-2094.51
-2094.62
1.9
-2093.31
-2094.35
-2094.5
-2094.43
1.944
-2094.47
-2094.35
-2094.58
-2094.57
1.949
-2060.16
-2094.27
-2094.49
-2094.09
1.948
-1976.18
-2094.38
-2094.64
-2094.46
1.878
-2059.5
-2093.88
-2093.76
-2094.19
1.948
-2094.5
-2094.7
-2094.49
-2094.43
1.938
-2059.89
-2094.4
-2094.46
-2094.28
1.949
-1996.65
-2094.26
-2094.52
-2094.7
1.944
-2094.45
-2094.71
-2094.63
-2094.61
1.948
-2002.55
-2093.46
-2094.3
-2094.29
1.944
-2094.26
-2094.01
-2094
-2094.02
1.877
-2094.02
-2094.32
-2094.28
-2094.52
1.823
-1914.9
-2094.55
-2094.24
-2094.54
1.981
-4148.17
-4187.93
-4187.09
-4188.15
3.836
-4103.52
-4188.87
-4188.12
-4188.53
3.831
-4118.23
-4187.83
-4186.63
-4188.48
3.82
-4186.76
-4186.86
-4186.68
-4187.87
3.841
-4153.39
-4188.38
-4188.12
-4188.56
3.828
-3999.93
-4187.94
-4187.24
-4188.22
3.843
-4148.98
-4152.77
-4187.26
-4186.86
3.768
-3833.82
-4083.55
-4152.09
-4187.09
3.813
-4149.82
-4187.85
-4187.11
-4188.39
3.828
-4188.38
-4188.61
-4187.28
-4188.66
3.842
-4065.5
-4187.65
-4186.89
-4187.18
3.826
-4035.65
-4154.08
-4189.29
-4188.05
3.825
-4118.68
-4187.97
-4187.02
-4186.93
3.773
-4000.94
-4187.87
-4187.36
-4188.2
3.82
-4083.8
-4152.79
-4153.1
-4188.68
3.804
-4118.7
-4153.25
-4188.67
-4187.17
3.831
-4117.66
-4187.6
-4187.44
-4188.3
3.811
-4153.6
-4188.46
-4188.43
-4188.02
3.8
-4034.9
-4187.94
-4187.83
-4186.53
3.815
-4188.15
-4188.48
-4188.01
-4188.39
3.839
-4153.56
-4188.22
-4188.17
-4188.59
3.659
-4118.99
-4188.07
-4187.97
-4187.87
3.816
-4187.55
-4187.61
-4187.88
-4187.18
3.818
-4188.58
-4188.03
-4188.24
-4188.32
3.842
-3999.57
-4153.59
-4188.56
-4188.51
3.829
-4151.46
-4188.1
-4187.59
-4187.34
3.824
-4153.26
-4187.62
-4188.05
-4188.02
3.659
-4185.66
-4188.67
-4188.1
-4188.42
3.844
-4187.06
-4187.83
-4186.59
-4187.96
3.823
-4153
-4186.38
-4187.8
-4187.43
3.828
-11737.6
-12204.8
-12327.8
-12359.6
11.279
-11445.5
-11779.7
-12063.7
-12329.1
11.282
-11426.4
-11498.7
-11978.6
-12399.4
11.097
-11620.3
-11714.4
-12165.2
-12322.2
11.276
-11658.8
-12079.5
-12190.3
-12321.7
11.095
-11687.6
-12267
-12369.6
-12442.9
11.106
-11713.9
-12153.3
-12367
-12476.4
11.063
-11087.3
-11927.8
-12292
-12321.7
11.106
-11222.5
-11852.5
-12088.5
-12401.5
11.335
-11267.7
-11989
-12274.6
-12366.7
11.446
-11292.4
-11825.8
-11997.6
-12199.3
11.387
-11069.7
-11690.2
-12050.4
-12296.2
11.378
-11101.7
-11811.1
-12113.3
-12284.2
11.432
-11137.8
-11692
-12062.4
-12233.9
11.135
-10902.3
-11290
-11730.2
-12102.5
10.997
-11587.8
-12073.7
-12284
-12328.6
11.165
-11500.9
-11898.8
-11938.1
-12320.2
11.435
-10664.7
-11700.7
-12056
-12209.1
11.388
-11134.8
-11482.6
-11958.7
-12324.5
11.042
-11475.4
-11782.4
-12088.2
-12216.5
11.255
-11973.1
-12068.5
-12401.2
-12443.1
10.727
-11885.1
-12168.9
-12370.5
-12421.6
10.804
-11496.5
-11890
-12209.4
-12356.2
11.267
-10581.4
-11520.9
-12184.6
-12196.5
11.428
-11550.4
-12135.6
-12368.9
-12408.1
11.071
-11166.6
-11976.9
-12113.7
-12267.2
11.308
-11281.5
-11756.1
-11922.8
-12228.1
11.431
-11720.1
-12067.6
-12286.1
-12319.8
11.28
-11787.7
-12085
-12321.2
-12501.6
11.357
-11413.7
-11923.8
-12150.9
-12238.7
10.833