-2094.6
-2094.6
-2094.6
-2094.6
12.701
-2094.5
-2094.5
-2094.5
-2094.5
12.108
-2094.91
-2094.91
-2094.91
-2094.91
12.517
-2094.5
-2094.5
-2094.5
-2094.5
12.687
-2094.5
-2094.5
-2094.5
-2094.5
12.355
-2094.81
-2094.81
-2094.81
-2094.81
12.685
-2094.91
-2094.91
-2094.91
-2094.91
11.823
-2094.81
-2094.81
-2094.81
-2094.81
12.457
-2094.5
-2094.5
-2094.5
-2094.5
12.53
-2094.81
-2094.81
-2094.81
-2094.81
12.895
-2094.81
-2094.81
-2094.81
-2094.81
12.398
-2094.81
-2094.81
-2094.81
-2094.81
12.509
-2094.71
-2094.71
-2094.71
-2094.71
12.43
-2094.91
-2094.91
-2094.91
-2094.91
12.641
-2094.6
-2094.6
-2094.6
-2094.6
12.595
-2094.91
-2094.91
-2094.91
-2094.91
12.44
-2094.71
-2094.71
-2094.71
-2094.71
12.214
-2094.6
-2094.71
-2094.71
-2094.71
12.916
-2094.71
-2094.71
-2094.71
-2094.71
12.166
-2094.6
-2094.6
-2094.6
-2094.6
12.399
-2094.71
-2094.71
-2094.71
-2094.71
11.886
-2094.6
-2094.6
-2094.6
-2094.6
12.812
-2094.81
-2094.81
-2094.81
-2094.81
12.118
-2094.81
-2094.81
-2094.81
-2094.81
12.325
-2094.6
-2094.6
-2094.6
-2094.6
12.65
-2094.91
-2094.91
-2094.91
-2094.91
12.828
-2094.71
-2094.71
-2094.71
-2094.81
12.787
-2094.6
-2094.6
-2094.6
-2094.6
12.096
-2094.6
-2094.6
-2094.6
-2094.6
12.21
-2094.5
-2094.5
-2094.5
-2094.5
12.403
-4188.84
-4189.01
-4189.06
-4188.94
24.506
-4189.01
-4188.85
-4188.84
-4188.95
25.118
-4189.08
-4189.12
-4189.09
-4189.14
25.945
-4188.99
-4189.02
-4189.05
-4189.05
24.325
-4189.25
-4189.27
-4189.29
-4189.29
24.467
-4189.4
-4189.4
-4189.36
-4189.38
24.754
-4188.83
-4188.76
-4188.93
-4188.65
25.647
-4189.29
-4189.31
-4189.33
-4189.27
25.147
-4189.01
-4188.94
-4188.9
-4188.94
25.808
-4189.01
-4188.97
-4188.89
-4188.98
25.9
-4189.48
-4189.56
-4189.53
-4189.51
26.013
-4189.4
-4189.34
-4189.4
-4189.35
24.157
-4189.21
-4189.3
-4189.34
-4189.31
25.738
-4189.41
-4189.37
-4189.39
-4189.4
24.939
-4188.75
-4188.73
-4188.9
-4188.94
25.7
-4189.21
-4189.23
-4189.25
-4189.3
24.58
-4189.27
-4189.28
-4189.27
-4189.24
25.199
-4189.1
-4189.12
-4189.18
-4189.07
25.192
-4188.98
-4189.3
-4189.16
-4189.23
25.244
-4189.05
-4189
-4189.04
-4188.91
25.197
-4189.58
-4189.57
-4189.5
-4189.56
25.283
-4189.26
-4189.28
-4189.29
-4189.22
24.471
-4189.09
-4189.24
-4189.16
-4189.15
24.321
-4189.41
-4189.44
-4189.39
-4189.39
24.923
-4189.22
-4189.25
-4189.2
-4189.25
25.627
-4189.04
-4189.05
-4188.93
-4189.02
26.081
-4189.18
-4189.12
-4189.06
-4189.16
24.543
-4189.42
-4189.37
-4189.3
-4189.38
25.412
-4188.96
-4188.71
-4188.91
-4188.82
25.408
-4189.26
-4189.29
-4189.42
-4189.39
24.481
-11193.9
-12097.4
-12254.7
-12278.9
75.743
-12008
-12262.9
-12315.6
-12375.8
74.109
-11608.7
-12046.2
-12314.4
-12446
74.596
-11463.4
-11861.8
-12122.8
-12316
75.662
-11569.8
-12042.6
-12315.2
-12454.4
73.951
-11746.5
-12152.8
-12355.8
-12349.5
74.584
-11323.1
-11595
-11969.7
-12252
73.163
-11508.9
-12237.3
-12440.1
-12472.7
74.503
-11622.4
-11959
-12301.7
-12311.8
75.575
-11524.6
-11917.5
-11989.2
-12154.9
74.094
-11545
-11935.1
-12087.4
-12307.1
74.009
-10895
-11312.1
-11697.5
-12284.9
74.732
-11734.4
-12065.6
-12208
-12327.3
75.814
-11347
-11919.4
-12351.1
-12368.2
75.871
-11498.8
-11965.2
-12125
-12277.2
74.373
-11705.7
-11942.6
-12364.3
-12458.4
73.976
-11058.3
-11852.6
-12109
-12248.8
75.485
-11453.9
-11619.8
-12020.9
-12145.2
73.911
-11943.8
-12227
-12241.8
-12432.8
74.732
-10665.8
-11367.7
-11721.6
-11908.2
74.715
-11291.1
-11772.7
-12020.1
-12231.4
73.348
-11720.6
-12084.2
-12213.2
-12332.1
74.631
-10766.8
-11703.7
-11855.6
-12159.4
73.234
-10714.8
-11639.1
-11826.8
-12078.6
73.648
-11079.9
-11708.7
-12281.2
-12398.6
75.219
-11353.4
-11855.5
-12144.4
-12415.7
75.772
-11693.6
-11872.1
-12253.6
-12315.8
75.538
-11070.2
-11729.2
-12051.2
-12484.2
73.639
-11583.3
-12185.9
-12407
-12487.3
75.23
-11500.9
-11997.8
-12234.4
-12363.3
73.582