-2094.81
-2094.81
-2094.81
-2094.81
2.249
-2094.81
-2094.81
-2094.81
-2094.81
2.577
-2094.81
-2094.81
-2094.81
-2094.81
2.552
-2094.71
-2094.71
-2094.71
-2094.71
2.156
-2094.6
-2094.6
-2094.6
-2094.6
1.95
-2094.6
-2094.6
-2094.6
-2094.6
2.124
-2094.71
-2094.71
-2094.71
-2094.71
2.082
-2094.71
-2094.71
-2094.71
-2094.71
2.405
-2094.91
-2094.91
-2094.91
-2094.91
2.542
-2094.71
-2094.71
-2094.71
-2094.71
2.452
-2094.81
-2094.81
-2094.81
-2094.81
2.282
-2094.71
-2094.71
-2094.71
-2094.71
2.623
-2094.91
-2094.91
-2094.91
-2094.91
2.555
-2094.71
-2094.71
-2094.71
-2094.71
2.235
-2094.81
-2094.81
-2094.81
-2094.81
2.536
-2094.81
-2094.81
-2094.81
-2094.81
2.665
-2094.71
-2094.71
-2094.71
-2094.71
2.667
-2094.71
-2094.71
-2094.71
-2094.71
2.582
-2094.6
-2094.6
-2094.6
-2094.6
2.664
-2094.5
-2094.5
-2094.5
-2094.5
2.703
-2094.81
-2094.81
-2094.81
-2094.81
2.285
-2094.71
-2094.71
-2094.71
-2094.71
2.583
-2094.71
-2094.71
-2094.71
-2094.71
2.442
-2094.6
-2094.6
-2094.6
-2094.6
2.233
-2094.71
-2094.71
-2094.71
-2094.71
2.491
-2094.71
-2094.71
-2094.71
-2094.71
2.144
-2094.81
-2094.81
-2094.81
-2094.81
2.237
-2094.71
-2094.71
-2094.71
-2094.71
2.256
-2094.71
-2094.71
-2094.71
-2094.71
2.582
-2094.81
-2094.81
-2094.81
-2094.81
2.485
-4189.02
-4188.95
-4189.05
-4189.01
5.016
-4117.57
-4189.59
-4189.59
-4189.58
4.797
-4108.01
-4189.64
-4189.58
-4189.58
4.858
-4188.34
-4188.68
-4188.78
-4188.92
4.719
-4188.56
-4189.1
-4189.21
-4189.26
4.628
-4148.24
-4187.42
-4188.65
-4188.74
4.873
-4189.25
-4189.29
-4189.3
-4189.34
4.773
-4154.5
-4188.97
-4189.48
-4189.46
5
-4131.77
-4188.94
-4188.86
-4188.92
4.716
-4153.94
-4189.08
-4189
-4188.98
4.713
-4189.36
-4189.33
-4189.26
-4189.33
4.851
-4188.81
-4188.84
-4189
-4189.11
4.871
-4189.45
-4189.49
-4189.55
-4189.46
4.859
-4001.83
-4173.5
-4188.96
-4189.05
4.893
-4070.83
-4154.76
-4189.33
-4189.3
4.851
-4150.4
-4189.35
-4189.39
-4189.46
4.82
-4151.71
-4189.11
-4189.18
-4189
5.001
-4154.31
-4188.88
-4188.87
-4189.03
5.021
-4151.7
-4154.61
-4188.76
-4188.77
5.167
-4153.73
-4188.98
-4189.01
-4189.02
4.765
-4188.85
-4189.13
-4189.24
-4189.27
4.628
-4188.94
-4189.21
-4189.18
-4189.3
5.129
-4129.58
-4189.41
-4189.52
-4189.43
4.766
-4189.54
-4189.59
-4189.59
-4189.62
4.66
-4189.25
-4189.39
-4189.26
-4189.33
4.948
-4188.06
-4188.95
-4188.94
-4188.77
4.661
-4067.55
-4189.39
-4189.61
-4189.66
4.658
-4189.07
-4189.02
-4188.97
-4189.06
4.844
-4189.08
-4188.93
-4188.98
-4188.98
5.061
-4188.92
-4188.97
-4189.07
-4188.97
4.839
-10753.2
-10889.8
-10925.7
-10987.1
15.177
-10312.6
-10562.2
-10668.1
-10645.4
14.978
-9963.46
-10151.9
-10155.7
-10144.3
15.27
-10014.3
-10297.5
-10390.9
-10354.1
14.754
-9905.49
-9975.19
-9976.16
-10026.1
15.018
-10487.6
-10652.2
-10678.8
-10799.7
14.273
-10981.1
-10965.6
-11308.7
-11308.6
15.117
-10451.3
-10513.8
-10762.8
-10771.4
14.964
-10423
-10513.6
-10794.8
-10808.2
15.029
-10508.2
-10547.2
-10696.9
-10698.9
15.058
-10511.6
-10568.7
-10803.5
-10815
15.173
-10367.4
-10467.2
-10483.5
-10515.8
14.179
-10782.1
-10844.4
-10848
-10913.7
15.025
-10691.2
-11049.3
-11025.6
-11020
14.79
-10169.5
-10320.5
-10295.5
-10330.9
15.007
-10181.8
-10360.1
-10632.6
-10836.2
15.053
-10147.7
-10426
-10551.3
-10672.9
14.386
-10741
-10834.7
-10988.3
-10934.1
15.168
-10929.4
-10998.2
-11094.4
-11095.3
15.061
-10626.7
-10597
-10789.2
-10724.9
14.59
-10136.1
-10215.1
-10285.4
-10285.8
13.809
-11229.3
-11124.4
-11128.1
-11085.7
14.663
-9667
-9756.85
-9734.15
-10053.3
15.111
-10738.8
-10889
-10939.8
-10925.1
14.378
-10349.6
-10547
-10478.8
-10512.4
15.247
-10439.2
-10537.1
-10863.1
-10784.6
14.671
-10431.6
-10654.3
-10884.9
-11083.5
15.307
-10645.4
-10742.6
-10803.4
-10900.6
14.25
-10490.8
-10521.9
-10578.5
-10611.2
15.065
-10442.8
-10470.4
-10527.4
-10509.5
14.505