-2094.6
-2094.6
-2094.6
-2094.6
21.062
-2094.71
-2094.71
-2094.71
-2094.71
21.085
-2094.6
-2094.6
-2094.6
-2094.6
21.131
-2094.71
-2094.71
-2094.71
-2094.71
21.06
-2094.71
-2094.71
-2094.71
-2094.71
21.128
-2094.5
-2094.5
-2094.5
-2094.5
21.196
-2094.5
-2094.5
-2094.5
-2094.5
21.164
-2094.81
-2094.81
-2094.81
-2094.81
21.053
-2094.5
-2094.5
-2094.5
-2094.5
20.961
-2094.71
-2094.71
-2094.71
-2094.71
21.043
-2094.71
-2094.71
-2094.71
-2094.71
21.04
-2094.81
-2094.81
-2094.81
-2094.81
20.856
-2094.71
-2094.71
-2094.71
-2094.71
21.147
-2094.71
-2094.71
-2094.71
-2094.71
21.166
-2094.71
-2094.71
-2094.71
-2094.71
21.077
-2094.71
-2094.71
-2094.71
-2094.71
20.534
-2094.6
-2094.6
-2094.6
-2094.6
21.207
-2094.6
-2094.6
-2094.6
-2094.6
20.363
-2094.81
-2094.81
-2094.81
-2094.81
21.076
-2094.5
-2094.5
-2094.5
-2094.5
21.306
-2094.71
-2094.71
-2094.71
-2094.71
21.169
-2094.81
-2094.81
-2094.81
-2094.81
21.1
-2094.71
-2094.71
-2094.71
-2094.71
21.06
-2094.71
-2094.71
-2094.71
-2094.71
21.248
-2094.6
-2094.6
-2094.6
-2094.6
21.257
-2094.4
-2094.4
-2094.4
-2094.4
21.167
-2094.71
-2094.71
-2094.71
-2094.71
21.075
-2094.71
-2094.71
-2094.71
-2094.71
21.122
-2094.71
-2094.71
-2094.71
-2094.71
20.916
-2094.91
-2094.91
-2094.91
-2094.91
21.112
-4189.41
-4189.41
-4189.41
-4189.41
39.494
-4189.2
-4189.2
-4189.2
-4189.21
40.074
-4189.2
-4189.2
-4189.2
-4189.2
40.038
-4189.41
-4189.41
-4189.41
-4189.41
40.081
-4189.21
-4189.21
-4189.21
-4189.21
39.547
-4189.41
-4189.41
-4189.41
-4189.41
39.753
-4189.1
-4189.1
-4189.1
-4189.1
40.038
-4189
-4189
-4189
-4189
40.059
-4189.41
-4189.41
-4189.41
-4189.41
39.476
-4189.21
-4189.21
-4189.21
-4189.21
39.658
-4189.31
-4189.31
-4189.31
-4189.31
39.697
-4189.41
-4189.41
-4189.41
-4189.41
39.534
-4189.41
-4189.41
-4189.41
-4189.41
40.061
-4189.21
-4189.2
-4189.2
-4189.31
39.998
-4189.52
-4189.52
-4189.52
-4189.52
39.897
-4189.31
-4189.31
-4189.31
-4189.31
39.817
-4189.1
-4189.1
-4189.1
-4189.1
39.916
-4189.41
-4189.41
-4189.41
-4189.41
39.402
-4189.31
-4189.31
-4189.31
-4189.31
39.437
-4189.21
-4189.21
-4189.21
-4189.21
39.83
-4189.21
-4189.21
-4189.21
-4189.21
39.628
-4189.31
-4189.31
-4189.31
-4189.31
39.628
-4189.31
-4189.31
-4189.31
-4189.31
39.634
-4189.41
-4189.41
-4189.41
-4189.41
39.242
-4189.31
-4189.31
-4189.31
-4189.31
40.046
-4189.21
-4189.21
-4189.21
-4189.21
39.623
-4189.1
-4189.1
-4189.1
-4189.1
39.613
-4189.41
-4189.41
-4189.41
-4189.41
40.006
-4189.2
-4189.2
-4189.21
-4189.21
39.796
-4189.21
-4189.21
-4189.21
-4189.21
39.902
-12333.6
-12474.7
-12453.8
-12483.4
115.457
-12459.5
-12483.7
-12485.9
-12463.5
115.321
-12452.6
-12480.4
-12477.1
-12476.7
115.617
-12489.3
-12474.6
-12468.7
-12466.1
115.666
-12420.1
-12502
-12474
-12476
115.525
-12468.7
-12473.4
-12487.8
-12512.2
115.549
-12447.7
-12468.4
-12462.6
-12478
116.348
-12456.8
-12484.9
-12485.6
-12477.4
114.821
-12440.7
-12436.3
-12497.7
-12483.5
115.486
-12435
-12481.7
-12439.2
-12497.3
115.754
-12479.2
-12480.2
-12466.9
-12474.8
115.575
-12492.4
-12483
-12476.7
-12476.1
115.468
-12381.1
-12493
-12488.3
-12478.3
114.361
-12443.5
-12452.9
-12493.5
-12478.9
115.455
-12467.6
-12502.7
-12478.9
-12477.4
115.092
-12486.8
-12483.6
-12496.7
-12482.1
114.87
-12370.8
-12501.4
-12485.6
-12476.6
115.339
-12434.3
-12458.5
-12517.9
-12440.4
114.842
-12437.9
-12493.3
-12468.4
-12488.3
114.389
-12455.5
-12505.9
-12497.7
-12491.6
116.409
-12284
-12449
-12427.7
-12484.3
115.056
-12454.4
-12475.3
-12506
-12480.7
114.843
-12171.8
-12474.4
-12525.5
-12475.3
115.501
-12455
-12473.7
-12490.3
-12485.9
116.218
-12443.9
-12478.2
-12493.4
-12489.8
115.347
-12487.7
-12494
-12483.5
-12479.7
116.033
-12506.3
-12482.3
-12457.3
-12482.1
116.287
-12418.9
-12486.7
-12496.8
-12471.1
115.368
-12443.1
-12482.7
-12519.4
-12474.9
115.656
-12502
-12489.6
-12459.7
-12482.4
114.995