-2094.51
-2094.62
-2094.68
-2094.68
19.451
-2094.54
-2094.51
-2094.5
-2094.62
18.707
-2094.78
-2094.79
-2094.77
-2094.77
18.912
-2094.74
-2094.77
-2094.78
-2094.87
19.481
-2094.65
-2094.65
-2094.63
-2094.75
19.104
-2094.78
-2094.75
-2094.75
-2094.78
19.095
-2094.67
-2094.78
-2094.75
-2094.72
18.755
-2094.53
-2094.5
-2094.62
-2094.63
18.783
-2094.53
-2094.66
-2094.56
-2094.64
19.307
-2094.2
-2094.25
-2094.27
-2094.2
19.417
-2094.52
-2094.56
-2094.6
-2094.61
19.325
-2094.78
-2094.77
-2094.78
-2094.77
19.444
-2094.62
-2094.52
-2094.66
-2094.66
19.546
-2094.36
-2094.35
-2094.43
-2094.42
19.486
-2094.67
-2094.64
-2094.65
-2094.53
18.855
-2094.56
-2094.78
-2094.78
-2094.76
19.337
-2094.61
-2094.61
-2094.66
-2094.76
19.409
-2094.45
-2094.33
-2094.54
-2094.52
19.429
-2094.44
-2094.48
-2094.53
-2094.53
19.108
-2094.22
-2094.12
-2094.22
-2094.39
19.289
-2094.62
-2094.64
-2094.71
-2094.9
19.52
-2094.66
-2094.66
-2094.61
-2094.6
19.415
-2094.46
-2094.38
-2094.47
-2094.54
19.53
-2094.77
-2094.68
-2094.79
-2094.78
19.332
-2094.78
-2094.74
-2094.89
-2094.88
19.426
-2094.46
-2094.62
-2094.58
-2094.65
18.964
-2094.62
-2094.68
-2094.53
-2094.63
19.39
-2094.64
-2094.66
-2094.57
-2094.58
19.404
-2094.54
-2094.62
-2094.62
-2094.66
19.147
-2094.64
-2094.67
-2094.68
-2094.65
19.106
-4187.94
-4187.62
-4187.36
-4188.55
37.852
-4188.9
-4188.9
-4188.45
-4189.02
38.246
-4188.62
-4188.26
-4188.42
-4188.47
37.842
-4187.65
-4188.71
-4188.87
-4188.7
38.259
-4188.72
-4189.09
-4188.63
-4188.86
37.682
-4188.63
-4188.83
-4188.87
-4188.54
38.234
-4189.08
-4189.27
-4189.38
-4189.17
38.28
-4188.93
-4188.5
-4188.57
-4188.56
38.105
-4189.43
-4188.9
-4188.84
-4189.26
37.635
-4189.16
-4188.77
-4188.62
-4188.56
38.205
-4188.94
-4188.57
-4189.39
-4189.34
37.365
-4187.96
-4188.74
-4188.59
-4188.79
38.25
-4188.99
-4188.37
-4188.49
-4188.78
38.023
-4188.43
-4188.26
-4189.01
-4188.89
38.195
-4188.48
-4187.79
-4188.6
-4188.44
37.651
-4188.55
-4188.99
-4188.91
-4188.61
38.221
-4188.65
-4187.22
-4188.94
-4188.69
38.156
-4188.68
-4188.19
-4188.57
-4188.69
38.103
-4188.42
-4188.46
-4188.72
-4188.22
38.257
-4187.76
-4188.63
-4188.59
-4188.72
38.22
-4189.03
-4188.62
-4189
-4188.85
38.129
-4188.81
-4188.96
-4188.65
-4189
38.145
-4188.46
-4188.68
-4188.97
-4189.43
38.181
-4189.11
-4189.16
-4189.31
-4188.27
38.207
-4188.51
-4188.55
-4188.22
-4188.88
38.225
-4188.37
-4188.86
-4188.62
-4188.65
38.048
-4188.73
-4188.56
-4188.72
-4188.44
38.228
-4188.39
-4188.87
-4188.66
-4188.29
38.117
-4188.55
-4188.42
-4188.87
-4189.22
38.06
-4188.4
-4187.16
-4187.99
-4188.87
37.997
-12551.1
-12552.1
-12548
-12545.2
113.951
-12550.6
-12545.6
-12555.6
-12549.9
113.596
-12553.9
-12555.2
-12560.6
-12554.2
113.55
-12548.2
-12552.1
-12547.6
-12552.6
113.734
-12551.3
-12549.8
-12547.7
-12553
113.201
-12514.9
-12552
-12550.2
-12547.6
113.726
-12516.5
-12552
-12547.6
-12550.5
113.644
-12554.5
-12551.3
-12547.2
-12555.1
114.162
-12553.6
-12552.4
-12552.7
-12537.4
113.516
-12549.4
-12556.1
-12553.5
-12550.8
113.738
-12548.7
-12548.8
-12551.4
-12551.2
113.861
-12515.1
-12547.7
-12541.9
-12541.4
113.99
-12541.7
-12546.8
-12554.5
-12553.7
113.866
-12558.1
-12550.1
-12554
-12556
114.103
-12512.6
-12558
-12544.9
-12551
113.198
-12521.7
-12549.8
-12556.1
-12550.7
113.999
-12545
-12545
-12549.9
-12560.2
113.953
-12546.2
-12537.9
-12553.2
-12542.1
114.033
-12540.5
-12549.6
-12555.8
-12559.9
114.073
-12549.6
-12556.2
-12554.6
-12544.5
113.609
-12520.7
-12546
-12552
-12553.7
114.021
-12515.9
-12552.9
-12546.5
-12547.3
113.926
-12548.1
-12555.9
-12547
-12555.5
113.748
-12512.2
-12551.5
-12543.8
-12555.6
113.538
-12556.3
-12555
-12550.1
-12553
113.814
-12547.7
-12552.7
-12550.3
-12555.2
113.98
-12548.7
-12546.1
-12551
-12554.2
113.696
-12557.4
-12549.9
-12547
-12554.9
113.638
-12551.7
-12552.4
-12548.2
-12554.1
113.975
-12546.9
-12551
-12547.9
-12546.1
113.782