-2094.81
-2094.91
-2094.91
-2094.91
25.182
-2094.6
-2094.6
-2094.6
-2094.6
25.375
-2094.81
-2094.81
-2094.81
-2094.81
24.845
-2094.71
-2094.71
-2094.71
-2094.71
24.926
-2094.91
-2094.91
-2094.91
-2094.91
25.236
-2094.81
-2094.81
-2094.81
-2094.81
25.128
-2094.6
-2094.6
-2094.6
-2094.81
25.516
-2094.6
-2094.6
-2094.6
-2094.6
24.561
-2094.81
-2094.81
-2094.81
-2094.81
24.883
-2094.6
-2094.6
-2094.6
-2094.6
23.417
-2094.6
-2094.6
-2094.6
-2094.6
23.793
-2094.6
-2094.7
-2094.81
-2094.81
25.505
-2094.6
-2094.6
-2094.71
-2094.71
25.201
-2094.71
-2094.71
-2094.71
-2094.71
25.598
-2094.5
-2094.5
-2094.5
-2094.6
24.879
-2094.81
-2094.81
-2094.81
-2094.81
25.16
-2094.6
-2094.71
-2094.81
-2094.81
25.743
-2094.81
-2094.81
-2094.81
-2094.81
25.046
-2094.81
-2094.81
-2094.81
-2094.81
25.246
-2094.7
-2094.7
-2094.71
-2094.91
25.868
-2094.91
-2094.91
-2094.91
-2094.91
25.233
-2094.81
-2094.81
-2094.81
-2094.81
25.079
-2094.81
-2094.81
-2094.81
-2094.81
25.157
-2094.91
-2094.91
-2094.91
-2094.91
25.209
-2094.6
-2094.6
-2094.6
-2094.6
25.048
-2094.71
-2094.71
-2094.71
-2094.71
25.655
-2094.71
-2094.71
-2094.81
-2094.81
24.958
-2094.91
-2094.91
-2094.91
-2094.91
25.331
-2094.71
-2094.71
-2094.71
-2094.71
25.273
-2094.71
-2094.81
-2094.81
-2094.91
25.679
-4189.15
-4189.16
-4189.19
-4189.2
51.574
-4189.08
-4189.12
-4189.07
-4189.01
48.705
-4189.53
-4189.48
-4189.47
-4189.43
49.764
-4188.69
-4188.75
-4188.71
-4188.66
49.459
-4189.38
-4189.39
-4189.33
-4189.33
51.215
-4189.38
-4189.26
-4189.38
-4189.48
49.797
-4189.4
-4189.33
-4189.3
-4189.33
50.504
-4189.36
-4189.4
-4189.36
-4189.35
51.058
-4188.91
-4188.99
-4189.03
-4188.98
51.247
-4189.15
-4189.21
-4189.13
-4189.26
50.89
-4189.23
-4189.09
-4189.18
-4189.17
51.467
-4188.95
-4188.91
-4188.95
-4188.92
51.284
-4189.08
-4189.05
-4188.99
-4189
50.527
-4189.01
-4189.01
-4189.13
-4189.09
51.199
-4189.77
-4189.74
-4189.76
-4189.76
49.649
-4189.2
-4189.31
-4189.2
-4189.11
50.541
-4188.81
-4188.99
-4188.87
-4188.89
50.181
-4188.89
-4188.87
-4188.98
-4188.85
49.664
-4189.19
-4189.11
-4189.28
-4189.18
51.315
-4189.54
-4189.52
-4189.5
-4189.49
49.552
-4189.33
-4189.36
-4189.26
-4189.33
49.854
-4189.58
-4189.6
-4189.61
-4189.56
51.189
-4189.16
-4189.17
-4189.23
-4189.44
49.86
-4189.28
-4189.18
-4189.21
-4189.17
49.985
-4189.2
-4189.17
-4189.22
-4189.2
50.619
-4189.49
-4189.44
-4189.54
-4189.46
50.572
-4189.32
-4189.43
-4189.39
-4189.33
49.024
-4188.93
-4188.92
-4188.91
-4188.9
51.757
-4188.93
-4189.07
-4189.2
-4189.21
50.296
-4189.1
-4189.25
-4189.23
-4189.14
51.547
-11140.9
-11335.8
-11723.5
-11843.9
152.299
-11446.7
-11688.8
-11926.4
-12060.4
149.179
-11489.5
-11724.8
-12067.4
-12172.5
152.768
-11508.1
-11688.3
-11995.5
-11986.1
149.24
-10818.7
-10883.2
-11650
-11747.2
152.408
-10582.1
-10948.4
-11303.3
-11606.7
152.718
-11230.7
-11801.8
-11866.1
-12104.5
151.671
-11603.9
-11985.4
-12096.7
-12221.1
152.098
-11269.6
-11811.9
-11818.8
-12007.2
150.697
-10617.7
-11364.6
-11667.3
-11984.3
150.099
-10986.3
-11696.9
-11851.8
-12244
154.017
-11528.7
-12016.1
-12135.7
-12255.9
151.373
-10791.1
-11196
-11776.8
-12106.5
147.471
-10530.2
-10828.1
-11182.5
-11584.8
147.31
-11453.5
-11710.8
-11948.2
-12017.4
151.818
-10654.1
-10814.2
-10983.9
-11479.6
152.187
-11190.8
-11828.8
-12057.7
-12080.7
148.483
-11060.2
-11575.4
-11736.3
-11895.9
151.122
-11063.5
-11259
-11879
-11985.9
147.281
-11045.8
-11663.5
-12040.1
-12035.1
151.928
-10951.9
-11570.3
-11971.4
-12060.5
152.042
-11115.6
-11417.5
-11583
-11796.5
152.32
-11301.9
-11523.7
-11733.2
-11999.5
147.525
-11116.4
-11231.1
-11976.2
-12297
148.545
-10843.4
-11440.1
-11547.8
-11877.4
153.152
-11190.2
-11300.1
-11554.7
-11894.7
145.774
-10526.1
-10633.2
-11055.6
-11218
150.586
-11238.2
-11485
-11665.4
-11927.9
149.803
-11338.4
-11414.7
-11808.6
-11847.7
152.961
-11101
-11817.7
-11903
-12010
153.18