-2094.6
-2094.6
-2094.6
-2094.6
2.632
-2094.71
-2094.71
-2094.71
-2094.71
2.532
-2094.81
-2094.81
-2094.81
-2094.81
2.356
-2094.81
-2094.81
-2094.81
-2094.81
2.454
-2094.71
-2094.71
-2094.71
-2094.71
2.584
-2094.81
-2094.81
-2094.81
-2094.81
2.551
-2094.81
-2094.81
-2094.81
-2094.81
2.43
-2094.6
-2094.6
-2094.6
-2094.71
2.281
-2094.91
-2094.91
-2094.91
-2094.91
2.386
-2094.6
-2094.6
-2094.6
-2094.6
2.358
-2060.57
-2094.71
-2094.71
-2094.71
2.542
-2094.81
-2094.81
-2094.81
-2094.81
2.259
-2094.71
-2094.71
-2094.71
-2094.71
2.326
-2094.71
-2094.71
-2094.71
-2094.71
2.566
-2094.7
-2094.7
-2094.71
-2094.71
2.472
-2094.71
-2094.71
-2094.71
-2094.71
2.502
-2094.81
-2094.81
-2094.81
-2094.81
2.29
-2094.71
-2094.71
-2094.71
-2094.71
2.342
-2094.6
-2094.6
-2094.6
-2094.6
2.509
-2094.81
-2094.81
-2094.81
-2094.81
2.566
-2094.5
-2094.5
-2094.5
-2094.5
2.348
-2094.71
-2094.71
-2094.71
-2094.71
2.541
-2094.6
-2094.6
-2094.6
-2094.6
2.506
-2094.71
-2094.71
-2094.71
-2094.71
2.473
-2094.5
-2094.5
-2094.5
-2094.5
2.388
-2094.81
-2094.81
-2094.81
-2094.81
2.345
-2094.91
-2094.91
-2094.91
-2094.91
2.37
-2094.6
-2094.6
-2094.6
-2094.6
2.254
-2094.81
-2094.81
-2094.81
-2094.81
2.261
-2094.81
-2094.81
-2094.81
-2094.81
2.54
-4155.07
-4162.44
-4189.37
-4189.31
5.198
-4188.13
-4189.23
-4189.18
-4189.23
4.831
-4189.03
-4189.35
-4189.33
-4189.31
4.997
-4154.08
-4189.05
-4189.1
-4189.09
4.699
-4154.12
-4189.15
-4189.18
-4189.18
5.059
-4189.4
-4189.44
-4189.46
-4189.43
4.716
-4036.5
-4189.17
-4189.31
-4189.31
4.918
-4189.26
-4189.36
-4189.36
-4189.32
4.921
-4154.86
-4189.11
-4189.37
-4189.34
5.115
-4188.96
-4189.34
-4189.33
-4189.33
5.111
-4189.07
-4189.05
-4189.1
-4189.05
5.304
-4189.07
-4189.11
-4189.11
-4189.05
5.372
-4117.98
-4154.88
-4188.88
-4189.07
5.116
-4189.28
-4189.56
-4189.54
-4189.56
5.093
-4155.11
-4189.43
-4189.42
-4189.45
5.01
-4055.75
-4189.32
-4189.3
-4189.37
5.019
-4188.91
-4188.97
-4188.94
-4188.88
5.253
-4162.04
-4189.09
-4189.06
-4189.07
5.019
-4116.1
-4189
-4189.08
-4188.99
4.87
-4119.56
-4189.23
-4189.22
-4189.22
4.991
-4154.07
-4189.45
-4189.44
-4189.45
4.942
-4155.06
-4189.36
-4189.3
-4189.33
5.14
-4034.95
-4189.28
-4189.33
-4189.33
5.062
-4155.14
-4189.33
-4189.32
-4189.29
4.767
-4188.72
-4189.22
-4189.22
-4189.19
5.108
-4187.36
-4189.35
-4189.34
-4189.35
5.357
-4189.47
-4189.46
-4189.46
-4189.45
5.299
-4189.01
-4189.07
-4189.05
-4189.06
4.664
-4155.05
-4189.57
-4189.57
-4189.55
5.305
-4189.58
-4189.56
-4189.56
-4189.57
5.309
-11005.7
-11097
-11137
-11198.2
14.694
-10821.6
-10955.6
-10905.3
-10904.5
15.049
-10458.6
-10524
-10859.5
-10694.5
14.697
-10684.3
-10852
-11153
-11242.4
14.581
-10156.2
-10279.5
-10397.7
-10631.5
14.922
-9098.44
-9305.75
-9566.62
-9631.03
14.655
-9608.01
-9817.3
-9836.75
-9988.26
14.559
-10369.4
-10461.2
-10502.3
-11135.2
14.387
-10239.5
-10511.3
-10659.8
-10639.3
15.006
-10037.6
-10541.9
-10815.2
-10892
15.12
-10930.9
-10976.5
-11041.1
-11112.4
14.981
-10746.5
-10859.4
-10876.3
-10873.4
14.62
-10813.4
-10923.1
-11091.4
-11107.2
15.24
-9994.28
-9938.12
-10311.2
-10320.3
14.706
-10060.4
-10081.3
-10339.3
-10359.4
14.696
-10275
-10528.5
-10769.4
-10875.7
14.539
-10458
-10576
-10649.3
-10724.7
14.674
-9723.03
-9880.38
-10387.8
-10455.5
15.237
-10410.8
-10535.4
-10434.9
-10495.3
14.601
-10632.3
-10779.1
-10782.1
-10779.6
14.577
-10351.2
-10456.4
-10568.4
-10773.1
15.319
-10067.3
-10121.9
-10143.9
-10113.2
14.901
-10815.7
-11091.7
-11221.6
-11331.2
15.257
-10189.6
-10448.4
-10626.6
-10850.4
14.715
-10277.1
-10387.6
-10384.7
-10427
14.877
-9763.33
-9743.9
-9871.14
-10180.2
15.175
-9278.43
-9768.83
-10425.5
-10564.9
14.625
-9773.18
-10270.4
-10345.6
-10435.3
14.564
-10559.3
-10868.8
-10864.1
-10998.4
15.108
-10015.2
-10534.4
-10630.7
-10703.5
14.675