-2094.61
-2094.81
-2094.81
-2094.81
1.388
-1857.82
-1942.02
-2094.7
-2094.7
1.144
-2060.36
-2060.36
-2094.6
-2094.6
1.148
-2094.6
-2094.6
-2094.6
-2094.6
1.32
-2094.7
-2094.7
-2094.7
-2094.7
1.13
-2094.81
-2094.81
-2094.81
-2094.81
1.365
-2060.45
-2060.46
-2094.7
-2094.7
1.383
-2094.81
-2094.81
-2094.81
-2094.81
1.13
-2094.49
-2094.49
-2094.49
-2094.49
1.224
-1976.26
-2060.46
-2094.71
-2094.7
1.298
-1976.27
-2094.7
-2094.71
-2094.71
1.217
-2094.71
-2094.7
-2094.71
-2094.7
1.291
-2094.71
-2094.71
-2094.7
-2094.71
1.319
-2026.31
-2094.81
-2094.81
-2094.81
1.224
-2060.46
-2094.71
-2094.71
-2094.71
1.147
-1976.48
-2094.91
-2094.91
-2094.91
1.082
-2094.81
-2094.81
-2094.81
-2094.81
1.266
-2094.58
-2094.7
-2094.7
-2094.71
1.061
-2060.45
-2094.6
-2094.6
-2094.6
1.177
-2094.7
-2094.71
-2094.71
-2094.71
1.376
-2094.71
-2094.71
-2094.71
-2094.71
1.042
-2094.7
-2094.7
-2094.71
-2094.71
1.229
-2060.68
-2094.91
-2094.91
-2094.91
1.311
-2060.57
-2094.71
-2094.71
-2094.71
1.206
-2094.6
-2094.6
-2094.6
-2094.6
1.237
-2094.81
-2094.81
-2094.81
-2094.81
1.033
-2094.81
-2094.81
-2094.81
-2094.81
1.033
-1963.79
-2094.81
-2094.81
-2094.81
1.209
-1976.37
-2094.81
-2094.81
-2094.81
1.234
-1976.37
-2094.81
-2094.81
-2094.81
1.221
-3873.91
-3916.48
-4189.12
-4189.12
2.353
-3798.68
-4121.95
-4188.98
-4188.81
2.444
-4031.07
-4068.53
-4188.85
-4189.15
2.353
-4143.43
-4154.35
-4188.67
-4188.93
2.512
-3879.34
-4144.22
-4154.58
-4188.2
2.445
-3762.86
-4152.17
-4189.17
-4189.28
2.54
-3882.44
-3951.76
-4070.07
-4154.26
2.546
-4119.14
-4188.66
-4188.59
-4188.64
2.388
-3897.58
-4124.14
-4188.46
-4188.35
2.431
-3949.49
-3951.22
-4068.58
-4154.43
2.607
-4035.63
-4120
-4154.6
-4188.77
2.28
-3822.45
-3874.82
-4154.46
-4154.58
2.56
-3843.33
-4049.3
-4119.71
-4188.34
2.284
-3917.7
-4034.29
-4143.47
-4189.21
2.422
-4048.75
-4154.68
-4188.97
-4188.78
2.52
-3746.31
-4001.11
-4120.51
-4154.63
2.488
-3610.85
-4084.63
-4189.28
-4189.3
2.705
-4001.01
-4049.94
-4154.17
-4161.78
2.435
-4030.49
-4118.36
-4188.34
-4188.21
2.552
-3998.69
-4001.53
-4153.97
-4154.54
2.688
-3611.03
-4109.39
-4120.39
-4120.11
2.332
-4036.35
-4154.48
-4188.89
-4189.05
2.425
-3998.72
-4086.2
-4154.82
-4189.02
2.363
-4117.25
-4154.33
-4154.59
-4189.05
2.688
-4118.72
-4119.87
-4154.23
-4154.41
2.446
-3881.26
-4035.6
-4154.14
-4188.77
2.564
-3604.92
-3844.71
-4154.14
-4155.05
2.591
-3845.07
-3880.82
-4120.87
-4120.47
2.531
-3682.42
-4085.09
-4155.04
-4189.61
2.574
-4148.1
-4154.23
-4188.01
-4188.52
2.488
-10189.3
-10354.3
-10482.4
-10667.3
7.389
-9458.86
-9828.99
-10312.3
-10495.7
7.907
-10360.6
-10475.3
-10432.9
-10435.5
7.456
-10346.7
-10444.8
-10547.5
-10528.5
7.439
-10196.4
-10282.4
-10305.3
-10508.1
7.423
-10491.9
-10619.2
-10677.5
-10696
7.044
-10545.1
-10606.7
-10653.8
-10747.4
7.579
-9786.49
-9899.7
-9957.28
-9916.89
6.987
-10995.7
-11020.4
-11064.2
-11066.5
7.535
-10515.1
-10855.4
-11010.1
-11355.2
7.224
-10516.2
-10572.8
-10661.8
-10719
7.352
-10547.4
-10867.2
-10870.3
-10901.1
7.267
-10651
-10668.9
-10602.1
-10829.8
6.86
-10599.4
-10621.3
-10615.2
-10931.5
6.871
-9896.37
-10258.5
-10259.2
-10395.4
7.479
-9975.25
-10573.1
-10664.7
-10721.7
7.777
-9750.13
-10258.7
-10686.2
-10696.5
6.976
-10673.2
-10986.2
-11019.1
-11292.3
7.145
-10078.8
-10162.1
-10250.8
-10295
7.597
-10949.2
-11051.8
-11251.1
-11214.6
7.32
-9557.88
-9601.76
-9726.1
-9806.81
7.421
-10914.5
-11050.6
-11069.1
-11167.7
7.624
-9385.48
-10049.4
-10453.5
-10455.2
7.066
-10717.5
-10827
-10866.1
-10885.1
7.275
-10143.2
-10750.2
-10744.9
-10795.4
7.384
-9570.02
-9721.37
-10209.1
-10438
7.598
-10080
-10098.4
-10053
-10044.5
7.464
-10712
-10706.7
-10702.4
-10731.9
7.437
-9824.67
-9929.94
-10230.8
-10227.2
7.851
-10143.9
-10135.6
-10098.8
-10158.4
7.351