-2094.91
-2094.91
-2094.91
-2094.91
1.369
-2094.91
-2094.91
-2094.91
-2094.91
1.276
-2094.8
-2094.81
-2094.81
-2094.81
1.363
-2094.69
-2094.7
-2094.7
-2094.7
1.234
-1938.3
-2094.81
-2094.81
-2094.81
1.346
-2094.7
-2094.7
-2094.7
-2094.7
1.25
-2094.6
-2094.6
-2094.6
-2094.6
1.214
-2060.56
-2094.7
-2094.7
-2094.7
1.259
-2094.59
-2094.59
-2094.6
-2094.6
1.258
-1976.27
-2068.04
-2094.7
-2094.7
1.207
-2094.71
-2094.71
-2094.7
-2094.71
1.37
-1976.47
-2060.67
-2094.81
-2094.81
1.165
-2094.48
-2094.48
-2094.49
-2094.49
1.186
-2094.6
-2094.6
-2094.6
-2094.6
1.218
-2094.6
-2094.6
-2094.6
-2094.6
1.315
-2094.6
-2094.6
-2094.6
-2094.6
1.24
-2060.24
-2094.48
-2094.49
-2094.49
1.314
-2060.36
-2094.6
-2094.6
-2094.6
1.276
-2094.81
-2094.81
-2094.81
-2094.81
1.34
-2094.67
-2094.7
-2094.7
-2094.7
1.363
-2094.91
-2094.91
-2094.91
-2094.91
1.201
-2088.78
-2094.81
-2094.81
-2094.81
1.205
-2094.91
-2094.91
-2094.91
-2094.91
1.355
-2094.58
-2094.6
-2094.6
-2094.6
1.277
-2094.7
-2094.7
-2094.7
-2094.7
1.229
-2045.44
-2094.6
-2094.6
-2094.6
1.212
-2094.91
-2094.91
-2094.91
-2094.91
1.332
-2094.7
-2094.7
-2094.7
-2094.7
1.266
-2094.7
-2094.7
-2094.7
-2094.7
1.238
-2094.91
-2094.91
-2094.91
-2094.91
1.219
-3820.31
-4117.95
-4119.1
-4152.77
2.391
-4126.17
-4154.88
-4154.59
-4188.42
2.585
-3695.1
-3999.12
-4154.61
-4186.44
2.294
-4111.5
-4119.03
-4119.88
-4119.26
2.493
-4187.55
-4187.37
-4188.01
-4188.14
2.583
-4034.88
-4068.94
-4154.14
-4153.78
2.537
-3691.27
-3845.54
-4119.37
-4188.25
2.401
-3936.23
-3938.85
-4153.19
-4154.26
2.458
-3976.52
-4012.13
-4012.83
-4012.95
2.47
-4070.55
-4153.56
-4154.22
-4153.88
2.108
-4036.16
-4188.47
-4188.8
-4189.09
2.561
-4028.91
-4152.06
-4182.66
-4187.23
2.406
-3911.17
-4011.42
-4119.16
-4149.15
2.16
-3931.81
-4035.59
-4069.85
-4152.63
2.459
-3990.88
-4109.03
-4119.84
-4119.29
2.166
-3973.56
-4117.43
-4154.45
-4188.36
2.473
-4077.9
-4188.03
-4188.54
-4188.67
2.402
-3951.73
-4070.41
-4185.63
-4189.02
2.389
-3916.56
-4035.61
-4036.43
-4147.76
2.467
-3916.08
-3984.23
-4187.93
-4188.35
2.584
-4149.51
-4153.05
-4152.93
-4152.9
2.47
-3995.21
-4117.98
-4119.65
-4150.05
2.272
-3608.48
-3999.54
-4035.55
-4035.83
2.283
-4148.93
-4188.46
-4187.55
-4187.93
2.462
-3963.86
-4014.44
-4151.67
-4188.18
2.539
-4120.4
-4153.49
-4188.7
-4188.62
2.583
-4094.16
-4188.3
-4188.14
-4187.98
2.479
-3916.42
-4035.1
-4110.4
-4188.17
2.439
-4070.19
-4181.13
-4188.84
-4188.48
2.457
-4147.29
-4184.45
-4188.03
-4188.21
2.302
-9239.69
-9421.19
-9485.44
-9486.87
7.403
-9940.28
-9972.06
-10328.5
-10271.2
7.514
-10042.2
-10008.4
-10451.9
-10791.8
7.748
-9267.51
-9789.79
-10168.9
-10331.5
7.501
-10149.4
-10596.3
-10543.6
-10502.1
7.477
-9474.81
-9584.55
-9838.8
-10302.6
7.472
-9526.31
-9800.92
-10286.6
-10311.2
7.466
-9166.46
-10140.1
-10121.7
-10137.5
7.487
-10107.2
-10125.1
-10121.5
-10155.5
7.357
-10128.4
-10183.8
-9956.2
-10070.8
7.366
-9521.07
-9566.21
-9753.21
-9878.41
7.478
-9452.8
-9691.8
-9680.08
-9650.95
7.373
-9641.77
-9827.02
-9804.93
-9804.32
7.513
-9846.43
-10115.9
-10410.3
-10491.4
7.783
-10243.3
-10689.8
-10721.8
-10844.9
7.532
-9330.83
-10128
-10169.1
-10258.2
7.523
-9216.75
-9182.88
-9756.84
-9879.58
7.579
-10833
-11001.4
-11087.5
-11168.7
7.58
-10026.4
-10109.9
-10330.1
-10314.6
7.566
-9821.52
-10056
-10058.7
-10042.3
7.621
-9973.76
-10221.9
-10357.4
-10334.9
7.418
-9112.94
-9327.49
-9589.13
-9732.62
7.38
-9240.87
-9691.25
-9630.57
-9743.56
7.362
-9830.75
-9884.26
-10071.2
-10090.2
7.372
-10291.2
-10302
-10278.2
-10474.6
7.396
-10074.8
-10395.9
-10454.5
-10569.7
6.882
-10641.3
-11105.3
-10951.2
-11072.9
7.035
-9559.4
-9516.87
-9605.13
-9831.73
7.416
-10211.9
-10245.1
-10380.7
-10262.7
7.552
-10712.1
-10812.1
-10883.6
-10716.3
7.093