-2025.83
-2094.34
-2094.03
-2094.12
1.388
-1976.09
-2094.57
-2094.13
-2094.41
1.387
-2059.52
-2094.43
-2094.45
-2093.78
1.424
-2093.69
-2094.66
-2094.55
-2094.19
1.373
-2094.5
-2094.22
-2094.15
-2094.41
1.355
-2024.78
-2094.25
-2093.99
-2093.97
1.419
-2093.45
-2094.08
-2093.99
-2094.53
1.414
-2058.71
-2094.75
-2094.52
-2094.4
1.424
-2094.05
-2094.42
-2093.83
-2094.45
1.422
-2094.24
-2094.43
-2094.03
-2094.41
1.377
-2092.62
-2093.95
-2094.29
-2093.94
1.388
-2094.19
-2093.75
-2093.37
-2093.72
1.347
-1907.59
-2059.46
-2093.74
-2093.15
1.371
-1940.1
-2059.28
-2059.92
-2094
1.392
-2094.24
-2094.6
-2094.14
-2094.24
1.385
-2094.15
-2094.31
-2093.4
-2093.97
1.312
-2059.5
-2094.34
-2093.8
-2094.06
1.344
-2094.26
-2093.82
-2093.68
-2094.12
1.413
-2094.24
-2094.54
-2094.6
-2094.28
1.364
-2094.33
-2094.21
-2094.4
-2094.55
1.346
-1941.25
-2059.97
-2059.87
-2059.85
0.648
-1974.73
-2050.37
-2094.01
-2093.85
0.649
-2059.45
-2094.04
-2094.47
-2094.04
1.372
-2094.24
-2094.25
-2094.4
-2094.68
1.382
-2094.03
-2093.91
-2094.35
-2094.23
1.379
-2094.55
-2094.61
-2094.77
-2094.51
1.363
-2094.7
-2094.61
-2094.82
-2094.8
1.339
-1975.61
-2094.37
-2094.3
-2093.96
1.355
-2093.44
-2094.2
-2093.69
-2094.13
1.372
-2060.09
-2094.01
-2094.27
-2094.2
1.357
-4152.93
-4188.27
-4188.49
-4186.88
2.664
-3963.44
-4152.6
-4186.86
-4185.82
2.633
-4185.79
-4187.2
-4186.95
-4186.64
2.63
-3883.03
-4186.52
-4187.67
-4187.65
2.668
-4153.48
-4186.67
-4187.34
-4187.84
2.679
-4123.56
-4187.29
-4186.59
-4188.87
2.633
-4150.06
-4187.77
-4187.24
-4187.81
2.738
-3951.15
-4187.27
-4186.69
-4187.36
1.304
-4151.46
-4186.49
-4186.48
-4186.71
2.642
-4151.48
-4187.78
-4186.94
-4186.24
2.733
-3605.41
-4033.56
-4150.26
-4186.53
2.712
-4142.85
-4187.55
-4186.01
-4187.33
2.642
-4180.73
-4187.08
-4186.18
-4186.89
2.597
-3990.33
-4117.92
-4186.36
-4188.44
2.738
-4085.4
-4187.02
-4186.45
-4185.59
2.708
-4145.03
-4187.74
-4188.71
-4188.28
2.623
-4034.16
-4186.95
-4187.7
-4186.96
2.624
-4152.42
-4187.6
-4186.28
-4187.54
2.738
-4027.58
-4032.98
-4180.62
-4185.28
2.702
-4152.19
-4187.77
-4187.37
-4186.88
2.661
-3786.97
-4186.79
-4188.42
-4187.91
2.713
-4166.68
-4187.44
-4187.01
-4188.49
2.738
-4153.1
-4188.36
-4185.37
-4186.48
1.301
-3910.09
-4153.05
-4187.8
-4186.76
2.55
-4034.13
-4116.61
-4153.97
-4153.2
2.648
-4030.6
-4184.75
-4188.12
-4187.53
2.673
-4151.72
-4187.73
-4187.48
-4187.97
2.631
-3964.24
-4152.62
-4152.93
-4188.13
2.741
-4034.13
-4187.78
-4188.41
-4188.15
2.687
-4187.31
-4187.2
-4186.25
-4185.71
2.654
-11029.4
-11718.1
-12053.8
-12173.3
8.015
-11258.6
-11816.7
-12187.5
-12276.4
7.933
-11110.9
-11821.1
-12234.1
-12394.4
8.326
-10929.8
-11654.7
-12287.5
-12463.1
7.948
-11534.7
-11900.9
-12266.8
-12326.6
7.768
-10990.7
-11511
-11923.6
-12013
8.095
-11467.3
-11776.7
-12159.2
-12258.8
7.366
-11451.7
-11903.7
-12341
-12420.6
7.768
-11134.8
-12053.6
-12176.9
-12462.7
7.857
-11375.3
-11881.6
-12320.4
-12352.3
7.254
-11213.6
-11635.3
-11975.8
-12012.9
8.239
-11232.1
-11711.2
-12175
-12203.1
8.297
-10733
-11567.2
-11842
-11840.4
7.93
-10872.4
-11466.8
-11913.6
-12166.4
7.912
-10738.9
-11879.1
-12190.1
-12322.2
7.537
-11475.7
-12130
-12342
-12422.9
7.931
-11162.2
-11853.4
-12016
-12153.4
7.424
-10609.9
-11789.1
-12051.9
-12079.3
8.138
-10952.4
-11850.7
-12086.8
-12358.6
7.815
-11174.8
-11826.7
-12202.4
-12335.1
8.186
-11651.6
-11921.7
-12041
-12198.9
7.668
-11433.4
-11717.7
-12326
-12334.9
8.018
-11455.6
-11878.1
-12171.2
-12249.2
8.027
-11585.2
-11863.9
-12052.2
-12241.5
8.213
-10977.8
-11477.3
-11995.1
-12092.3
7.902
-10977.7
-11280
-12017.8
-12242.3
8.338
-11290.2
-11812
-12095.6
-12175.8
8.016
-10926.9
-11808.2
-11852
-12049.6
7.982
-11570.3
-11828.2
-12157.5
-12383.4
8.236
-11335.2
-11879.7
-12127.7
-12251
7.748
-11220.2
-11806.1
-11971
-12222.3
7.885
-11024.6
-11777
-12045.6
-12145.5
3.736
-11137.4
-11552.3
-11978.8
-12100.1
7.97
-10137.3
-11381.9
-11830.6
-11962.9
8.005
-10887.4
-11609.5
-12037.4
-12128.9
8.014
-11366
-11767.5
-12028.7
-12222.1
3.764
-11499.1
-12212.1
-12379.1
-12431.9
8.264
-11059.8
-11783.7
-11987
-12112.9
8.02
-10950.7
-11781
-12160.7
-12416.4
8.026
-11130.6
-11702.2
-11920.8
-12257.2
7.976
-11223
-12039.7
-12282.2
-12298.3
8.235
-12150.3
-12287
-12344.6
-12363.4
8.009
-11441.5
-12046.9
-12330.8
-12395
7.923
-11497.5
-12072.8
-12156.9
-12370.8
8.009
-11070.7
-11570.2
-11849.1
-11959.5
8.058
-11647.5
-11856.2
-12014.7
-12202
7.966
-10940.6
-11559.3
-11761.2
-12025.9
8.179
-11271.5
-11609.1
-12256.3
-12401.5
8.266
-10883.2
-11511.6
-11915.5
-12197.2
7.959