-4.68766
-4.68766
-4.68766
-4.68766
18.097
-4.53325
-4.53325
-4.53766
-4.53766
18.098
-4.68766
-4.68766
-4.68766
-4.68766
17.982
-4.68534
-4.68766
-4.68766
-4.68766
17.543
-4.68766
-4.68766
-4.68766
-4.68766
18.048
-4.68766
-4.68766
-4.68766
-4.68766
18.493
-4.68766
-4.68766
-4.68766
-4.68766
18.221
-4.5249
-4.5249
-4.68325
-4.68766
15.959
-4.53766
-4.53766
-4.53766
-4.53766
16.021
-4.68766
-4.68766
-4.68766
-4.68766
18.454
-4.53766
-4.53766
-4.53766
-4.53766
17.51
-4.64589
-4.68766
-4.68766
-4.68766
18.984
-4.68766
-4.68766
-4.68766
-4.68766
18.364
-4.68707
-4.68766
-4.68766
-4.68766
17.89
-4.6459
-4.68766
-4.68766
-4.68766
18.074
-4.52317
-4.68766
-4.68766
-4.68766
18.4
-4.68766
-4.68766
-4.68766
-4.68766
18.851
-4.68153
-4.68593
-4.68593
-4.68593
18.171
-4.49589
-4.52099
-4.53766
-4.53766
18.316
-4.68766
-4.68766
-4.68766
-4.68766
18.142
-4.53766
-4.53766
-4.53766
-4.53766
18.336
-4.68766
-4.68766
-4.68766
-4.68766
18.053
-4.68766
-4.68766
-4.68766
-4.68766
18.948
-4.68766
-4.68766
-4.68766
-4.68766
18.005
-4.64589
-4.68766
-4.68766
-4.68766
18.192
-4.68766
-4.68766
-4.68766
-4.68766
18.064
-4.49149
-4.53325
-4.53766
-4.53766
18.243
-4.6459
-4.68766
-4.68766
-4.68766
17.538
-4.68766
-4.68766
-4.68766
-4.68766
18.108
-4.68766
-4.68766
-4.68766
-4.68766
18.484
-9.21895
-9.21898
-9.27558
-9.27569
34.44
-9.2281
-9.24506
-9.2449
-9.45622
33.788
-9.35737
-9.54389
-9.56857
-9.568
36.393
-9.61168
-9.61483
-9.6149
-9.62104
35.455
-9.2724
-9.47283
-9.49757
-9.57638
34.844
-9.52054
-9.51989
-9.52101
-9.51968
34.782
-9.20451
-9.41602
-9.41618
-9.41516
35.933
-9.56076
-9.5599
-9.56103
-9.56007
35.275
-9.51263
-9.51248
-9.53752
-9.53742
35.875
-9.495
-9.65754
-9.65752
-9.65769
34.619
-9.31674
-9.31657
-9.31712
-9.3155
35.434
-9.53314
-9.53319
-9.53247
-9.55079
35.764
-9.26927
-9.2699
-9.26974
-9.46869
36.251
-9.34528
-9.34527
-9.34472
-9.34439
36.122
-9.52607
-9.52645
-9.52613
-9.52541
36.294
-9.2883
-9.48135
-9.48091
-9.48145
36.246
-9.46501
-9.46509
-9.48918
-9.48985
35.185
-9.54786
-9.5491
-9.54838
-9.55502
35.328
-9.04715
-9.0463
-9.04671
-9.04659
34.939
-9.38645
-9.3864
-9.59794
-9.65964
33.77
-9.41414
-9.57205
-9.57273
-9.57219
33.832
-9.38468
-9.38489
-9.38418
-9.3845
35.103
-9.52038
-9.5195
-9.52018
-9.51961
34.824
-9.5957
-9.59534
-9.59599
-9.65786
33.855
-8.90126
-8.90176
-9.15701
-9.3685
34.442
-9.429
-9.42949
-9.52511
-9.52537
35.736
-9.19485
-9.19649
-9.1965
-9.35908
35.515
-9.28673
-9.28618
-9.2863
-9.28694
35.838
-9.18152
-9.37443
-9.3747
-9.5073
34.852
-9.55696
-9.6135
-9.61374
-9.61424
35.307
-25.5553
-26.4923
-26.6465
-25.4755
106.062
-25.8997
-26.3968
-25.571
-26.3818
106.068
-26.2585
-26.4065
-26.0935
-25.4056
105.3
-25.9182
-26.6134
-26.888
-27.2008
103.93
-25.3719
-25.5595
-24.5404
-26.0182
106.221
-25.4387
-25.7475
-26.1528
-25.42
107.536
-25.0636
-26.0444
-25.5953
-26.2236
102.389
-26.6045
-25.8338
-26.0568
-25.8571
104.745
-26.0614
-25.1499
-25.6802
-26.1731
105.238
-25.7017
-26.4084
-25.539
-25.7332
107.712
-26.1997
-25.9309
-26.0519
-26.6207
104.892
-25.6756
-25.4331
-25.9445
-26.5175
106.106
-26.1094
-25.7028
-26.0852
-26.1765
105.233
-26.4607
-26.1933
-25.6967
-25.0651
101.941
-25.8221
-26.3945
-25.6637
-25.4303
104.628
-26.3465
-26.3036
-26.6052
-26.7366
105.436
-26.2634
-26.8038
-27.4566
-27.0009
101.428
-25.1046
-26.3712
-26.6048
-26.1314
107.144
-26.1443
-26.5804
-26.4306
-26.8089
104.858
-26.3115
-26.275
-26.4102
-25.6425
105.798
-25.5756
-26.6778
-26.6447
-26.78
104.703
-26.3783
-25.9817
-27.0871
-26.2936
105.699
-25.5747
-25.3933
-26.2648
-26.0122
103.712
-25.8947
-26.0681
-25.6363
-26.0898
105.885
-25.5075
-25.943
-26.4522
-25.8273
105.032
-25.9306
-26.3279
-25.4149
-26.3074
106.285
-26.0073
-26.7942
-26.8582
-26.7711
103.441
-25.5058
-26.3334
-25.9744
-26.5548
104.582
-26.057
-25.4915
-26.6414
-26.7098
100.844
-25.4935
-26.4926
-26.2576
-26.0217
102.437