-4.68325
-4.68766
-4.68766
-4.68766
18.51
-4.68766
-4.68766
-4.68766
-4.68766
18.055
-4.68766
-4.68766
-4.68766
-4.68766
18.493
-4.68593
-4.68593
-4.68593
-4.68593
18.17
-4.68766
-4.68766
-4.68766
-4.68766
17.953
-4.6859
-4.68593
-4.68766
-4.68766
17.8
-4.68765
-4.68766
-4.68766
-4.68766
18.399
-4.68593
-4.68593
-4.68593
-4.68593
18.466
-4.68766
-4.68766
-4.68766
-4.68766
18.276
-4.68765
-4.68766
-4.68766
-4.68766
18.337
-4.68593
-4.68593
-4.68593
-4.68593
18.561
-4.68766
-4.68766
-4.68766
-4.68766
17.746
-4.68766
-4.68766
-4.68766
-4.68766
17.578
-4.5249
-4.68764
-4.68766
-4.68766
17.771
-4.68325
-4.68325
-4.68325
-4.68766
18.045
-4.53766
-4.53766
-4.53766
-4.53766
17.986
-4.68766
-4.68766
-4.68766
-4.68766
18.31
-4.68766
-4.68766
-4.68766
-4.68766
18.356
-4.68593
-4.68593
-4.68593
-4.68593
18.314
-4.68766
-4.68766
-4.68766
-4.68766
17.58
-4.68765
-4.68765
-4.68766
-4.68766
18.533
-4.68766
-4.68766
-4.68766
-4.68766
17.974
-4.53766
-4.53765
-4.53766
-4.53766
17.47
-4.68593
-4.68593
-4.68593
-4.68593
17.768
-4.53766
-4.53766
-4.53766
-4.53766
18.11
-4.68593
-4.68593
-4.68593
-4.68593
18.196
-4.68766
-4.68766
-4.68766
-4.68766
16.482
-4.68325
-4.68325
-4.68325
-4.68764
16.624
-4.53766
-4.53766
-4.53766
-4.53766
17.767
-4.53764
-4.53764
-4.53766
-4.53766
17.26
-9.42254
-9.42256
-9.42242
-9.42248
35.073
-9.64979
-9.64982
-9.64869
-9.64839
34.958
-9.23579
-9.23164
-9.23346
-9.23268
34.604
-9.40463
-9.56551
-9.56589
-9.56592
35.219
-8.9785
-9.40765
-9.40917
-9.40811
35.095
-9.21168
-9.2193
-9.2884
-9.28847
36.057
-9.41112
-9.4132
-9.41312
-9.41139
35.773
-9.44055
-9.44278
-9.44266
-9.44326
35.838
-9.09662
-9.32877
-9.33038
-9.3296
36.152
-8.90147
-8.90163
-8.89893
-8.90165
36.004
-9.2957
-9.2972
-9.29769
-9.2967
34.812
-9.46215
-9.46234
-9.46233
-9.46211
35.712
-9.35333
-9.35509
-9.35358
-9.35456
36.106
-8.88307
-9.02065
-9.02027
-9.05021
35.787
-9.31929
-9.51153
-9.51259
-9.51039
34.639
-9.1391
-9.3092
-9.30858
-9.30984
35.783
-9.43596
-9.43732
-9.43603
-9.43573
35.886
-9.01848
-9.1814
-9.18233
-9.18237
35.892
-9.26738
-9.26869
-9.26792
-9.26641
35.598
-9.51242
-9.511
-9.51212
-9.51049
35.769
-9.26193
-9.26506
-9.34259
-9.34322
36.34
-9.41661
-9.48009
-9.47857
-9.47991
35.831
-9.05671
-9.05861
-9.05988
-9.1155
36.051
-8.99634
-9.19737
-9.21923
-9.22126
36.001
-9.33145
-9.45737
-9.46361
-9.46315
35.837
-9.03916
-9.03886
-9.03939
-9.24105
35.557
-9.15602
-9.15639
-9.15584
-9.26435
35.761
-9.54929
-9.55056
-9.55178
-9.55002
35.027
-9.5985
-9.59919
-9.59893
-9.61568
35.701
-9.51598
-9.51416
-9.51729
-9.5168
35.491
-26.3293
-25.3884
-25.5918
-25.867
105.462
-26.0945
-25.6728
-24.986
-25.4043
105.492
-25.2645
-24.4191
-25.6405
-25.2519
103.851
-25.7969
-25.3143
-26.1135
-25.2961
105.144
-25.6433
-25.2152
-26.443
-24.9956
105.153
-25.1957
-25.2349
-25.8623
-26.2178
105.87
-26.3259
-25.4795
-25.9851
-25.0659
107.458
-25.1977
-25.7196
-24.6978
-24.8652
107.042
-25.7055
-26.3296
-25.8502
-25.7644
106.341
-25.1539
-25.8341
-25.7088
-25.7908
105.965
-25.993
-26.2014
-24.6885
-25.6526
104.965
-23.9399
-26.4223
-25.0647
-26.5367
101.773
-25.9891
-25.9197
-25.575
-26.0862
106.718
-24.85
-25.0718
-25.0949
-25.6434
103.053
-24.0847
-26.0517
-24.9342
-24.7339
107.018
-25.0999
-25.4638
-24.8653
-25.0255
105.72
-24.9808
-25.9679
-25.2305
-24.7186
106.201
-25.3698
-26.0323
-25.7849
-25.6139
106.117
-25.777
-25.781
-25.993
-26.1814
106.801
-25.0106
-25.5418
-26.34
-26.0491
105.774
-24.9631
-25.4261
-25.3567
-25.5334
104.524
-25.5854
-26.6569
-26.0374
-26.0686
107.081
-25.4378
-25.7188
-25.3888
-26.1916
107.096
-26.3078
-27.7672
-25.6078
-25.7612
105.446
-26.2659
-24.2915
-25.9921
-24.8095
106.865
-26.6111
-25.5054
-25.944
-25.5963
102.864
-26.0246
-25.0458
-24.7339
-25.2875
107.245
-26.049
-25.9892
-26.4928
-25.0529
105.454
-25.1497
-25.634
-25.5198
-25.2923
105.982
-25.0572
-25.1886
-24.8246
-25.6113
102.819