-4.64417
-4.64417
-4.64417
-4.64417
1.74
-4.68766
-4.68766
-4.68766
-4.68766
1.597
-4.49149
-4.49149
-4.52099
-4.53766
1.69
-4.68764
-4.68764
-4.68764
-4.68766
1.876
-4.68759
-4.68759
-4.68763
-4.68766
1.875
-4.5249
-4.5249
-4.5249
-4.5249
1.772
-4.67098
-4.68766
-4.68766
-4.68766
1.575
-4.68325
-4.68325
-4.68325
-4.68325
1.724
-4.68766
-4.68766
-4.68766
-4.68766
1.782
-4.53764
-4.53764
-4.53766
-4.53766
1.926
-4.68766
-4.68766
-4.68766
-4.68766
1.828
-4.67076
-4.68766
-4.68766
-4.68766
1.611
-4.68593
-4.68593
-4.68593
-4.68593
1.667
-4.68592
-4.68592
-4.68592
-4.68592
1.856
-4.63976
-4.66478
-4.68153
-4.68153
1.812
-4.6459
-4.6459
-4.67099
-4.67099
1.821
-4.64149
-4.64149
-4.64149
-4.64149
1.883
-4.68593
-4.68593
-4.68593
-4.68593
1.874
-4.53766
-4.53766
-4.53766
-4.53766
1.766
-4.68765
-4.68765
-4.68765
-4.68765
1.746
-4.68086
-4.68091
-4.68153
-4.68153
1.63
-4.68766
-4.68766
-4.68766
-4.68766
1.841
-4.68766
-4.68766
-4.68766
-4.68766
1.738
-4.64415
-4.66927
-4.68593
-4.68593
1.899
-4.53706
-4.53706
-4.53766
-4.53766
1.788
-4.48313
-4.66659
-4.66659
-4.66659
1.902
-4.68152
-4.68153
-4.68593
-4.68593
1.657
-4.68593
-4.68593
-4.68593
-4.68593
1.796
-4.68759
-4.68766
-4.68766
-4.68766
1.649
-4.6459
-4.6459
-4.6459
-4.6459
1.782
-9.5959
-9.59676
-9.59499
-9.59322
3.626
-9.52277
-9.5231
-9.52555
-9.52382
3.373
-9.51358
-9.51971
-9.51911
-9.51897
3.643
-9.44094
-9.48345
-9.48312
-9.48322
3.617
-8.88625
-8.88737
-8.88954
-8.88812
3.447
-9.63306
-9.63198
-9.63286
-9.63348
3.471
-9.36646
-9.36522
-9.36348
-9.36514
3.682
-9.50436
-9.50462
-9.50409
-9.50344
3.707
-9.38455
-9.52872
-9.52778
-9.52711
3.536
-9.29759
-9.40242
-9.40308
-9.40315
3.605
-9.36045
-9.36321
-9.36322
-9.57393
3.604
-8.93764
-8.95302
-8.9537
-8.954
3.359
-9.17477
-9.17695
-9.17458
-9.17495
3.438
-9.5705
-9.56981
-9.56927
-9.56984
3.592
-9.32655
-9.46462
-9.49483
-9.49531
3.481
-9.36888
-9.3719
-9.37112
-9.37092
3.708
-9.34166
-9.34244
-9.34369
-9.38091
3.657
-9.2307
-9.33397
-9.3362
-9.33507
3.525
-9.40519
-9.40724
-9.41159
-9.41606
3.58
-9.44333
-9.44224
-9.44281
-9.44313
3.392
-9.50437
-9.60836
-9.60913
-9.60837
3.573
-9.29918
-9.29763
-9.29955
-9.29886
3.406
-9.11885
-9.11881
-9.12016
-9.12323
3.443
-9.25756
-9.26357
-9.26527
-9.26574
3.507
-9.38874
-9.41914
-9.41602
-9.41994
3.386
-9.35748
-9.36358
-9.36388
-9.36331
3.637
-9.33065
-9.33491
-9.33677
-9.33732
3.481
-9.22911
-9.23025
-9.22979
-9.22987
3.638
-9.44089
-9.44395
-9.44218
-9.4379
3.4
-9.54504
-9.57166
-9.57347
-9.57307
3.384
-23.091
-23.1093
-23.5334
-23.5957
10.69
-23.5518
-23.4035
-23.1129
-23.8821
10.262
-23.8713
-25.1079
-23.9977
-23.8186
10.187
-24.1535
-23.4758
-23.2729
-24.2406
10.525
-22.7104
-23.9786
-23.9657
-24.218
10.233
-24.1999
-23.5017
-23.3577
-23.6714
10.766
-23.1633
-24.5834
-25.6786
-23.6342
10.247
-23.0821
-23.0081
-23.4237
-23.5786
10.162
-22.2397
-22.8345
-23.8542
-23.4214
10.766
-24.3741
-26.0254
-24.403
-24.9792
10.115
-23.5668
-23.5407
-23.5349
-24.7287
10.74
-23.4803
-23.6699
-24.4718
-24.6582
10.357
-23.8243
-22.1084
-24.5637
-24.0224
10.257
-22.6813
-23.0706
-23.3208
-23.608
10.73
-24.347
-23.0619
-22.7617
-23.2226
10.506
-22.7577
-23.8084
-22.2688
-24.4553
10.939
-24.4134
-24.2447
-23.7565
-23.5553
10.36
-22.7658
-22.6809
-23.8298
-22.5553
10.355
-23.0571
-24.4988
-23.8481
-24.2905
10.074
-24.2157
-23.6065
-23.5828
-23.8699
11.013
-23.1576
-24.191
-24.2483
-24.601
10.422
-22.6476
-24.0033
-22.8676
-23.1201
10.521
-24.5382
-23.9215
-23.141
-24.6775
10.498
-23.4964
-23.3612
-23.1254
-23.5173
10.687
-23.5783
-23.5274
-24.5591
-23.5985
11.067
-23.0096
-23.3236
-23.4118
-23.7059
10.461
-23.1379
-24.6981
-23.4848
-22.9037
9.992
-22.9462
-23.9119
-23.317
-24.7909
10.239
-23.6756
-24.4598
-23.0381
-22.8387
10.102
-22.7131
-25.4182
-24.4636
-23.1144
10.812