-4.67086
-4.67086
-4.67086
-4.67086
1.003
-4.64459
-4.64529
-4.64529
-4.64529
0.899
-4.53766
-4.53766
-4.53766
-4.53766
0.934
-4.53264
-4.53264
-4.53265
-4.53264
0.928
-4.68586
-4.68586
-4.68586
-4.68586
0.901
-4.6459
-4.6459
-4.6459
-4.6459
0.95
-4.68153
-4.68153
-4.68153
-4.68153
0.924
-4.64453
-4.67025
-4.67027
-4.67027
0.918
-4.64589
-4.64589
-4.64589
-4.64589
0.869
-4.3742
-4.3742
-4.3742
-4.3742
0.863
-4.53259
-4.53259
-4.53259
-4.53259
0.915
-4.53265
-4.53264
-4.53265
-4.53325
0.926
-4.49149
-4.49149
-4.51659
-4.51659
0.876
-4.44861
-4.44861
-4.44861
-4.44861
0.946
-4.49588
-4.49588
-4.49588
-4.49588
0.873
-4.61619
-4.61684
-4.61684
-4.61684
0.878
-4.64194
-4.64194
-4.6586
-4.6586
0.867
-4.5231
-4.5231
-4.5231
-4.5231
0.897
-4.64588
-4.64588
-4.64588
-4.64588
0.773
-4.48077
-4.48077
-4.48077
-4.48141
0.845
-4.65688
-4.65688
-4.65688
-4.65688
0.864
-4.45302
-4.45302
-4.45302
-4.45302
0.884
-4.49588
-4.49589
-4.49589
-4.52093
0.777
-4.50853
-4.53759
-4.53759
-4.53766
0.924
-4.68766
-4.68766
-4.68766
-4.68766
0.947
-4.64149
-4.66659
-4.66659
-4.66659
0.686
-4.68318
-4.68318
-4.68318
-4.68318
0.797
-4.6453
-4.6453
-4.6453
-4.6459
0.896
-4.64356
-4.66865
-4.66866
-4.66866
0.884
-4.53323
-4.53324
-4.53324
-4.53324
0.815
-8.9414
-8.92945
-8.94259
-8.94716
1.736
-9.32276
-9.34209
-9.36247
-9.3587
1.781
-9.16571
-9.17254
-9.31346
-9.31773
1.715
-9.12954
-9.32661
-9.32944
-9.32522
1.8
-8.88294
-9.23981
-9.23545
-9.23774
1.789
-8.88556
-9.14039
-9.25919
-9.25848
1.822
-9.13826
-9.13831
-9.13826
-9.13243
1.835
-9.01341
-9.12099
-9.11341
-9.26621
1.815
-9.26052
-9.26484
-9.26614
-9.2657
1.732
-9.40826
-9.40975
-9.40843
-9.40935
1.801
-8.97935
-8.97622
-8.97654
-8.97835
1.846
-9.18527
-9.18661
-9.18552
-9.18441
1.908
-9.18733
-9.1903
-9.18891
-9.19127
1.71
-8.4026
-8.90209
-9.07731
-9.07811
1.592
-9.02212
-9.02282
-9.0236
-9.02229
1.758
-9.02111
-9.29531
-9.29781
-9.31395
1.832
-9.47066
-9.46982
-9.4714
-9.47127
1.698
-9.19136
-9.20305
-9.20414
-9.2026
1.622
-9.16653
-9.16842
-9.17085
-9.17459
1.721
-9.22383
-9.22685
-9.22665
-9.22583
1.771
-8.88537
-9.00794
-9.23931
-9.25782
1.724
-9.32535
-9.3444
-9.44697
-9.44318
1.499
-8.71824
-8.71872
-8.71908
-8.9463
1.735
-8.93013
-8.93216
-9.17635
-9.17871
1.703
-8.71766
-8.95935
-8.96684
-8.96757
1.678
-8.65918
-8.6533
-8.77621
-8.77189
1.697
-9.23978
-9.2595
-9.25854
-9.26041
1.805
-8.51241
-9.03665
-9.04718
-9.04971
1.77
-9.27746
-9.55214
-9.55234
-9.55137
1.568
-8.93991
-9.01926
-9.01932
-9.04148
1.854
-22.0307
-21.5776
-22.5533
-22.6693
4.93
-21.9962
-22.5991
-21.428
-22.604
5.189
-23.3347
-23.9629
-21.5763
-21.276
4.879
-21.5503
-22.114
-22.3839
-23.6499
5.262
-20.9818
-22.3814
-22.375
-21.517
5.033
-22.8012
-22.7187
-22.1804
-22.746
5.056
-21.6959
-20.8051
-21.9653
-22.0085
5.471
-22.7153
-22.6603
-22.6126
-23.4523
5.213
-21.9827
-23.2793
-23.6604
-22.932
5.674
-21.5518
-22.7186
-22.2405
-24.215
4.996
-22.5894
-23.3285
-23.3263
-23.4431
4.999
-21.3926
-21.6106
-22.2336
-23.0127
4.947
-21.7686
-23.472
-23.7559
-22.7297
5.408
-22.0926
-22.745
-23.0398
-22.3565
5.025
-22.7356
-22.7148
-23.9285
-23.5037
5.093
-23.7745
-23.226
-22.0437
-22.5369
5.432
-22.8796
-23.6088
-24.7203
-23.3837
4.957
-25.1538
-22.5635
-22.9334
-24.1173
5.051
-22.2525
-22.2982
-22.9466
-22.6488
5.677
-22.1214
-23.5248
-23.0686
-22.3653
5.037
-23.6625
-22.9511
-22.011
-24.0679
4.803
-22.2084
-23.2231
-23.0939
-23.7123
5.142
-22.2837
-22.626
-22.7552
-21.6571
5.308
-21.5778
-22.3673
-22.4949
-23.3454
5.123
-23.5038
-23.2895
-23.9221
-23.5522
5.006
-22.3718
-22.6272
-22.1533
-23.1899
5.332
-21.7489
-22.329
-22.454
-23.6419
5.299
-21.5857
-22.2709
-23.6514
-23.8011
5.183
-22.9012
-22.6537
-22.9556
-23.3932
5.001
-21.9519
-23.4059
-23.4529
-23.685
5.125