-4.49149
-4.49149
-4.53324
-4.53325
9.067
-4.6459
-4.67099
-4.68766
-4.68766
9.451
-4.5243
-4.5249
-4.68325
-4.68325
7.876
-4.49589
-4.49589
-4.53766
-4.53766
9.348
-4.68586
-4.68593
-4.68593
-4.68593
9.279
-4.66927
-4.68593
-4.68593
-4.68593
9.527
-4.53766
-4.53766
-4.53766
-4.53766
9.003
-4.68766
-4.68766
-4.68766
-4.68766
9.141
-4.68325
-4.68325
-4.68766
-4.68766
9.401
-4.51912
-4.53766
-4.53766
-4.53766
8.582
-4.68153
-4.68153
-4.68153
-4.68153
8.916
-4.68325
-4.68325
-4.68766
-4.68766
9.25
-4.22593
-4.49589
-4.53766
-4.53766
8.995
-4.33191
-4.5249
-4.5249
-4.68325
9.151
-4.68153
-4.68153
-4.68153
-4.68153
9.104
-4.64193
-4.68764
-4.68766
-4.68766
8.765
-4.68766
-4.68766
-4.68766
-4.68766
9.283
-4.68325
-4.68325
-4.68325
-4.68325
8.761
-4.53705
-4.53766
-4.53766
-4.53766
8.658
-4.3698
-4.3698
-4.63976
-4.68153
8.964
-4.68707
-4.68707
-4.68707
-4.68766
9.748
-4.68766
-4.68766
-4.68766
-4.68766
9.388
-4.67097
-4.68766
-4.68766
-4.68766
9.56
-4.33312
-4.3749
-4.3749
-4.3749
9.126
-4.64417
-4.64417
-4.64417
-4.66927
8.787
-4.49589
-4.53766
-4.53766
-4.53766
8.525
-4.45302
-4.68765
-4.68766
-4.68766
9.483
-4.48313
-4.48313
-4.5249
-4.5249
8.752
-4.53766
-4.53766
-4.53766
-4.53766
9.113
-4.68766
-4.68766
-4.68766
-4.68766
9.361
-9.11045
-9.27269
-9.27372
-9.27135
18.218
-9.28663
-9.28653
-9.28459
-9.28726
17.403
-9.3454
-9.54491
-9.546
-9.54558
18.179
-8.98615
-9.18651
-9.35307
-9.56357
17.963
-8.64868
-9.08154
-9.0836
-9.08041
17.684
-9.51467
-9.51496
-9.51512
-9.51296
16.511
-9.28189
-9.2816
-9.28197
-9.28047
17.519
-8.81932
-8.82075
-9.01922
-9.29165
17.147
-8.96101
-8.95969
-8.96061
-9.03966
16.298
-8.93541
-9.30578
-9.30607
-9.32168
17.299
-9.17824
-9.18026
-9.17794
-9.18047
17.89
-9.20292
-9.23243
-9.50498
-9.52645
18.267
-8.34822
-8.35218
-8.94159
-8.98266
16.979
-9.34947
-9.38335
-9.54238
-9.54223
17.753
-9.0532
-9.05437
-9.05007
-9.08299
16.912
-9.39759
-9.41637
-9.41528
-9.41526
17.5
-9.03177
-9.16458
-9.16224
-9.18611
18.112
-9.20276
-9.22706
-9.2272
-9.22771
17.823
-9.39441
-9.39544
-9.39434
-9.39441
16.973
-9.08182
-9.08469
-9.08423
-9.08189
17.522
-9.26551
-9.26569
-9.34432
-9.34419
17.589
-9.29047
-9.48952
-9.48829
-9.48999
17.528
-9.37943
-9.3791
-9.56688
-9.56823
17.721
-9.29821
-9.29727
-9.29601
-9.29924
17.97
-8.88896
-9.24169
-9.24175
-9.24193
17.575
-9.33337
-9.33265
-9.54232
-9.5433
18.048
-9.21035
-9.21022
-9.21055
-9.21067
17.045
-9.29746
-9.29925
-9.29975
-9.29933
17.958
-9.38505
-9.3842
-9.3855
-9.38516
16.481
-9.28029
-9.44958
-9.44907
-9.44979
18.066
-24.8039
-25.1862
-25.3744
-25.9644
52.115
-24.5206
-26.2084
-24.943
-25.2484
51.429
-24.4618
-26.0699
-26.1156
-24.8716
51.444
-25.3926
-25.6531
-24.5064
-24.4485
52.206
-25.9029
-25.7937
-25.7583
-24.5898
53.305
-24.8368
-24.8303
-25.2044
-25.6913
51.761
-26.0267
-25.0531
-25.3421
-25.3558
53.357
-25.7162
-25.636
-25.0874
-25.0122
53.216
-25.6437
-26.1242
-25.8779
-24.6192
51.791
-25.6903
-24.5541
-25.7466
-24.4584
53.072
-25.1312
-25.2456
-25.3726
-25.086
51.937
-25.6302
-25.8073
-24.8344
-25.8493
52.289
-25.6117
-25.7786
-25.1075
-24.917
52.032
-25.9092
-25.6512
-25.0328
-25.3282
54.462
-24.6396
-26.6145
-26.0055
-25.445
52.035
-24.9415
-26.012
-26.3534
-24.6725
51.689
-25.9126
-26.2
-24.9355
-24.3944
52.881
-24.8099
-25.6217
-25.9191
-25.0738
52.243
-25.7706
-25.9284
-24.9837
-24.2793
51.62
-26.2347
-24.7165
-26.0608
-25.4291
51.761
-24.6497
-25.9408
-26.1609
-25.3837
53.594
-24.4147
-24.7689
-25.3565
-25.4959
54.304
-25.3802
-25.3879
-24.854
-25.6407
52.62
-25.1987
-25.1577
-26.7324
-25.4569
53.328
-24.8208
-25.031
-25.7715
-24.9577
52.381
-25.6795
-25.3316
-26.3856
-25.5271
52.59
-26.1006
-24.6067
-24.9126
-25.5229
53.014
-26.3589
-24.8615
-25.4804
-25.5777
51.611
-25.5056
-25.0092
-25.7605
-24.6979
54.254
-23.6521
-24.9864
-24.6691
-25.9973
53.098