-4.52125
-4.52319
-4.52023
-4.51879
13.679
-4.64167
-4.64273
-4.68221
-4.68415
13.186
-4.53485
-4.53294
-4.53518
-4.5363
12.772
-4.64353
-4.64127
-4.64473
-4.68606
12.46
-4.67949
-4.68208
-4.68289
-4.68469
13.565
-4.64224
-4.64393
-4.66797
-4.6845
13.186
-4.48067
-4.48045
-4.47356
-4.52279
12.456
-4.68596
-4.68545
-4.68672
-4.68386
11.934
-4.68011
-4.6802
-4.68158
-4.67757
13.683
-4.48868
-4.53281
-4.53245
-4.53058
13.397
-4.67996
-4.68155
-4.67644
-4.67697
10.553
-4.32876
-4.33066
-4.35327
-4.37135
13.574
-4.68581
-4.6864
-4.68693
-4.68445
12.709
-4.53518
-4.53673
-4.53536
-4.53505
13.634
-4.63908
-4.63821
-4.63771
-4.63976
13.418
-4.37072
-4.53076
-4.5341
-4.53563
13.387
-4.52922
-4.5309
-4.53044
-4.52895
13.703
-4.68575
-4.68609
-4.6863
-4.68281
13.292
-4.68711
-4.6845
-4.68656
-4.68427
13.242
-4.5366
-4.5344
-4.53674
-4.53305
13.012
-4.52375
-4.68035
-4.68541
-4.68485
13.354
-4.47883
-4.47678
-4.52368
-4.52249
13.699
-4.68191
-4.68258
-4.68634
-4.685
12.158
-4.68566
-4.68237
-4.68705
-4.67782
13.3
-4.64548
-4.68481
-4.68473
-4.68507
13.73
-4.64111
-4.64114
-4.68438
-4.68463
13.61
-4.48809
-4.49337
-4.4948
-4.48881
12.926
-4.53289
-4.53696
-4.53542
-4.53429
12.799
-4.53625
-4.53582
-4.53305
-4.53588
11.348
-4.63643
-4.68109
-4.6835
-4.67869
13.735
-9.18137
-9.24593
-9.28649
-9.29587
26.404
-9.0788
-9.27797
-9.30204
-9.32559
26.608
-9.13384
-9.16782
-9.58236
-9.58421
25.778
-8.97855
-9.06445
-9.43711
-9.4459
25.409
-9.51608
-9.51251
-9.49155
-9.50371
26.742
-9.42518
-9.4157
-9.41796
-9.65301
26.567
-9.62861
-9.64851
-9.64289
-9.60755
24.94
-9.27691
-9.50099
-9.49276
-9.49103
26.861
-9.49011
-9.48908
-9.51199
-9.48006
26.8
-9.44612
-9.44906
-9.44075
-9.48825
23.49
-9.37176
-9.58328
-9.57866
-9.5858
23.898
-9.07315
-9.07089
-9.06275
-9.26367
24.427
-9.42455
-9.40668
-9.5818
-9.60416
22.9
-8.7624
-9.41991
-9.53938
-9.55167
26.496
-9.26093
-9.32226
-9.33768
-9.54008
26.687
-9.26279
-9.26226
-9.25146
-9.2665
26.407
-9.25984
-9.26811
-9.24693
-9.46463
27.073
-9.41221
-9.42041
-9.40691
-9.41318
25.579
-9.3184
-9.40855
-9.4608
-9.47334
24.896
-9.56027
-9.61069
-9.65133
-9.63567
24.361
-9.07067
-9.09087
-9.23122
-9.24451
26.772
-9.3476
-9.33705
-9.40274
-9.40777
24.671
-9.14295
-9.1337
-9.15603
-9.30901
26.897
-9.31196
-9.31056
-9.54207
-9.52911
26.8
-9.48756
-9.64651
-9.64985
-9.63101
25.64
-9.41235
-9.42044
-9.40223
-9.41518
26.409
-9.27173
-9.29657
-9.40429
-9.41906
24.851
-9.29605
-9.29791
-9.30302
-9.4607
27.115
-9.1596
-9.30653
-9.31033
-9.48221
27.094
-9.01712
-8.99977
-9.02789
-9.01823
23.901
-27.4138
-27.5172
-27.8552
-27.6314
76.019
-27.5424
-27.7714
-28.0798
-27.765
79.911
-27.5616
-27.6379
-27.6291
-27.712
76.879
-27.6682
-27.9975
-28.1867
-28.0431
73.136
-27.8683
-28.2781
-28.319
-28.2031
76.321
-27.353
-27.2583
-28.0875
-27.9561
80.112
-27.5797
-28.0285
-28.0282
-28.157
75.463
-26.9624
-27.0833
-27.2022
-27.2146
74.172
-28.0589
-28.0886
-28.4639
-28.4656
73.177
-27.9672
-28.2465
-28.7746
-28.5928
75.58
-26.9558
-26.9048
-27.5511
-27.3967
76.088
-27.8247
-27.9113
-28.3917
-28.314
76.525
-27.3817
-27.5757
-27.6867
-27.8269
74.695
-27.4547
-27.6072
-28.085
-27.743
75.78
-27.0905
-27.6229
-27.7745
-27.7415
76.579
-27.9003
-28.0587
-28.2286
-28.5092
79.74
-27.4013
-27.4542
-27.7792
-27.7555
79.932
-28.1134
-28.337
-28.255
-28.4759
75.055
-26.8641
-27.0892
-27.4
-27.8215
77.807
-26.6237
-27.303
-27.2246
-27.5796
75.696
-26.2853
-26.6289
-27.1222
-27.2318
74.999
-28.0842
-28.6486
-28.9653
-28.9833
75.775
-27.6165
-28.0131
-28.2039
-28.1288
76.944
-27.1498
-27.4288
-27.9057
-27.751
75.764
-28.2151
-28.4507
-28.3109
-28.4506
72.551
-27.3625
-27.8242
-27.7939
-27.6197
80.143
-27.3149
-27.6836
-27.933
-27.8526
77.361
-27.4583
-27.6683
-27.908
-28.1147
77.372
-26.8438
-27.4447
-27.7043
-27.7122
80.154
-27.1721
-27.335
-27.504
-27.4951
76.776