-4.53766
-4.53766
-4.53766
-4.53766
1.82
-4.64575
-4.64588
-4.64588
-4.64588
1.796
-4.51912
-4.51912
-4.51912
-4.51912
1.762
-4.53766
-4.53766
-4.53766
-4.53766
1.818
-4.68765
-4.68765
-4.68766
-4.68766
1.816
-4.63976
-4.63976
-4.63976
-4.63976
1.818
-4.53705
-4.53705
-4.53766
-4.53766
1.808
-4.33313
-4.35823
-4.3749
-4.3749
1.774
-4.49589
-4.49589
-4.52099
-4.52099
1.902
-4.53325
-4.53325
-4.53325
-4.53325
1.929
-4.3749
-4.3749
-4.3749
-4.3749
1.843
-4.68766
-4.68766
-4.68766
-4.68766
1.747
-4.6709
-4.68766
-4.68766
-4.68766
1.79
-4.66486
-4.66486
-4.66486
-4.68153
1.732
-4.66927
-4.68593
-4.68593
-4.68593
1.904
-4.51659
-4.51659
-4.51659
-4.53325
1.95
-4.67099
-4.68766
-4.68766
-4.68766
1.918
-4.68259
-4.68259
-4.68259
-4.68266
1.842
-4.68153
-4.68153
-4.68153
-4.68153
1.855
-4.64589
-4.64589
-4.64589
-4.64589
1.856
-4.68534
-4.68534
-4.68534
-4.68593
1.942
-4.68593
-4.68593
-4.68593
-4.68593
1.927
-4.68266
-4.68266
-4.68325
-4.68325
1.769
-4.67099
-4.68766
-4.68766
-4.68766
1.759
-4.68765
-4.68766
-4.68766
-4.68766
1.9
-4.64358
-4.64358
-4.64417
-4.64417
1.821
-4.68764
-4.68764
-4.68764
-4.68764
1.744
-4.68765
-4.68766
-4.68766
-4.68766
1.771
-4.68593
-4.68593
-4.68593
-4.68593
1.918
-4.68707
-4.68707
-4.68707
-4.68766
1.766
-9.46251
-9.49175
-9.49193
-9.49209
3.439
-9.21418
-9.2849
-9.49597
-9.49622
3.607
-9.38366
-9.38568
-9.44114
-9.5119
3.577
-9.21511
-9.216
-9.21634
-9.2154
3.11
-9.2154
-9.21634
-9.21641
-9.2163
3.631
-9.60336
-9.60551
-9.60524
-9.60524
3.56
-9.25408
-9.25464
-9.25433
-9.25567
3.478
-8.95268
-9.20772
-9.20751
-9.41883
3.143
-9.61256
-9.61271
-9.61374
-9.61347
3.371
-9.15768
-9.15879
-9.15834
-9.36765
3.751
-9.44867
-9.4697
-9.46979
-9.46964
3.394
-9.41083
-9.41143
-9.51387
-9.51386
3.127
-9.38252
-9.38229
-9.38314
-9.3841
3.228
-9.23144
-9.23095
-9.23155
-9.23228
3.416
-8.86425
-8.99545
-8.99939
-8.9994
3.716
-9.32549
-9.32754
-9.32645
-9.32828
3.668
-9.36685
-9.56906
-9.56922
-9.56872
3.47
-9.36824
-9.61634
-9.61642
-9.61575
3.584
-9.24255
-9.29948
-9.29945
-9.29962
3.77
-9.41968
-9.42044
-9.42051
-9.42086
3.477
-9.2255
-9.20522
-9.30755
-9.50699
3.284
-9.34542
-9.34839
-9.34758
-9.34803
3.362
-9.3842
-9.50869
-9.50861
-9.50915
3.52
-9.18324
-9.18345
-9.18314
-9.18506
3.648
-9.38756
-9.38787
-9.38749
-9.38785
3.312
-9.20556
-9.2714
-9.27137
-9.27142
3.742
-9.55563
-9.55626
-9.55705
-9.55661
3.711
-9.63129
-9.6474
-9.6483
-9.64814
3.381
-9.46335
-9.51594
-9.51716
-9.51674
3.464
-8.72637
-8.97068
-9.07235
-9.07354
3.521
-25.9679
-25.8508
-26.2664
-26.0136
10.24
-24.561
-24.1251
-25.2341
-24.9105
10.914
-25.4746
-24.9668
-26.0671
-25.4955
10.805
-23.5856
-24.7715
-24.2512
-25.3091
10.715
-23.629
-23.7701
-24.4203
-24.3434
10.644
-24.8985
-25.5086
-25.0316
-25.9758
10.416
-24.5661
-24.8915
-25.3244
-25.1232
10.195
-23.9169
-24.6081
-24.9272
-25.4965
10.565
-25.6263
-25.268
-26.0554
-26.1117
10.306
-24.0493
-25.1464
-25.4503
-24.9759
10.656
-24.9497
-25.1576
-25.1512
-25.674
10.502
-24.9231
-24.1123
-23.9956
-25.4221
10.69
-23.5515
-24.1053
-24.3945
-24.7262
10.458
-24.1055
-24.9899
-25.7246
-25.5732
10.585
-24.8108
-24.8255
-24.6755
-25.1673
10.845
-24.3836
-24.8967
-25.2784
-25.862
10.916
-24.023
-24.5919
-25.2767
-25.0428
10.093
-24.1784
-24.206
-24.8799
-25.0585
10.78
-24.3633
-25.7977
-25.9417
-26.2677
10.525
-24.9929
-25.4935
-25.0929
-25.2963
10.072
-25.3675
-26.3124
-25.8386
-26.1439
10.537
-25.1464
-25.1844
-26.1043
-25.7645
10.322
-24.4785
-25.3342
-24.8213
-25.4807
10.296
-25.3175
-26.1826
-25.6482
-25.2287
10.29
-24.878
-25.2551
-25.0213
-25.4031
10.8
-25.4089
-25.6096
-25.7119
-25.3795
10.19
-24.5257
-24.7833
-25.1447
-26.3994
10.413
-25.6052
-25.848
-25.4296
-25.2536
10.462
-23.4893
-24.8332
-24.4496
-24.5268
10.216
-24.9201
-26.0558
-25.8984
-25.8556
10.627