-4.68592
-4.68589
-4.68591
-4.68587
18.319
-4.52312
-4.68148
-4.68141
-4.68146
18.232
-4.68262
-4.68321
-4.68324
-4.68324
18.251
-4.64148
-4.68324
-4.68324
-4.68317
18.347
-4.67099
-4.68764
-4.68766
-4.68764
18.362
-4.68147
-4.68149
-4.68149
-4.68149
19.072
-4.68705
-4.68764
-4.68764
-4.68766
18.615
-4.53765
-4.53765
-4.53765
-4.53765
18.039
-4.68765
-4.68765
-4.68764
-4.68764
18.072
-4.68766
-4.68766
-4.68765
-4.68764
17.838
-4.68765
-4.68765
-4.68764
-4.68765
18.682
-4.68323
-4.68766
-4.68766
-4.68766
19.136
-4.68756
-4.68765
-4.68765
-4.68766
18.896
-4.53764
-4.53765
-4.53765
-4.53765
19.03
-4.53766
-4.53765
-4.53766
-4.53765
18.498
-4.68765
-4.68765
-4.68765
-4.68765
18.252
-4.68149
-4.68149
-4.68145
-4.68149
18.487
-4.67098
-4.68765
-4.68766
-4.68765
18.99
-4.68765
-4.68765
-4.68766
-4.68765
19.131
-4.53766
-4.53765
-4.53766
-4.53765
19.276
-4.6859
-4.68593
-4.68585
-4.68585
19.257
-4.68766
-4.68765
-4.68765
-4.68766
18.766
-4.53765
-4.53765
-4.53765
-4.53765
18.557
-4.68765
-4.68766
-4.68764
-4.68766
17.719
-4.68588
-4.68592
-4.68591
-4.68591
18.596
-4.68723
-4.68765
-4.68765
-4.68766
18.731
-4.68591
-4.68592
-4.68591
-4.68583
18.581
-4.64148
-4.68317
-4.68324
-4.68323
18.968
-4.68765
-4.68764
-4.68766
-4.68765
18.995
-4.53704
-4.53764
-4.53765
-4.53765
18.596
-9.4585
-9.36044
-9.21945
-9.23095
35.574
-9.4974
-9.38347
-9.40125
-9.44275
36.25
-9.29074
-9.44317
-9.3016
-9.30415
34.629
-9.46493
-9.4872
-9.49571
-9.45646
35.578
-9.42905
-9.45243
-9.44299
-9.54592
34.481
-9.50613
-9.52526
-9.42039
-9.43685
36.671
-9.28777
-9.46578
-9.47229
-9.40145
36.441
-9.38827
-9.39769
-9.44089
-9.50986
36.247
-9.50405
-9.49605
-9.41302
-9.45786
34.459
-9.50204
-9.55619
-9.38849
-9.51015
36.046
-9.42891
-9.34536
-9.50193
-9.3975
35.153
-9.296
-9.34091
-9.20365
-9.37953
35.645
-9.18118
-9.34529
-9.52045
-9.45712
35.264
-9.29305
-9.28283
-9.38161
-9.24654
35.117
-9.19616
-9.40143
-9.34751
-9.40716
35.285
-9.41677
-9.38904
-9.44594
-9.41023
34.64
-9.0955
-9.2874
-9.54343
-9.5784
36.256
-9.37631
-9.39454
-9.39574
-9.46582
36.171
-9.44996
-9.50982
-9.54641
-9.48423
34.252
-9.42516
-9.43185
-9.34964
-9.31984
36.468
-9.50359
-9.50861
-9.4908
-9.47386
36.43
-9.42922
-9.32081
-9.45309
-9.45053
35.544
-9.26369
-9.57299
-9.5606
-9.52149
36.159
-9.20124
-9.38438
-9.34753
-9.38387
36.446
-9.15691
-9.24491
-9.34724
-9.41491
35.671
-9.30138
-9.38735
-9.49622
-9.52656
35.304
-9.51933
-9.36182
-9.47869
-9.60844
34.037
-9.39987
-9.50711
-9.47611
-9.39647
35.887
-9.42572
-9.39766
-9.49489
-9.37886
36.524
-8.98739
-9.17239
-9.30164
-9.25374
33.563
-17.9443
-18.3314
-18.1576
-18.4352
105.183
-17.2339
-19.0523
-17.3241
-17.8876
105.922
-18.31
-19.3212
-18.3172
-18.4987
107.043
-18.6647
-18.2472
-20.0479
-17.1397
107.438
-19.1093
-17.7396
-17.4915
-18.0611
106.229
-16.8574
-18.3783
-17.2928
-17.9495
106.76
-19.6792
-17.6872
-19.3098
-16.8849
101.556
-18.0836
-18.2683
-17.4407
-17.821
107.791
-17.4777
-18.2139
-18.5549
-17.348
100.707
-17.7419
-18.3276
-17.1746
-18.0763
106.395
-19.876
-18.9576
-17.5316
-18.077
106.107
-17.459
-17.6552
-18.6306
-18.3592
102.669
-16.9305
-21.4068
-17.8636
-18.3565
105.37
-17.8155
-18.3669
-19.1215
-17.7552
105.649
-18.1736
-17.2124
-19.3679
-17.0783
107.299
-17.8306
-18.417
-17.5512
-18.278
105.147
-17.9458
-16.5689
-19.4784
-17.4662
105.8
-18.1513
-18.3459
-17.5952
-18.0565
104.169
-17.8833
-18.3954
-18.2763
-18.5728
107.174
-17.3655
-20.398
-19.0745
-18.3116
106.933
-19.2236
-17.8676
-16.9996
-18.2994
107.576
-18.3436
-18.0996
-19.4968
-18.4206
99.739
-17.2064
-19.7412
-16.6087
-18.3371
102.608
-19.1502
-18.0135
-17.389
-17.1685
106.509
-17.7151
-17.2089
-17.469
-17.3005
104.546
-18.271
-17.788
-17.8002
-18.0378
106.688
-18.3098
-18.2688
-18.018
-17.76
106.717
-16.8693
-17.6296
-17.8707
-18.3929
102.013
-17.5413
-17.5022
-17.3478
-18.1051
107.69
-17.9898
-18.8128
-18.5193
-18.787
104.678