-4.49569
-4.53726
-4.53754
-4.53683
13.851
-4.68282
-4.68227
-4.68224
-4.68258
13.507
-4.68723
-4.6875
-4.68646
-4.68698
13.798
-4.33091
-4.48946
-4.68281
-4.68182
13.04
-4.68245
-4.6808
-4.68257
-4.68259
12.673
-4.66502
-4.68132
-4.68206
-4.68709
13.811
-4.49537
-4.49544
-4.49562
-4.53732
13.906
-4.49443
-4.49444
-4.49374
-4.49415
13.939
-4.537
-4.53743
-4.53762
-4.53728
12.115
-4.49507
-4.49566
-4.49547
-4.49494
13.607
-4.37438
-4.37454
-4.3745
-4.37467
13.824
-4.64339
-4.64407
-4.65467
-4.68554
13.955
-4.53734
-4.53755
-4.53755
-4.5372
13.601
-4.68628
-4.68741
-4.68709
-4.68745
13.64
-4.52382
-4.52443
-4.52477
-4.524
13.38
-4.53761
-4.53727
-4.53751
-4.53755
13.457
-4.48894
-4.68269
-4.6824
-4.68244
13.967
-4.68036
-4.68436
-4.68543
-4.68503
11.535
-4.52465
-4.52415
-4.52434
-4.68273
13.78
-4.68536
-4.68531
-4.68529
-4.68493
13.628
-4.6652
-4.68239
-4.68748
-4.68687
13.636
-4.68199
-4.6824
-4.68689
-4.68259
12.849
-4.53234
-4.53257
-4.53708
-4.53748
12.916
-4.49449
-4.49459
-4.68749
-4.68746
13.81
-4.48251
-4.48296
-4.52449
-4.52468
13.889
-4.37466
-4.3744
-4.37442
-4.3746
13.453
-4.68455
-4.68511
-4.68519
-4.68499
13.271
-4.5316
-4.53751
-4.53751
-4.53719
13.667
-4.64519
-4.68746
-4.68727
-4.68645
13.877
-4.68363
-4.68475
-4.68499
-4.68532
13.451
-9.42882
-9.43413
-9.43594
-9.6026
24.627
-9.42763
-9.4413
-9.44356
-9.44456
26.258
-9.11647
-9.11964
-9.12005
-9.12065
26.3
-9.18736
-9.29351
-9.29755
-9.29266
26.607
-9.27496
-9.35806
-9.35423
-9.35997
26.504
-9.4111
-9.43855
-9.43725
-9.43886
26.047
-9.30878
-9.30309
-9.30543
-9.31189
25.771
-9.19812
-9.19467
-9.19131
-9.18581
25.002
-9.34984
-9.36201
-9.34717
-9.35384
26.246
-9.50851
-9.52454
-9.53417
-9.52466
25.022
-9.20838
-9.52892
-9.54141
-9.64564
25.808
-9.12502
-9.28451
-9.50263
-9.49788
26.377
-9.30433
-9.34405
-9.5026
-9.49171
26.142
-9.27369
-9.4457
-9.44304
-9.43525
25.91
-9.57429
-9.64807
-9.6551
-9.65496
26.362
-9.14254
-9.13578
-9.40129
-9.39795
25.627
-9.23608
-9.2332
-9.23254
-9.22906
26.859
-9.05418
-9.05468
-9.29957
-9.50522
26.74
-9.22312
-9.28548
-9.32054
-9.49491
26.4
-9.49743
-9.50195
-9.56231
-9.58789
26.377
-9.27698
-9.27243
-9.27124
-9.27436
25.957
-9.39602
-9.41566
-9.49792
-9.49699
26.337
-9.3715
-9.56841
-9.56834
-9.56984
25.897
-9.29681
-9.32937
-9.32379
-9.31946
26.404
-9.26709
-9.27005
-9.31469
-9.39298
25.805
-9.40242
-9.60343
-9.60181
-9.60314
26.117
-9.48539
-9.48939
-9.60227
-9.59075
26.256
-9.58402
-9.58596
-9.59217
-9.58728
26.17
-9.6125
-9.60705
-9.61133
-9.60677
25.849
-9.39467
-9.39611
-9.39886
-9.39719
26.957
-27.9501
-27.9479
-28.0754
-28.1473
74.345
-27.7659
-28.176
-28.1117
-28.4632
77.55
-27.6343
-28.0796
-28.2728
-28.2756
76.461
-27.6725
-28.1698
-28.691
-28.6328
77.926
-26.9726
-27.1113
-27.054
-27.3921
75.676
-27.6644
-27.8802
-28.1002
-28.2855
76.67
-27.5064
-28.1182
-28.1785
-28.091
75.335
-27.5559
-27.6539
-28.1415
-27.8789
74.73
-26.6129
-26.9591
-27.7044
-27.9224
78.074
-27.7471
-27.9964
-28.1155
-28.5965
78.432
-28.2301
-28.0051
-28.2817
-28.3341
80.097
-27.0322
-27.607
-28.2715
-28.3467
76.065
-28.2739
-28.2163
-28.6117
-28.5913
75.733
-27.4853
-27.9732
-28.0816
-27.9533
75.683
-27.4152
-27.6673
-27.7838
-27.9437
71.234
-27.2605
-27.3948
-27.5967
-27.9849
76.906
-27.3397
-27.9262
-27.5203
-28.1026
75.473
-27.8353
-28.1176
-28.2674
-28.3225
79.452
-27.6297
-27.8922
-27.8861
-27.9055
80.182
-27.0879
-27.572
-27.6196
-27.9872
77.156
-27.4804
-27.5501
-27.9762
-28.0142
72.646
-27.83
-28.0992
-28.0059
-28.2123
73.871
-27.4362
-27.7866
-27.8688
-27.943
74.979
-27.7981
-28.0681
-28.3721
-28.3972
75.89
-27.114
-27.7015
-27.8185
-28.1838
77.187
-27.6908
-27.9962
-27.7726
-27.7133
73.433
-27.0784
-28.1894
-28.4787
-28.5076
72.996
-27.4557
-27.8969
-28.0583
-27.9461
76.287
-27.3596
-28.1675
-28.0835
-27.912
76.97
-28.5116
-28.7798
-28.5939
-28.601
76.465