-4.68532
-4.68532
-4.68534
-4.68534
10.109
-4.6162
-4.64194
-4.68766
-4.68766
10.41
-4.52439
-4.5249
-4.68325
-4.68325
9.891
-4.46608
-4.48141
-4.66486
-4.66486
10.411
-4.52098
-4.52098
-4.52098
-4.52099
10.161
-4.66925
-4.66925
-4.66927
-4.66927
10.295
-4.49467
-4.68766
-4.68766
-4.68766
10.358
-4.48263
-4.48313
-4.48313
-4.64149
10.22
-4.53266
-4.53266
-4.53266
-4.53325
9.821
-4.5204
-4.53706
-4.53706
-4.53706
10.23
-4.51912
-4.68766
-4.68766
-4.68766
10.092
-4.68593
-4.68593
-4.68593
-4.68593
10.089
-4.52431
-4.52431
-4.68266
-4.68266
10.03
-4.22593
-4.22593
-4.49525
-4.53766
9.591
-4.45243
-4.6704
-4.68707
-4.68707
10.426
-4.51412
-4.51412
-4.68093
-4.68093
10.154
-4.50853
-4.50853
-4.53766
-4.53766
9.93
-4.50957
-4.5249
-4.5249
-4.68325
9.189
-4.66927
-4.66927
-4.66927
-4.66927
10.253
-4.33313
-4.37489
-4.3749
-4.3749
9.879
-4.53766
-4.53766
-4.53766
-4.53766
10.258
-4.63754
-4.66659
-4.66659
-4.66659
10.302
-4.53764
-4.53766
-4.53766
-4.53766
10.205
-4.49529
-4.49589
-4.49589
-4.49589
10.023
-4.50785
-4.68153
-4.68153
-4.68153
10.491
-4.68765
-4.68765
-4.68765
-4.68765
10.371
-4.64589
-4.68766
-4.68766
-4.68766
10.356
-4.22152
-4.22152
-4.51659
-4.53325
10.283
-4.64415
-4.64415
-4.64415
-4.68593
10.155
-4.53325
-4.53325
-4.53325
-4.53325
9.259
-9.34187
-9.34186
-9.34187
-9.34187
18.736
-9.03595
-9.03622
-9.39793
-9.42368
18.652
-8.96446
-9.21946
-9.27632
-9.31803
18.976
-8.87836
-9.51899
-9.51986
-9.51987
18.701
-9.02575
-9.18417
-9.18417
-9.37705
19.045
-9.30165
-9.46003
-9.46002
-9.46002
19.066
-9.11954
-9.12566
-9.12566
-9.44729
19.026
-8.9969
-9.20868
-9.20868
-9.20868
18.006
-9.2328
-9.2328
-9.25855
-9.2752
18.659
-9.46647
-9.46647
-9.49157
-9.49157
18.794
-8.98914
-9.19062
-9.34897
-9.34898
18.784
-9.46076
-9.46332
-9.48839
-9.4884
19.25
-9.33493
-9.33553
-9.33553
-9.36065
18.756
-9.14443
-9.14443
-9.1445
-9.1445
18.479
-9.43805
-9.55553
-9.55553
-9.55553
18.771
-8.96577
-8.99423
-9.36458
-9.36458
18.137
-9.5254
-9.52542
-9.52542
-9.52542
19.193
-9.28654
-9.44568
-9.44568
-9.44568
18.792
-9.0783
-9.40436
-9.40436
-9.44613
18.81
-9.39741
-9.3974
-9.41407
-9.5732
19.106
-9.06253
-9.06254
-9.06254
-9.06254
18.785
-9.19869
-9.1992
-9.38265
-9.38265
19.121
-9.23034
-9.23034
-9.23034
-9.25611
18.405
-9.34534
-9.39959
-9.39959
-9.42468
18.811
-9.228
-9.24469
-9.24477
-9.24477
18.768
-9.07686
-9.34243
-9.42098
-9.43765
18.767
-9.17236
-9.49286
-9.49286
-9.49286
19.173
-8.86195
-9.06172
-9.38334
-9.57622
17.613
-9.20434
-9.20434
-9.41615
-9.41614
17.517
-9.26939
-9.26939
-9.26939
-9.26939
18.678
-25.3434
-24.8391
-26.0478
-26.0383
53.155
-25.6174
-25.988
-25.9844
-24.9958
52.652
-25.1137
-26.0301
-25.7418
-25.8692
52.254
-25.6745
-26.6915
-26.9261
-25.2374
54.661
-25.6771
-26.7188
-25.8593
-25.4549
54.621
-25.955
-24.6029
-25.0845
-26.0389
53.61
-24.6383
-24.7417
-26.3157
-26.1626
52.447
-24.9642
-23.8325
-24.4903
-25.7365
54.478
-24.2971
-25.5994
-25.376
-25.5941
55.047
-26.4438
-25.6696
-24.082
-25.393
52.88
-24.8119
-26.2977
-25.1212
-25.448
54.2
-25.1522
-24.3816
-25.542
-25.2675
52.626
-25.3985
-25.3471
-26.214
-25.842
52.951
-25.9212
-25.1213
-25.1743
-26.3926
54.153
-25.4472
-26.5013
-25.2615
-25.1167
53.213
-26.3811
-25.6854
-26.3932
-26.0159
53.42
-25.4906
-23.9726
-24.0452
-24.4237
54.762
-25.6069
-24.7304
-24.7227
-24.7774
53.372
-25.749
-25.9123
-24.8958
-25.8614
52.568
-25.7761
-26.2712
-25.651
-25.3193
52.351
-25.9072
-25.5184
-25.0614
-24.7057
52.758
-25.4932
-25.5784
-24.776
-24.9732
54.381
-25.7067
-25.448
-24.5524
-25.4879
53.861
-24.3524
-25.7862
-26.4745
-24.8013
53.444
-25.4645
-25.6678
-24.9263
-24.8411
54.232
-25.6461
-25.1051
-25.6157
-24.9895
54.059
-24.1861
-24.5493
-25.9164
-25.7318
53.316
-25.1897
-25.9754
-25.2143
-24.7255
54.338
-25.5186
-25.5596
-25.5098
-25.6578
54.234
-27.1101
-25.4527
-24.9402
-26.159
52.678