-4.48314
-4.64149
-4.64149
-4.64149
0.848
-4.49038
-4.49038
-4.49038
-4.49037
0.949
-4.53763
-4.53763
-4.53763
-4.53763
0.934
-4.46781
-4.48313
-4.48313
-4.64149
0.943
-4.50898
-4.5243
-4.5243
-4.5243
0.885
-4.68593
-4.68593
-4.68593
-4.68593
0.899
-4.48141
-4.48141
-4.48141
-4.48141
0.933
-4.6453
-4.6453
-4.6453
-4.6453
0.884
-4.49088
-4.49088
-4.49088
-4.49088
0.843
-4.68765
-4.68765
-4.68765
-4.68765
0.865
-4.53764
-4.53764
-4.53766
-4.53766
0.981
-4.68589
-4.68593
-4.68593
-4.68593
0.878
-3.96798
-3.9684
-4.28955
-4.28955
0.946
-4.53757
-4.53762
-4.53764
-4.53764
0.979
-4.68265
-4.68266
-4.68266
-4.68266
0.952
-4.453
-4.453
-4.49477
-4.49477
0.949
-4.53756
-4.53756
-4.53756
-4.53756
0.853
-4.49589
-4.49589
-4.49589
-4.49589
0.947
-4.30348
-4.30408
-4.30408
-4.30408
0.944
-4.50853
-4.50853
-4.50853
-4.50853
0.946
-4.68764
-4.68764
-4.68764
-4.68764
0.91
-4.64589
-4.64589
-4.64589
-4.64589
0.953
-4.61619
-4.61684
-4.61684
-4.61684
0.93
-4.64415
-4.64415
-4.64415
-4.64415
0.801
-4.47235
-4.47236
-4.47236
-4.63917
0.787
-4.61071
-4.61071
-4.61071
-4.6107
0.92
-4.453
-4.453
-4.64588
-4.64588
0.727
-4.66926
-4.66927
-4.68592
-4.68593
0.88
-4.47736
-4.47736
-4.47736
-4.47736
0.823
-4.6409
-4.6409
-4.6409
-4.6409
0.781
-8.5355
-8.91337
-8.91445
-8.92899
1.823
-9.12847
-9.12834
-9.12903
-9.12932
1.805
-8.21482
-8.49155
-8.56847
-8.56709
1.758
-8.69383
-8.94239
-8.99549
-9.02141
1.811
-8.82872
-8.98914
-8.98937
-8.99166
1.835
-9.25618
-9.25533
-9.2551
-9.25487
1.68
-9.33394
-9.33283
-9.43351
-9.43721
1.771
-9.21918
-9.52609
-9.52877
-9.52844
1.797
-8.32094
-8.32941
-8.57575
-8.57795
1.625
-9.27606
-9.28089
-9.2817
-9.28048
1.624
-8.86488
-9.14071
-9.14029
-9.14022
1.695
-9.41986
-9.42071
-9.4197
-9.41851
1.718
-8.99796
-8.99922
-8.99731
-8.99922
1.81
-9.40355
-9.40322
-9.40183
-9.4027
1.93
-9.05412
-9.06132
-9.06319
-9.06046
1.854
-9.17055
-9.17124
-9.17065
-9.17124
1.754
-8.79758
-8.87029
-8.8708
-8.86829
1.619
-8.87008
-8.92604
-8.92655
-8.92806
1.811
-8.92722
-9.28458
-9.28851
-9.28501
1.689
-9.12655
-9.17527
-9.17393
-9.17556
1.64
-9.07121
-9.14054
-9.36666
-9.38883
1.763
-9.33453
-9.34059
-9.37037
-9.37099
1.661
-9.18814
-9.20065
-9.20262
-9.19905
1.933
-9.13981
-9.14018
-9.13998
-9.14174
1.799
-9.07822
-9.17631
-9.17856
-9.18019
1.825
-8.95955
-9.22673
-9.2272
-9.22646
1.659
-8.99108
-8.99298
-8.99202
-9.09407
1.646
-9.03786
-9.21273
-9.21523
-9.21542
1.801
-9.14747
-9.15122
-9.15153
-9.1505
1.787
-8.71938
-8.71565
-8.71454
-8.71341
1.772
-23.6005
-24.1988
-25.3105
-24.9184
5.333
-23.432
-25.0027
-25.2538
-24.4928
4.985
-24.3609
-24.2165
-24.0418
-24.9296
5.184
-24.0475
-24.3346
-24.1243
-24.184
5.243
-25.3649
-24.2286
-24.2598
-25.2543
5.07
-24.4079
-24.2679
-24.2653
-25.1306
5.263
-23.5276
-23.8249
-24.4304
-24.3169
4.637
-23.9778
-23.4098
-25.2046
-25.0624
5.339
-24.0484
-24.7113
-25.6202
-24.6928
5.051
-22.7408
-23.4427
-24.9464
-25.2126
5.255
-22.748
-25.1667
-23.8133
-23.9578
5.339
-24.1313
-24.5664
-25.5489
-25.979
5.471
-23.5095
-24.5873
-25.104
-25.1402
5.167
-23.4132
-24.4849
-24.8674
-24.159
5.195
-22.8145
-24.0426
-24.5773
-24.4786
5.176
-24.0939
-25.4398
-26.0544
-25.0267
4.531
-24.2047
-24.5355
-25.1652
-23.992
5.334
-23.2908
-23.7032
-24.8199
-25.0471
4.994
-23.864
-23.9194
-24.7155
-25.3191
5.028
-24.2129
-25.3171
-25.3012
-25.0121
5.251
-23.2272
-25.1461
-24.6577
-25.5229
5.212
-23.64
-24.4157
-25.334
-25.0507
5.419
-22.5799
-22.6682
-24.6729
-23.971
4.924
-22.479
-25.4352
-25.0177
-25.9351
4.647
-24.0074
-24.3447
-24.7986
-24.4273
5.069
-24.828
-24.3494
-23.9074
-24.051
5
-23.2668
-24.6741
-24.3603
-23.0792
5.231
-25.1298
-24.9735
-25.5484
-25.4748
5.225
-23.2082
-23.8867
-24.1309
-23.5886
5.299
-23.7599
-25.0681
-25.2283
-25.5781
5.222