-4.62953
-4.63219
-4.66193
-4.66121
1.341
-4.37242
-4.37018
-4.37056
-4.37251
1.006
-4.64436
-4.6443
-4.64169
-4.64246
1.087
-4.51827
-4.51983
-4.52373
-4.52202
1.376
-4.68328
-4.68359
-4.68011
-4.68324
1.388
-4.64216
-4.64032
-4.63944
-4.64274
1.395
-4.61297
-4.62739
-4.64374
-4.64351
1.382
-4.49416
-4.49009
-4.48883
-4.49235
1.272
-4.47357
-4.47714
-4.4798
-4.47918
1.388
-4.6841
-4.68305
-4.679
-4.68165
1.306
-4.53472
-4.53653
-4.53722
-4.53163
1.384
-4.47628
-4.47157
-4.4754
-4.47872
1.301
-4.67911
-4.67978
-4.67934
-4.68182
1.381
-4.50898
-4.512
-4.67677
-4.68137
1.386
-4.63125
-4.6362
-4.63693
-4.66556
1.271
-4.49199
-4.4916
-4.49275
-4.49422
1.327
-4.67726
-4.68253
-4.67511
-4.67474
1.39
-4.68143
-4.67434
-4.68108
-4.67994
1.38
-4.68091
-4.6818
-4.6815
-4.68329
1.377
-4.49255
-4.49392
-4.49476
-4.49003
1.318
-4.67226
-4.67812
-4.67621
-4.68646
1.389
-4.64458
-4.64084
-4.64423
-4.64021
1.369
-4.66363
-4.66937
-4.65455
-4.68217
1.366
-4.49133
-4.49225
-4.50242
-4.53317
1.158
-4.64475
-4.64389
-4.64517
-4.643
1.287
-4.5348
-4.5335
-4.53694
-4.53511
1.379
-4.64305
-4.6387
-4.64033
-4.64151
1.287
-4.1972
-4.19993
-4.19761
-4.20071
1.369
-4.44263
-4.47851
-4.4823
-4.48029
1.373
-4.63803
-4.62925
-4.63947
-4.63598
1.376
-9.03739
-9.03266
-9.03983
-9.26969
2.191
-8.97199
-9.02722
-9.03286
-9.02151
2.644
-9.22628
-9.35769
-9.36279
-9.36828
2.701
-9.12343
-9.11829
-9.15409
-9.14981
2.513
-8.88395
-8.88526
-9.11669
-9.12987
2.613
-8.97007
-8.97392
-8.96777
-8.97997
2.703
-8.78348
-8.80249
-8.87102
-8.86973
2.666
-8.85286
-9.11399
-9.12939
-9.1451
2.482
-9.11002
-9.13117
-9.37862
-9.39347
2.698
-9.11828
-9.10792
-9.13717
-9.13372
2.483
-9.20843
-9.25002
-9.32355
-9.31755
2.246
-8.54587
-8.76063
-8.76746
-8.77144
2.501
-9.20443
-9.19727
-9.19963
-9.20246
2.659
-9.30747
-9.31751
-9.36226
-9.37142
2.462
-8.49015
-8.6953
-8.82868
-8.83307
2.473
-8.90287
-9.14748
-9.15638
-9.15079
2.666
-9.136
-9.16752
-9.14784
-9.16857
2.438
-9.08846
-9.07278
-9.23576
-9.33185
2.706
-8.83252
-8.96692
-8.9645
-8.96155
2.619
-8.80642
-9.29714
-9.42388
-9.43441
2.666
-8.75019
-8.9572
-8.9597
-8.96578
2.619
-9.13087
-9.12846
-9.17835
-9.18489
2.664
-9.13649
-9.27185
-9.27226
-9.27131
2.694
-8.80077
-8.98671
-8.98165
-9.31704
2.66
-9.26155
-9.28022
-9.30059
-9.30095
2.147
-8.75128
-9.20603
-9.26099
-9.25
2.697
-8.68572
-8.66557
-8.68655
-8.69141
2.706
-9.34839
-9.37719
-9.41075
-9.38487
2.663
-9.08809
-9.09786
-9.4133
-9.46672
2.713
-9.06041
-9.32923
-9.34015
-9.33673
2.671
-26.1775
-26.712
-27.0665
-27.0604
7.973
-25.4506
-25.7947
-26.1257
-26.3045
7.87
-25.1904
-25.5732
-25.8701
-26.3003
6.996
-25.898
-26.4185
-26.3091
-26.8481
7.71
-26.2722
-27.2365
-27.3669
-27.4302
7.402
-25.0125
-26.0541
-26.2095
-26.742
6.859
-25.5871
-26.1968
-26.3295
-26.6932
7.595
-26.1933
-26.2691
-26.567
-26.9095
7.423
-27.0223
-27.3233
-27.3081
-27.4385
8.018
-26.8458
-26.7561
-26.7668
-26.7583
7.477
-27.0448
-27.5597
-27.8327
-27.6366
8.023
-26.2535
-26.4739
-26.8614
-27.888
8.066
-26.3331
-26.5224
-26.8657
-27.1755
8.029
-25.3422
-26.3215
-27.1065
-26.983
7.261
-25.6653
-26.0679
-26.702
-27.1171
7.933
-24.7259
-25.5711
-26.1756
-26.4292
7.706
-25.8505
-26.5555
-26.6735
-26.9559
7.439
-26.0863
-26.4499
-26.7277
-26.8871
6.436
-27.3768
-27.8065
-27.8288
-27.905
8.029
-26.6427
-26.6124
-26.9794
-26.8111
7.491
-26.818
-26.8524
-27.0241
-26.7936
7.398
-25.6105
-26.8698
-27.419
-27.2892
7.968
-26.3856
-26.6117
-27.1282
-27.0968
6.817
-26.5686
-27.0208
-27.4724
-27.4795
8.023
-24.9334
-25.7606
-26.1507
-26.7856
7.455
-26.3223
-26.7613
-27.2494
-27.4351
7.262
-26.2879
-26.279
-26.5815
-26.848
7.428
-26.5911
-26.6747
-27.1125
-27.5624
8.027
-26.367
-26.9183
-26.9613
-27.236
8.056
-25.7306
-26.5385
-26.5794
-26.8726
7.457