-4.68593
-4.68593
-4.68593
-4.68593
18.282
-4.68765
-4.68766
-4.68766
-4.68766
18.053
-4.68593
-4.68593
-4.68593
-4.68593
18.271
-4.5249
-4.68766
-4.68766
-4.68766
18.319
-4.68593
-4.68593
-4.68593
-4.68593
18.118
-4.68593
-4.68593
-4.68593
-4.68593
17.592
-4.53325
-4.53766
-4.53766
-4.53766
18.22
-4.68766
-4.68766
-4.68766
-4.68766
18.453
-4.68593
-4.68593
-4.68593
-4.68593
17.634
-4.68766
-4.68766
-4.68766
-4.68766
18.56
-4.68593
-4.68593
-4.68593
-4.68593
18.033
-4.68593
-4.68593
-4.68593
-4.68593
18.058
-4.68534
-4.68593
-4.68593
-4.68593
18.54
-4.68593
-4.68593
-4.68593
-4.68593
18.1
-4.53325
-4.53325
-4.53766
-4.53766
18.25
-4.64589
-4.68766
-4.68766
-4.68766
18.315
-4.68593
-4.68593
-4.68593
-4.68593
18.349
-4.68766
-4.68766
-4.68766
-4.68766
18.218
-4.68766
-4.68766
-4.68766
-4.68766
18.395
-4.53766
-4.53766
-4.53766
-4.53766
17.462
-4.53766
-4.53766
-4.53766
-4.53766
18.221
-4.68325
-4.68325
-4.68325
-4.68325
18.508
-4.64589
-4.68766
-4.68766
-4.68766
18.593
-4.68325
-4.68325
-4.68325
-4.68325
18.364
-4.68766
-4.68766
-4.68766
-4.68766
17.611
-4.68593
-4.68593
-4.68593
-4.68593
18.397
-4.68766
-4.68766
-4.68766
-4.68766
18.522
-4.68766
-4.68766
-4.68766
-4.68766
18.405
-4.68766
-4.68766
-4.68766
-4.68766
17.537
-4.68766
-4.68766
-4.68766
-4.68766
18.056
-9.47963
-9.47952
-9.47965
-9.47943
32.372
-9.38427
-9.37976
-9.38361
-9.46109
35.771
-9.46972
-9.49298
-9.62153
-9.62005
35.605
-9.61607
-9.61591
-9.61645
-9.61586
36.313
-9.45054
-9.45287
-9.45267
-9.45138
36.029
-9.58961
-9.59227
-9.58927
-9.58848
36.214
-9.1188
-9.1185
-9.33068
-9.3318
35.612
-9.21435
-9.21285
-9.21388
-9.21482
35.187
-9.39888
-9.39933
-9.39913
-9.39989
35.551
-9.02137
-9.0205
-9.42401
-9.424
35.008
-9.29704
-9.33826
-9.4643
-9.47042
35.895
-9.34722
-9.3461
-9.40366
-9.61557
34.974
-9.30756
-9.31185
-9.50213
-9.50044
35.261
-9.29274
-9.29205
-9.38461
-9.38412
35.96
-9.44575
-9.55473
-9.55885
-9.5584
35.742
-9.23154
-9.61282
-9.61213
-9.61081
36.316
-9.41875
-9.42098
-9.41992
-9.4191
35.666
-9.42592
-9.42599
-9.42694
-9.42646
35.155
-9.31613
-9.31562
-9.31443
-9.31688
35.965
-9.5077
-9.50678
-9.50746
-9.50752
35.838
-9.27513
-9.50821
-9.50908
-9.50956
35.903
-9.61638
-9.61629
-9.61465
-9.61458
35.898
-9.56828
-9.6107
-9.61116
-9.61088
35.941
-9.51562
-9.51237
-9.51481
-9.51417
35.973
-9.56746
-9.56683
-9.56927
-9.56835
32.627
-9.39498
-9.60686
-9.60714
-9.60773
31.839
-9.11308
-9.42065
-9.42203
-9.42003
35.658
-9.3625
-9.36404
-9.38675
-9.38813
34.989
-9.59778
-9.59962
-9.5992
-9.59776
33.264
-8.86335
-8.992
-8.99725
-8.9927
35.391
-23.8268
-23.7114
-23.0214
-23.624
106.783
-24.0004
-24.2439
-23.7435
-24.2564
107.66
-25.4444
-23.1879
-23.7885
-23.6446
105.576
-24.8841
-24.4222
-23.8087
-23.5515
107.924
-23.2552
-24.197
-23.4396
-24.5362
103.712
-24.8025
-24.3467
-23.5587
-24.4293
105.831
-24.8531
-24.7087
-24.0574
-24.2628
105.013
-22.8042
-25.4295
-23.2219
-24.5451
105.918
-24.1031
-23.1041
-25.5741
-22.8497
105.93
-23.5913
-23.8713
-26.6585
-23.6211
106.588
-24.4631
-22.9895
-24.7612
-24.1341
105.026
-24.3782
-24.5773
-24.3877
-24.1295
105.581
-23.9671
-23.2227
-23.0369
-23.1976
104.343
-24.4935
-23.997
-24.2491
-24.0415
106.542
-23.6717
-25.5691
-24.2353
-24.6402
103.278
-22.8552
-23.5305
-23.7896
-24.3522
104.143
-23.9742
-23.8993
-22.7851
-24.183
107.481
-23.3269
-23.1197
-23.8864
-22.6449
104.918
-22.8239
-24.9871
-24.3866
-23.5801
105.313
-23.4023
-23.7486
-24.4255
-23.8153
106.582
-24.0332
-24.4104
-24.0831
-22.8605
105.859
-24.395
-24.3781
-24.0466
-24.2385
106.326
-23.5605
-23.1964
-23.8403
-24.5772
105.11
-23.4859
-23.4373
-23.711
-24.1861
105.537
-23.6506
-24.5044
-24.4661
-24.2743
106.581
-24.3352
-23.3171
-23.5175
-24.2673
105.489
-24.3938
-23.5945
-23.1201
-23.0517
104.811
-24.1374
-23.7358
-23.9258
-23.1754
107.059
-24.7145
-23.2184
-22.9082
-22.8422
106.425
-23.2396
-23.2618
-23.8721
-24.1575
106.307