-4.64415
-4.68592
-4.68593
-4.68593
19.664
-4.68325
-4.68325
-4.68325
-4.68766
20.243
-4.68707
-4.68766
-4.68766
-4.68766
20.677
-4.6459
-4.67099
-4.67099
-4.67099
20.788
-4.68593
-4.68593
-4.68593
-4.68593
20.986
-4.52099
-4.52099
-4.52099
-4.53766
20.179
-4.68707
-4.68707
-4.68707
-4.68707
21.002
-4.48314
-4.68325
-4.68325
-4.68325
20.561
-4.5249
-4.5249
-4.5249
-4.68325
20.522
-4.63917
-4.63917
-4.67782
-4.68093
20.704
-4.68707
-4.68707
-4.68707
-4.68707
20.357
-4.6704
-4.6704
-4.68707
-4.68707
18.78
-4.63917
-4.66427
-4.66427
-4.68093
19.954
-4.516
-4.53266
-4.53266
-4.53266
19.885
-4.66927
-4.68593
-4.68593
-4.68593
20.45
-4.5042
-4.53325
-4.53325
-4.53325
20.202
-4.53266
-4.53266
-4.53266
-4.53266
20.129
-4.66659
-4.68325
-4.68325
-4.68325
20.52
-4.37592
-4.37593
-4.68766
-4.68766
20.337
-4.52039
-4.53706
-4.53706
-4.53706
20.159
-4.6459
-4.6459
-4.67099
-4.67099
20.909
-4.53325
-4.53325
-4.53325
-4.53325
20.513
-4.63976
-4.66486
-4.68153
-4.68153
20.159
-4.53706
-4.53706
-4.53706
-4.53706
20.038
-4.68766
-4.68766
-4.68766
-4.68766
20.247
-4.68766
-4.68766
-4.68766
-4.68766
20.285
-4.49589
-4.52099
-4.52099
-4.53766
19.131
-4.66927
-4.68593
-4.68593
-4.68593
20.316
-4.49149
-4.49149
-4.51659
-4.51659
20.216
-4.6453
-4.6704
-4.68707
-4.68707
19.746
-9.27883
-9.27883
-9.27883
-9.49024
34.536
-9.21126
-9.44777
-9.46436
-9.46437
38.093
-9.13289
-9.3443
-9.3443
-9.3443
37.036
-9.37033
-9.38699
-9.387
-9.387
35.216
-9.2798
-9.59803
-9.59803
-9.59816
37.029
-9.38355
-9.59534
-9.612
-9.61201
36.986
-9.34733
-9.45602
-9.47268
-9.47268
39.107
-9.31378
-9.31378
-9.31378
-9.31378
38.689
-9.60296
-9.60296
-9.61962
-9.61962
37.709
-9.25029
-9.50528
-9.61397
-9.63907
36.936
-9.43788
-9.52907
-9.52907
-9.54574
37.189
-9.55002
-9.55614
-9.55614
-9.55614
39.031
-9.3812
-9.43799
-9.44239
-9.44239
37.313
-9.17732
-9.47239
-9.48905
-9.48905
37.053
-9.51006
-9.51013
-9.51013
-9.51013
37.48
-9.51217
-9.55394
-9.55394
-9.55394
38.709
-9.42628
-9.46804
-9.46804
-9.46804
38.605
-9.40192
-9.5308
-9.5308
-9.54746
37.916
-9.42581
-9.45091
-9.46757
-9.46757
37.838
-8.912
-9.31821
-9.31822
-9.42692
38.947
-9.24406
-9.51161
-9.51161
-9.51161
37.46
-9.654
-9.654
-9.654
-9.654
37.99
-9.16585
-9.36648
-9.39158
-9.40824
36.736
-9.44871
-9.44871
-9.46538
-9.46538
38.174
-9.30285
-9.50348
-9.50348
-9.50348
36.904
-9.16278
-9.43275
-9.43275
-9.53667
37.956
-9.45804
-9.45804
-9.61639
-9.62078
38.175
-9.53017
-9.53017
-9.53017
-9.53017
38.102
-9.40862
-9.57715
-9.57715
-9.57715
36.52
-9.46727
-9.66015
-9.66015
-9.66015
38.06
-26.7769
-26.7626
-26.0988
-26.8975
104.957
-25.8372
-26.2475
-26.6394
-25.5022
106.302
-26.5479
-26.1677
-26.1918
-26.1634
108.669
-26.263
-26.5475
-26.3296
-26.5643
109.258
-26.3684
-26.5067
-26.457
-26.1953
107.549
-26.554
-26.2316
-25.1388
-25.5666
108.992
-26.1697
-25.7511
-26.1851
-26.7323
107.5
-26.715
-26.2298
-26.6632
-26.2018
107.761
-26.276
-26.1963
-27.3036
-26.8827
110.86
-26.9521
-26.8216
-27.0148
-25.9918
107.322
-26.2218
-26.7167
-26.3484
-26.9039
109.51
-26.2793
-26.6051
-27.2796
-26.5407
105.893
-25.8925
-25.6894
-25.7047
-26.0175
109.299
-25.9842
-26.2583
-27.0187
-25.5723
110.318
-26.9635
-26.0663
-26.196
-26.8346
109.705
-26.2747
-26.472
-26.397
-26.2512
107.971
-26.0621
-26.7978
-26.8716
-27.0252
107.176
-27.5186
-25.7672
-26.7222
-26.7604
108.238
-26.1368
-27.6771
-27.1714
-26.2025
107.349
-26.3203
-25.8947
-26.8412
-26.8938
108.029
-26.0557
-26.1599
-26.0704
-26.3372
103.98
-26.4714
-26.9172
-25.8321
-25.6205
108.254
-26.2879
-27.1943
-26.2765
-26.7683
107.511
-26.5849
-26.6666
-26.6526
-25.9753
106.544
-25.7719
-26.3507
-26.2151
-25.762
105.429
-26.3573
-25.9421
-26.2983
-26.7977
103.95
-26.2387
-25.9736
-26.6027
-26.2684
108.451
-25.7427
-27.2001
-27.1156
-26.9732
108.87
-25.8457
-26.2681
-26.6748
-26.1913
108.088
-25.4579
-26.958
-27.1545
-26.3434
106.376