-4.37142
-4.37148
-4.3715
-4.37152
0.902
-4.50244
-4.50245
-4.51911
-4.68765
0.913
-4.64529
-4.64529
-4.64528
-4.64529
0.903
-4.33312
-4.33312
-4.33312
-4.3452
0.846
-4.64083
-4.64149
-4.64149
-4.64149
0.857
-4.64088
-4.64089
-4.64085
-4.64089
0.804
-4.66925
-4.68592
-4.68591
-4.68592
0.927
-4.68593
-4.68593
-4.68593
-4.68593
0.862
-4.64589
-4.64589
-4.64589
-4.64589
0.995
-4.5249
-4.5249
-4.5249
-4.5249
0.906
-4.51912
-4.51911
-4.51912
-4.51911
0.873
-4.68702
-4.68705
-4.68705
-4.68705
0.885
-4.64586
-4.67099
-4.67099
-4.67099
0.93
-4.68586
-4.68593
-4.68593
-4.68591
0.95
-4.33254
-4.33253
-4.33253
-4.35762
0.932
-4.68765
-4.68765
-4.68766
-4.68766
0.934
-4.68765
-4.68766
-4.68766
-4.68766
0.793
-4.4814
-4.4814
-4.4814
-4.48141
0.858
-4.66919
-4.66925
-4.66924
-4.66927
0.933
-4.5243
-4.5249
-4.5249
-4.5249
0.897
-4.52098
-4.52097
-4.52097
-4.52097
0.939
-4.49084
-4.49086
-4.49087
-4.49088
0.856
-4.52431
-4.5243
-4.5243
-4.5243
0.859
-4.68745
-4.68745
-4.68745
-4.68745
0.788
-4.47736
-4.47736
-4.47736
-4.47735
0.883
-4.47369
-4.47369
-4.47371
-4.47369
0.929
-4.53264
-4.53264
-4.53266
-4.53263
0.911
-4.68591
-4.68591
-4.68591
-4.68591
0.814
-4.49148
-4.49147
-4.49148
-4.49148
0.914
-4.64357
-4.64356
-4.64353
-4.64357
0.941
-9.07668
-9.07605
-9.07312
-9.07719
1.733
-8.81182
-8.77355
-8.77544
-9.04778
1.735
-8.82753
-9.05099
-9.04225
-9.04792
1.837
-8.93683
-8.95438
-8.9531
-8.95305
1.56
-8.77985
-8.7867
-8.78333
-8.78665
1.81
-9.37617
-9.37274
-9.37187
-9.3711
1.852
-9.17433
-9.16494
-9.23527
-9.2441
1.813
-9.00692
-9.04732
-9.07331
-9.12986
1.714
-9.0592
-9.54516
-9.54668
-9.54987
1.478
-9.21245
-9.23172
-9.22739
-9.2233
1.553
-8.58533
-8.60102
-8.59564
-8.59083
1.889
-8.89403
-8.97751
-9.01465
-9.24564
1.758
-8.61001
-9.00258
-9.24086
-9.24657
1.876
-8.37472
-8.45629
-8.96569
-8.98306
1.876
-9.04306
-9.05678
-9.05567
-9.06009
1.876
-8.48987
-8.68352
-8.97142
-9.02226
1.82
-9.42562
-9.43578
-9.43319
-9.43344
1.58
-9.2014
-9.19864
-9.19393
-9.20322
1.78
-9.41662
-9.4667
-9.45826
-9.46384
1.854
-9.12199
-9.12149
-9.12287
-9.12086
1.759
-8.75713
-8.85986
-8.86584
-8.86288
1.734
-8.99204
-9.09563
-9.09284
-9.09334
1.539
-8.93698
-8.99272
-8.99552
-8.98565
1.804
-9.06346
-9.36579
-9.36707
-9.36601
1.843
-8.65325
-9.22643
-9.26358
-9.26522
1.702
-9.20412
-9.20909
-9.21263
-9.2108
1.622
-9.33036
-9.40985
-9.41031
-9.41052
1.69
-9.20004
-9.1999
-9.20264
-9.20267
1.858
-8.78944
-8.90558
-8.91387
-8.91187
1.875
-9.20941
-9.26038
-9.25798
-9.25436
1.728
-22.9901
-24.4375
-24.3302
-25.0429
5.26
-23.9388
-23.796
-24.8562
-23.5776
5.213
-23.8821
-23.9406
-24.1696
-24.3105
5.366
-24.7235
-24.4324
-24.2717
-24.3035
5.086
-23.8122
-23.5009
-25.2421
-24.829
4.862
-23.6587
-23.3727
-23.4822
-24.644
4.547
-23.9791
-23.9988
-24.6095
-23.9408
5.298
-24.7207
-23.3254
-25.101
-25.744
5.3
-23.6431
-23.9363
-24.5295
-22.8548
5.374
-23.9173
-24.6754
-23.5088
-24.9796
4.672
-24.1745
-25.0125
-24.9925
-25.207
4.948
-23.5313
-24.2036
-24.7904
-23.9375
5.362
-24.422
-23.6159
-24.2808
-23.432
4.877
-24.2126
-23.836
-22.5201
-23.6773
4.892
-23.8236
-23.0553
-24.643
-24.3242
5.049
-22.4882
-24.0714
-24.2918
-24.7813
4.981
-24.2968
-24.0383
-23.8972
-24.4889
4.827
-24.2817
-23.8617
-24.2112
-24.5651
5.148
-24.7368
-23.4289
-25.1608
-24.0996
4.963
-24.6642
-24.031
-24.2276
-25.0119
5.301
-23.187
-24.9132
-25.2351
-24.1987
5.051
-23.2609
-24.6754
-23.9437
-23.7971
5.328
-23.8276
-24.7877
-24.9724
-24.0901
4.91
-23.5419
-24.2929
-24.9542
-24.2122
5.198
-23.7728
-23.8285
-24.1925
-25.4606
5.532
-24.0064
-22.9618
-23.6656
-23.8288
5.572
-22.2658
-24.7141
-25.0179
-26.0674
5.299
-24.2098
-24.3509
-25.0461
-24.5369
5.309
-24.0441
-24.7996
-25.7107
-23.6745
5.614
-22.8962
-24.1423
-23.3541
-23.3902
5.358