-4.53325
-4.53325
-4.53325
-4.53766
9.718
-4.53766
-4.53766
-4.53766
-4.53766
9.08
-4.6459
-4.67098
-4.68766
-4.68766
9.468
-4.68766
-4.68766
-4.68766
-4.68766
9.472
-4.49589
-4.49589
-4.52099
-4.52099
8.667
-4.52097
-4.53766
-4.53766
-4.53766
9.502
-4.67099
-4.67099
-4.67099
-4.68766
9.275
-4.53325
-4.53765
-4.53765
-4.53766
8.966
-4.66486
-4.66927
-4.68593
-4.68593
9.538
-4.53766
-4.53766
-4.53765
-4.53766
9.681
-4.6459
-4.67099
-4.68766
-4.68766
9.321
-4.49149
-4.49149
-4.49149
-4.53325
9.359
-4.68704
-4.68707
-4.68707
-4.68706
9.758
-4.68759
-4.68766
-4.68766
-4.68766
8.032
-4.63976
-4.66485
-4.68152
-4.68152
9.795
-4.68091
-4.68092
-4.68093
-4.68153
8.911
-4.4814
-4.66485
-4.68152
-4.68153
8.971
-4.68153
-4.68153
-4.68152
-4.68593
8.759
-4.64149
-4.66658
-4.66659
-4.68325
9.251
-4.6453
-4.68706
-4.68706
-4.68766
9.491
-4.63976
-4.63976
-4.63976
-4.63976
8.897
-4.47811
-4.68759
-4.68759
-4.68766
8.293
-4.66424
-4.68533
-4.68533
-4.68593
9.598
-4.68766
-4.68766
-4.68766
-4.68766
8.84
-4.68707
-4.68766
-4.68766
-4.68766
9.589
-4.53706
-4.53766
-4.53765
-4.53766
9.023
-4.68151
-4.68151
-4.68153
-4.68152
9.17
-4.63915
-4.63915
-4.63917
-4.68093
9.65
-4.68266
-4.68266
-4.68325
-4.68325
9.198
-4.3736
-4.64417
-4.68593
-4.68593
9.24
-9.37211
-9.36215
-9.52818
-9.58233
17.92
-9.52213
-9.51966
-9.50411
-9.53886
18.205
-9.36361
-9.3508
-9.29826
-9.35708
16.34
-9.47004
-9.61222
-9.63797
-9.55223
18.066
-9.54937
-9.51338
-9.54993
-9.57072
18.628
-9.32512
-9.24622
-9.36359
-9.36298
18.017
-9.48169
-9.5884
-9.59135
-9.53568
17.573
-9.30302
-9.30354
-9.34533
-9.2945
17.85
-9.29422
-9.29148
-9.29304
-9.34986
17.891
-9.18778
-9.16156
-9.17437
-9.35832
18.12
-9.38875
-9.45788
-9.4402
-9.43075
18.147
-9.24358
-9.46376
-9.47185
-9.4855
16.671
-9.25598
-9.38238
-9.34423
-9.37571
17.87
-9.12699
-9.1164
-9.27509
-9.30982
17.84
-9.40585
-9.39402
-9.62833
-9.60014
17.747
-9.1244
-9.30138
-9.4016
-9.4295
18.031
-9.10783
-9.12813
-9.3787
-9.35924
18.276
-9.18582
-9.47339
-9.47854
-9.47549
17.997
-8.93717
-8.93386
-8.88193
-8.89786
18.295
-9.33407
-9.41494
-9.49277
-9.43521
18.105
-9.0608
-9.3149
-9.39654
-9.45293
17.781
-9.05901
-9.10164
-9.21373
-9.18242
18.013
-9.52667
-9.57214
-9.5359
-9.51938
18.042
-9.37194
-9.48054
-9.42563
-9.45688
17.844
-9.39454
-9.42682
-9.39673
-9.42091
18.617
-9.57937
-9.56039
-9.60485
-9.54667
18.356
-9.34491
-9.34468
-9.46056
-9.50837
17.89
-9.13808
-9.46761
-9.53977
-9.57322
17.909
-9.59656
-9.46158
-9.58616
-9.56761
18.084
-9.35793
-9.35102
-9.39565
-9.36635
17.78
-17.8945
-17.5191
-18.9457
-18.2327
53.394
-18.5436
-18.608
-18.9163
-18.6076
53.056
-17.4055
-17.5358
-16.829
-17.8089
53.355
-17.7742
-18.7821
-18.0448
-18.1736
52.227
-17.5694
-17.6481
-18.5004
-19.1228
53.122
-18.3506
-17.7429
-18.0183
-17.5275
53.223
-18.1185
-16.4656
-17.8493
-18.459
52.211
-17.1219
-18.9886
-19.2912
-18.8434
52.593
-18.3412
-17.4875
-18.3963
-17.9103
52.963
-18.7578
-17.5912
-19.0181
-17.5041
51.679
-18.4647
-18.7611
-17.7189
-19.9583
53.254
-19.4402
-18.613
-19.273
-18.7575
53.654
-17.5195
-18.5339
-16.5879
-19.9205
53.895
-18.268
-17.5782
-17.9867
-18.7293
53.097
-19.1031
-17.6525
-18.0449
-17.7
51.258
-19.0703
-17.0262
-16.7239
-18.189
52.778
-19.4926
-19.0426
-17.006
-19.9725
53.335
-17.9902
-17.2291
-17.741
-17.93
53.226
-17.9113
-18.086
-19.9686
-19.1515
50.709
-18.8408
-17.3969
-17.6096
-19.1825
53.828
-17.8934
-18.4124
-19.3695
-18.286
53.452
-18.1027
-18.7114
-18.465
-18.6462
52.978
-16.9963
-17.9985
-17.759
-18.6111
51.804
-19.8576
-17.6813
-17.5234
-19.5392
51.902
-17.5962
-17.5941
-18.5053
-18.5191
53.067
-19.5425
-19.0743
-17.435
-17.0553
52.206
-17.3639
-17.3102
-18.2725
-18.6233
50.782
-19.7735
-18.279
-18.7743
-18.2957
53.418
-19.6392
-19.9391
-18.9022
-18.8679
51.912
-17.4678
-18.4463
-17.8648
-17.3713
53.03