-4.53325
-4.53325
-4.53325
-4.53325
0.912
-4.51597
-4.53325
-4.53325
-4.53325
0.953
-4.44788
-4.44791
-4.47287
-4.47293
0.972
-4.64589
-4.6459
-4.64589
-4.6459
0.844
-4.68744
-4.68751
-4.68751
-4.68764
0.864
-4.6542
-4.65419
-4.6542
-4.6542
0.827
-4.34581
-4.34582
-4.34582
-4.34584
0.907
-4.49586
-4.49586
-4.49586
-4.49586
0.816
-4.48263
-4.48313
-4.48313
-4.48313
0.881
-4.68318
-4.68325
-4.68325
-4.68325
0.924
-4.53764
-4.53764
-4.53764
-4.53764
0.906
-4.48314
-4.48314
-4.48314
-4.48314
0.935
-4.68766
-4.68766
-4.68766
-4.68766
0.927
-4.52314
-4.52317
-4.52316
-4.52317
0.866
-4.64528
-4.64528
-4.64528
-4.64528
0.873
-4.3272
-4.35627
-4.35629
-4.35629
0.858
-4.49006
-4.49007
-4.49006
-4.65687
0.883
-4.64018
-4.6402
-4.64019
-4.64018
0.892
-4.64089
-4.64089
-4.6409
-4.66599
0.852
-4.68592
-4.68593
-4.68593
-4.68593
0.838
-4.53324
-4.53324
-4.53323
-4.53325
0.927
-4.46107
-4.4611
-4.46114
-4.46114
0.908
-4.49589
-4.49589
-4.49589
-4.49589
0.943
-4.4483
-4.4483
-4.4483
-4.4483
0.891
-4.47811
-4.47811
-4.67099
-4.67099
0.836
-4.64576
-4.64576
-4.64576
-4.64576
0.913
-4.3753
-4.3753
-4.3753
-4.37533
0.885
-4.46243
-4.46242
-4.46243
-4.46242
0.845
-4.64149
-4.64149
-4.64149
-4.64149
0.945
-4.49149
-4.49149
-4.49149
-4.49149
0.84
-9.16649
-9.14405
-9.31569
-9.32005
1.778
-9.31609
-9.4431
-9.40159
-9.36768
1.891
-9.09737
-9.20647
-9.21292
-9.19378
1.664
-8.46242
-8.48955
-8.51598
-8.59084
1.699
-9.2543
-9.24123
-9.21399
-9.28624
1.674
-8.78053
-9.28955
-9.32024
-9.34937
1.691
-9.22837
-9.39058
-9.39274
-9.39456
1.777
-8.76904
-8.86498
-8.82936
-8.85235
1.902
-9.22654
-9.22604
-9.28235
-9.28517
1.704
-9.50028
-9.49019
-9.4835
-9.50823
1.798
-9.21434
-9.21478
-9.28538
-9.2678
1.609
-8.92858
-8.94143
-9.21325
-9.21157
1.878
-8.1289
-8.46594
-8.76213
-8.87197
1.672
-9.06472
-9.01456
-9.0478
-9.07105
1.808
-9.41702
-9.51307
-9.41071
-9.50498
1.545
-9.30389
-9.43371
-9.55514
-9.5514
1.768
-9.32513
-9.33268
-9.3144
-9.32704
1.734
-9.34368
-9.39201
-9.40303
-9.32503
1.736
-8.74619
-9.09962
-9.10796
-9.119
1.71
-8.8081
-9.2188
-9.24352
-9.24313
1.876
-9.12885
-9.1732
-9.12401
-9.13603
1.859
-9.0363
-9.40245
-9.42754
-9.41246
1.881
-9.39609
-9.3263
-9.39688
-9.39377
1.647
-9.08206
-9.0873
-8.98303
-9.26893
1.727
-9.15536
-9.16188
-9.12889
-9.22869
1.632
-9.01954
-9.12417
-9.28421
-9.26183
1.726
-8.70621
-8.84665
-8.88156
-9.13835
1.448
-8.63437
-8.72475
-8.82462
-8.80849
1.533
-9.09947
-9.52392
-9.5107
-9.52622
1.753
-8.83419
-9.00022
-9.30571
-9.29285
1.724
-18.0627
-17.7158
-18.0077
-18.4232
5.356
-18.1376
-17.7437
-19.7039
-18.3128
5.26
-18.4022
-19.2714
-18.1016
-20.1875
5.081
-19.448
-17.7472
-18.6431
-18.4446
5.069
-17.8668
-18.847
-18.5575
-18.7468
5.255
-17.7067
-19.2984
-18.789
-19.1782
4.955
-17.6509
-17.02
-18.2137
-20.5018
5.331
-16.5214
-17.4228
-19.3983
-18.0913
4.805
-18.8329
-18.4477
-17.862
-17.4321
5.258
-16.902
-18.718
-17.6676
-17.6185
5.245
-16.707
-18.0466
-19.2491
-16.3653
5.185
-17.5274
-20.4916
-18.0606
-17.4865
5.143
-19.4042
-17.0165
-18.2509
-19.304
4.632
-18.0206
-17.5177
-15.6214
-17.4191
5.016
-18.3134
-18.2378
-18.0339
-16.9289
5.245
-19.2078
-17.7814
-16.6475
-19.0554
5.32
-17.9515
-18.9602
-16.9103
-17.8148
5.255
-19.3513
-18.9323
-18.2973
-18.5096
5.026
-17.8031
-16.7156
-17.2821
-17.8152
5.175
-18.4667
-18.075
-18.9798
-19.1415
5.366
-18.2481
-17.1748
-18.6412
-18.0155
5.4
-16.7205
-17.8064
-18.2475
-17.6173
5.191
-18.2269
-18.3527
-17.6302
-17.0191
5.147
-18.5707
-16.6061
-18.1427
-19.7011
5.117
-17.5687
-18.437
-17.3146
-16.7579
5.067
-17.1442
-18.2148
-17.69
-18.3034
5.231
-17.6057
-18.6368
-18.0632
-18.1282
4.836
-17.4476
-18.679
-18.9362
-18.2538
5.305
-18.3441
-18.1175
-18.595
-18.2032
5.367
-18.1024
-18.3891
-19.5284
-17.9509
5.025