-4.68325
-4.68325
-4.68325
-4.68325
2.039
-4.64149
-4.64149
-4.64149
-4.64149
1.979
-4.53764
-4.53764
-4.53764
-4.53764
2.086
-4.68266
-4.68266
-4.68266
-4.68266
1.447
-4.68707
-4.68707
-4.68707
-4.68707
2.149
-4.47295
-4.63976
-4.63976
-4.63976
2.07
-4.6453
-4.6453
-4.6453
-4.6453
2.057
-4.49529
-4.49529
-4.49529
-4.49529
1.89
-4.68593
-4.68593
-4.68593
-4.68593
1.904
-4.68325
-4.68325
-4.68325
-4.68325
2.068
-4.68766
-4.68766
-4.68766
-4.68766
2.01
-4.52098
-4.52098
-4.52098
-4.52098
1.967
-4.68746
-4.68746
-4.68746
-4.68753
2.032
-4.68146
-4.68146
-4.68146
-4.68146
1.797
-4.50186
-4.50246
-4.50246
-4.50246
1.973
-4.66927
-4.66927
-4.66927
-4.66927
2.002
-4.6586
-4.6586
-4.6586
-4.6586
1.982
-4.65853
-4.65853
-4.65853
-4.68759
1.627
-4.53318
-4.53318
-4.53318
-4.53318
2.072
-4.63976
-4.63976
-4.63976
-4.63976
2.04
-4.68593
-4.68593
-4.68593
-4.68593
1.628
-4.6542
-4.6542
-4.6542
-4.6542
1.658
-4.68093
-4.68093
-4.68093
-4.68093
2.082
-4.6409
-4.6409
-4.6409
-4.6409
1.989
-4.66659
-4.66659
-4.66659
-4.66659
2.097
-4.49459
-4.49459
-4.49459
-4.49459
2.083
-4.64417
-4.64417
-4.64417
-4.64417
2.126
-4.64077
-4.64077
-4.64077
-4.64077
2.077
-4.46386
-4.46386
-4.46386
-4.46386
1.82
-4.53324
-4.53324
-4.53324
-4.53324
1.861
-9.04169
-9.05555
-9.05558
-9.05558
3.762
-9.33785
-9.33785
-9.33785
-9.33785
3.817
-9.46782
-9.5704
-9.5704
-9.5704
3.473
-9.20949
-9.22606
-9.30438
-9.30487
3.791
-9.26734
-9.26734
-9.37603
-9.42885
3.842
-9.32538
-9.32538
-9.32538
-9.43145
3.665
-8.74605
-8.74605
-8.74605
-8.74605
3.799
-9.14911
-9.14911
-9.14911
-9.14911
3.798
-9.2995
-9.2995
-9.2995
-9.2995
3.837
-8.90312
-9.11491
-9.11491
-9.11492
3.582
-9.46401
-9.46402
-9.46402
-9.46402
3.612
-9.43039
-9.43057
-9.56164
-9.56169
3.562
-8.99701
-8.99702
-8.99702
-8.99702
3.687
-9.34299
-9.34299
-9.34299
-9.34299
3.838
-9.36199
-9.36203
-9.36203
-9.36203
3.434
-9.31852
-9.31852
-9.31852
-9.31852
3.758
-9.34603
-9.34603
-9.34603
-9.34603
3.7
-9.42274
-9.42275
-9.42275
-9.42275
3.555
-8.89999
-9.01592
-9.01592
-9.01592
3.768
-9.45213
-9.52563
-9.52563
-9.52563
3.55
-9.54301
-9.54301
-9.57175
-9.57176
3.531
-9.45013
-9.45013
-9.45013
-9.45013
3.445
-9.51045
-9.53555
-9.53555
-9.53555
3.576
-9.57086
-9.57086
-9.57086
-9.57086
3.65
-9.23802
-9.25461
-9.25461
-9.25461
3.412
-9.44107
-9.44128
-9.44135
-9.44135
3.706
-8.75604
-8.75604
-8.78509
-8.94345
3.648
-9.62079
-9.62079
-9.6208
-9.62079
3.859
-9.30499
-9.30499
-9.30499
-9.30499
3.598
-9.07781
-9.07781
-9.07781
-9.45774
3.631
-24.8428
-24.9393
-25.1222
-26.1708
10.703
-26.5096
-25.9199
-26.7401
-27.2777
10.561
-25.7058
-25.2345
-26.1404
-25.3599
10.956
-25.098
-25.5472
-25.3675
-24.7858
11.038
-25.8758
-26.3942
-26.4423
-25.7091
10.186
-24.642
-26.3046
-26.0381
-26.2098
10.756
-25.2654
-26.3698
-25.4899
-25.4072
10.289
-25.4848
-26.3977
-26.6906
-26.3713
10.827
-24.5448
-26.0816
-25.6952
-24.7643
10.681
-25.5908
-26.2103
-26.4053
-26.6229
10.774
-25.2953
-26.8397
-26.3677
-26.4333
11.089
-25.6958
-25.3539
-26.4824
-26.4362
10.665
-25.6582
-25.5735
-26.5949
-26.1531
10.868
-25.6689
-24.8959
-26.3513
-26.4519
10.544
-24.5756
-26.8165
-26.3945
-26.7247
10.382
-24.4886
-24.6524
-25.4755
-26.6587
10.032
-25.7586
-26.7169
-25.7304
-26.717
10.744
-25.7284
-26.0578
-26.3217
-26.58
10.327
-24.5578
-25.4221
-26.0399
-26.2592
10.81
-25.1784
-26.1605
-26.3351
-26.0117
10.755
-25.2847
-26.3709
-26.6099
-26.7494
11.078
-25.9529
-26.0927
-25.8666
-26.3926
11.18
-25.4867
-25.3229
-26.0205
-25.7595
10.715
-25.3919
-25.3807
-26.3661
-25.0159
10.912
-26.4446
-25.3669
-26.3707
-26.8563
10.585
-26.225
-25.7667
-25.3895
-26.2403
10.181
-24.9813
-25.8345
-25.7941
-26.0203
10.885
-24.7216
-25.8618
-26.4963
-26.2736
10.28
-25.4296
-26.3452
-26.4384
-26.4027
10.193
-25.059
-26.8571
-25.7661
-25.7269
10.71