-4.68323
-4.68317
-4.68323
-4.68321
8.933
-4.64143
-4.66632
-4.68313
-4.68315
8.574
-4.68588
-4.68589
-4.6859
-4.68587
9.394
-4.64413
-4.64411
-4.64415
-4.64412
9.41
-4.68764
-4.68765
-4.68764
-4.68762
9.098
-4.48311
-4.68323
-4.6832
-4.6832
9.106
-4.51655
-4.53319
-4.5332
-4.53323
9.397
-4.64412
-4.64416
-4.64414
-4.64406
9.342
-4.53762
-4.53765
-4.53763
-4.53763
9.645
-4.68124
-4.68145
-4.68143
-4.68137
9.174
-4.53702
-4.53705
-4.5375
-4.53765
9.398
-4.6831
-4.68322
-4.68324
-4.68321
8.425
-4.68587
-4.6859
-4.68577
-4.68592
9.285
-4.65401
-4.68322
-4.68314
-4.68765
8.699
-4.68763
-4.68759
-4.68762
-4.68763
8.67
-4.68323
-4.68317
-4.68765
-4.68766
9.263
-4.63973
-4.66462
-4.68125
-4.6813
9.532
-4.68765
-4.68764
-4.6876
-4.68765
9.094
-4.68588
-4.68589
-4.68585
-4.68589
9.479
-4.68535
-4.68587
-4.68592
-4.68591
8.745
-4.49586
-4.49588
-4.52094
-4.53762
9.401
-4.68762
-4.68758
-4.68765
-4.68765
9.457
-4.53305
-4.53323
-4.53323
-4.53322
9.573
-4.68322
-4.68323
-4.6832
-4.68324
8.614
-4.64145
-4.64146
-4.68311
-4.68323
8.858
-4.53763
-4.53764
-4.53762
-4.53765
9.381
-4.64416
-4.64408
-4.64414
-4.66903
9.619
-4.53765
-4.53764
-4.53765
-4.53761
9.441
-4.68695
-4.68703
-4.68765
-4.68762
9.433
-4.68762
-4.68765
-4.68764
-4.68761
9.166
-8.91688
-9.10527
-9.13196
-9.19727
17.829
-9.13584
-9.1912
-9.13546
-9.22364
17.174
-9.2736
-9.11175
-9.33676
-9.40863
15.683
-9.14827
-9.43869
-9.32943
-9.12957
18.015
-9.07368
-9.2826
-9.53434
-9.47251
17.87
-9.18472
-9.12222
-9.20996
-9.2148
17.816
-8.90839
-9.08087
-8.88697
-9.29782
17.344
-9.17593
-9.24627
-9.39526
-9.33706
17.495
-9.17642
-9.33012
-9.1086
-8.87158
17.142
-9.17458
-9.30433
-9.49848
-9.29379
17.462
-9.15368
-9.15191
-9.05445
-9.1643
17.682
-9.46481
-9.39885
-9.4769
-9.43773
15.813
-9.42737
-9.12769
-9.18375
-9.15317
17.15
-8.97995
-9.12161
-9.33545
-9.2543
17.163
-9.11436
-9.47917
-9.38186
-9.39115
17.325
-9.03046
-9.43811
-9.49944
-9.38489
17.05
-9.24327
-9.21238
-9.16789
-9.10922
17.884
-9.44858
-9.24124
-9.41055
-9.4345
18.115
-9.04753
-9.2621
-9.31596
-9.23419
17.926
-9.36672
-9.28446
-9.36412
-9.32184
18.042
-9.32515
-9.02556
-9.10196
-9.30944
17.997
-9.43727
-9.49925
-9.25814
-9.46372
17.826
-9.31091
-9.34537
-9.12829
-9.43554
17.506
-9.42167
-9.32986
-9.17807
-9.4465
17.841
-9.41706
-9.28709
-9.49165
-9.26777
18.001
-9.24208
-9.24564
-9.24198
-9.3701
18.055
-9.07937
-9.26639
-8.94943
-9.45305
17.751
-9.23257
-9.25665
-9.37955
-9.27105
15.18
-9.28306
-9.4732
-9.43867
-9.38959
17.725
-9.1927
-9.30016
-9.48197
-9.14062
17.945
-18.0926
-16.7195
-16.2282
-17.3802
51.757
-17.8066
-18.7795
-16.3898
-16.3705
51.014
-17.4016
-16.0588
-16.1828
-17.2132
54.037
-16.712
-16.6984
-17.4251
-17.6622
53.583
-18.393
-17.5976
-15.6617
-17.0743
52.681
-16.1616
-17.4199
-16.3286
-16.5053
54.314
-16.178
-15.218
-17.4806
-16.543
52.015
-15.7903
-15.3844
-15.5084
-17.6818
54.227
-17.9931
-15.8039
-18.0161
-16.1102
53.194
-17.6014
-17.2927
-15.2409
-17.2547
52.223
-17.176
-16.3199
-17.1194
-17.3303
51.505
-16.3285
-15.2112
-15.5692
-17.4084
52.457
-16.7543
-16.5471
-17.4525
-14.9498
53.508
-17.8009
-15.9897
-16.4681
-15.4211
53.933
-17.2616
-16.6762
-18.4083
-17.0217
51.808
-17.378
-17.209
-18.5844
-16.5195
52.739
-16.9507
-16.9187
-14.8161
-16.9678
53.862
-16.3638
-17.0228
-15.4245
-17.8303
52.649
-18.0128
-19.3097
-14.6611
-18.6625
52.475
-15.9675
-16.7273
-15.4371
-17.6761
52.534
-17.2934
-17.6216
-16.233
-19.6651
54.219
-15.7253
-17.6427
-18.0306
-16.976
53.608
-17.2943
-16.7373
-17.5512
-16.4893
52.574
-14.4683
-16.8522
-17.8445
-16.6031
52.13
-16.5644
-17.7047
-16.9382
-16.2677
52.629
-16.5853
-16.0807
-17.2296
-16.9176
52.511
-16.5075
-16.2429
-16.1208
-17.7887
51.152
-18.2485
-17.8716
-16.3795
-16.5724
53.298
-16.0293
-16.4972
-18.1372
-15.8046
53.257
-15.9128
-17.1252
-16.1491
-15.6297
52.112