-4.68324
-4.68325
-4.68325
-4.68766
1.626
-4.68765
-4.68766
-4.68765
-4.68766
1.858
-4.64589
-4.64589
-4.67098
-4.68765
1.874
-4.64147
-4.66657
-4.66659
-4.66658
1.722
-4.68323
-4.68325
-4.68325
-4.68325
1.773
-4.68593
-4.68593
-4.68593
-4.68593
1.785
-4.68325
-4.68324
-4.68325
-4.68325
1.752
-4.6453
-4.6453
-4.64529
-4.64589
1.791
-4.53324
-4.53325
-4.53325
-4.53325
1.671
-4.68765
-4.68766
-4.68765
-4.68766
1.856
-4.68325
-4.68325
-4.68325
-4.68325
1.824
-4.5249
-4.5249
-4.5249
-4.5249
1.897
-4.64588
-4.64587
-4.66158
-4.67099
1.724
-4.68592
-4.68593
-4.68593
-4.68592
1.75
-4.68756
-4.68755
-4.68757
-4.6876
1.781
-4.68763
-4.68766
-4.68766
-4.68766
1.865
-4.68766
-4.68766
-4.68766
-4.68766
1.908
-4.68325
-4.68325
-4.68325
-4.68325
1.835
-4.53323
-4.53323
-4.53325
-4.53324
1.889
-4.67099
-4.68758
-4.68766
-4.68766
1.773
-4.68766
-4.68766
-4.68766
-4.68766
1.7
-4.68765
-4.68766
-4.68766
-4.68766
1.768
-4.6832
-4.68324
-4.68323
-4.68325
1.889
-4.64588
-4.67099
-4.68766
-4.68766
1.867
-4.68584
-4.68593
-4.68593
-4.68593
1.909
-4.68764
-4.68766
-4.68765
-4.68766
1.963
-4.68766
-4.68766
-4.68766
-4.68765
1.865
-4.64588
-4.64588
-4.64589
-4.64589
1.662
-4.68593
-4.68592
-4.68716
-4.68766
1.769
-4.51655
-4.52099
-4.53235
-4.53758
1.897
-9.18055
-9.18779
-9.18476
-9.19064
3.512
-9.10869
-9.10327
-9.26159
-9.27617
3.514
-9.48826
-9.49612
-9.5022
-9.50135
3.24
-9.51798
-9.51452
-9.52164
-9.52501
3.485
-9.11652
-9.26536
-9.38354
-9.38105
3.08
-9.34691
-9.35082
-9.35186
-9.35261
3.515
-9.33477
-9.37371
-9.37929
-9.38352
3.557
-9.47687
-9.48812
-9.49108
-9.48845
3.218
-8.75434
-8.7571
-8.76173
-8.8156
3.222
-9.51107
-9.503
-9.49251
-9.50277
3.572
-8.64578
-8.64875
-8.64679
-8.64583
3.049
-9.41327
-9.40187
-9.39546
-9.3992
3.166
-9.51409
-9.5176
-9.54366
-9.55143
3.541
-9.15432
-9.28404
-9.28697
-9.29458
3.477
-9.01279
-9.01089
-9.01007
-9.02062
3.581
-9.44288
-9.44348
-9.45014
-9.44961
3.565
-9.47423
-9.31305
-9.31077
-9.31447
3.297
-9.43126
-9.43438
-9.44186
-9.43792
3.53
-9.31195
-9.33086
-9.33293
-9.33422
3.349
-9.41784
-9.41974
-9.41699
-9.41773
3.361
-9.45697
-9.45773
-9.45849
-9.46166
3.588
-9.27685
-9.30361
-9.30605
-9.31155
3.472
-9.39853
-9.43821
-9.43765
-9.4449
3.464
-9.23231
-9.2726
-9.23106
-9.22778
3.203
-9.3939
-9.36687
-9.36868
-9.36657
3.675
-9.31798
-9.31868
-9.31877
-9.32079
3.714
-9.3034
-9.31015
-9.34343
-9.36633
3.265
-8.98693
-8.99911
-8.99501
-8.99617
3.528
-9.40698
-9.41258
-9.41346
-9.41065
3.482
-9.50045
-9.49738
-9.50243
-9.50537
3.211
-22.263
-23.0213
-22.4675
-22.4378
9.813
-22.9389
-22.3176
-23.1356
-23.7414
10.069
-22.5701
-21.6051
-23.2405
-21.8502
10.527
-23.0672
-22.8206
-23.0659
-23.0313
10.698
-22.2055
-22.2277
-22.6779
-23.252
10.258
-23.389
-23.2213
-22.3776
-22.7521
10.718
-22.5473
-22.3452
-22.6578
-23.271
10.591
-21.9903
-22.7061
-24.2444
-24.4506
10.671
-21.7981
-22.9714
-23.1513
-23.8506
10.072
-23.2047
-23.118
-23.1049
-21.9591
10.306
-22.4683
-24.4208
-22.6022
-22.4856
10.062
-22.874
-23.1774
-23.0551
-22.1165
9.989
-22.4349
-23.8784
-23.2783
-23.9086
10.768
-23.1945
-22.6782
-23.9335
-22.9024
10.662
-22.4962
-23.8178
-22.6727
-22.8041
9.805
-22.3832
-23.3941
-22.6004
-23.9802
10.033
-23.5318
-23.6489
-22.5971
-23.0065
10.368
-23.2271
-21.2188
-22.4116
-21.9961
10.213
-22.8569
-23.7692
-23.2071
-22.6931
9.914
-23.2449
-23.7471
-22.4695
-22.5892
10.653
-22.1488
-22.9707
-21.7503
-22.1825
10.072
-22.9322
-22.5316
-22.4963
-22.3846
10.321
-22.9035
-22.4493
-24.2247
-23.5824
9.838
-21.8204
-22.8001
-23.315
-23.3578
10.29
-22.409
-23.0943
-23.5617
-23.2128
10.316
-22.8716
-22.9166
-22.391
-22.6498
10.035
-22.3935
-22.8292
-23.6801
-23.0265
10.628
-22.7046
-23.3888
-23.6245
-22.7476
9.851
-21.6202
-22.4547
-23.1779
-22.7111
10.457
-22.5786
-23.117
-24.115
-23.3929
10.301