-4.36163
-4.36163
-4.36163
-4.36163
1.083
-4.49
-4.49
-4.49
-4.49
1.075
-4.45231
-4.45231
-4.45231
-4.45231
0.97
-4.64417
-4.64417
-4.64417
-4.64417
0.963
-4.68705
-4.68705
-4.68705
-4.68705
1.078
-4.61167
-4.64072
-4.64072
-4.64072
1.021
-4.45291
-4.45291
-4.45291
-4.45291
1.043
-4.49588
-4.52098
-4.52098
-4.52098
0.956
-4.35636
-4.35636
-4.35636
-4.35636
0.995
-4.68759
-4.68759
-4.68759
-4.68759
1.02
-4.49027
-4.49027
-4.49027
-4.49027
0.975
-4.64149
-4.64149
-4.64149
-4.64149
1.093
-4.47752
-4.47752
-4.47752
-4.47752
0.876
-4.51844
-4.51844
-4.51844
-4.51844
1.007
-4.16879
-4.43875
-4.43875
-4.43875
1.016
-4.40009
-4.45299
-4.45299
-4.45302
1.064
-4.46213
-4.46213
-4.47745
-4.47745
1.051
-4.64417
-4.64417
-4.64417
-4.64417
1.006
-4.68534
-4.68534
-4.68534
-4.68534
0.992
-4.46571
-4.46571
-4.46571
-4.46571
0.897
-4.65679
-4.65679
-4.65679
-4.68585
1.01
-4.66659
-4.66659
-4.66659
-4.66659
1.01
-4.63976
-4.63976
-4.63976
-4.63976
0.997
-4.68534
-4.68534
-4.68534
-4.68534
0.979
-4.5036
-4.5036
-4.5042
-4.5042
0.971
-4.64021
-4.64021
-4.64021
-4.64021
0.93
-4.00497
-4.00497
-4.00497
-4.00497
1.068
-4.64415
-4.64415
-4.64415
-4.64415
1.047
-4.67957
-4.68253
-4.68253
-4.68253
0.97
-4.49525
-4.49525
-4.49525
-4.49525
0.983
-9.04698
-9.04726
-9.04726
-9.13846
1.648
-8.93557
-8.93557
-9.0116
-9.0139
1.828
-8.6854
-9.09816
-9.09816
-9.29792
1.951
-9.03255
-9.13525
-9.13525
-9.13589
1.7
-8.76763
-8.84044
-8.84048
-8.84107
1.978
-8.87461
-8.98073
-8.99462
-8.99462
1.801
-9.46597
-9.46601
-9.49579
-9.49581
1.66
-8.82398
-9.06805
-9.06807
-9.06807
1.994
-9.07217
-9.28397
-9.28398
-9.33679
1.855
-9.33325
-9.41093
-9.41093
-9.41093
1.618
-8.50511
-8.73778
-8.73779
-8.73776
1.83
-9.12375
-9.12376
-9.12376
-9.13912
1.911
-8.83994
-9.27714
-9.2938
-9.2938
1.887
-8.89732
-8.89732
-9.14509
-9.1451
1.996
-8.83734
-8.94112
-8.94112
-8.94112
1.83
-9.1368
-9.15338
-9.15338
-9.15338
1.81
-9.0714
-9.17768
-9.17767
-9.17768
1.831
-8.9606
-8.96059
-8.9606
-8.9606
1.909
-9.3064
-9.3064
-9.3064
-9.3064
1.856
-9.34609
-9.45168
-9.45168
-9.45168
1.844
-9.07388
-9.0739
-9.07389
-9.07389
2.029
-9.11083
-9.11085
-9.11085
-9.11085
1.686
-9.6197
-9.6197
-9.64816
-9.64816
1.732
-9.47896
-9.479
-9.47904
-9.47903
1.815
-9.15153
-9.39979
-9.40043
-9.40043
1.916
-9.1614
-9.16207
-9.28378
-9.28378
1.713
-8.92845
-8.93456
-8.93457
-8.93457
1.715
-8.416
-9.01309
-9.03238
-9.03238
1.825
-8.88928
-8.88928
-8.88927
-8.88928
1.941
-9.11052
-9.27733
-9.294
-9.294
1.747
-24.1297
-25.9484
-24.8515
-25.5445
5.29
-24.4539
-24.5638
-24.5941
-25.1125
5.194
-24.7775
-26.1075
-25.9751
-26.1165
5.381
-23.4316
-25.2064
-24.883
-25.2749
5.33
-24.5435
-24.5708
-25.2507
-24.3564
5.526
-24.2568
-24.9871
-24.7353
-24.9737
5.343
-23.8825
-24.0818
-24.7093
-24.835
5.174
-23.7348
-25.679
-25.4922
-25.675
5.132
-24.2258
-24.6805
-25.8727
-25.2945
5.498
-24.6944
-24.5908
-23.774
-24.1095
5.282
-25.2721
-24.5383
-24.8634
-25.0709
5.402
-24.2851
-24.7535
-25.006
-23.7606
5.205
-24.2502
-25.3907
-25.1371
-26.633
5.372
-23.6112
-24.1223
-25.7722
-24.4346
5.466
-23.2671
-24.7722
-24.252
-26.0005
5.019
-23.8298
-24.1829
-23.8734
-23.6535
5.4
-24.2584
-25.5666
-25.0087
-25.0928
5.29
-24.3123
-24.9893
-25.6204
-26.6512
5.459
-23.987
-25.118
-24.3696
-24.2476
5.538
-24.0014
-24.0969
-25.7309
-25.6608
5.306
-24.5416
-25.191
-24.4245
-25.4589
5.523
-24.5715
-25.4687
-24.3778
-24.6892
5.605
-23.9986
-23.9351
-25.3536
-24.3817
5.349
-24.7816
-24.3459
-25.1273
-24.0632
5.241
-23.7359
-24.9634
-25.3771
-25.7146
5.292
-23.8359
-26.2126
-26.0476
-25.1767
5.204
-23.969
-23.5327
-25.7908
-25.8592
5.363
-24.2225
-24.7662
-25.1321
-24.4823
5.294
-24.5987
-26.1168
-25.6415
-25.971
5.499
-23.5377
-24.9383
-24.2235
-25.262
5.489