1.1921e-10
1.1921e-10
1.1921e-10
1.1921e-10
14.217
1.1921e-10
1.1921e-10
1.1921e-10
1.1921e-10
14.099
1.1921e-10
1.1921e-10
1.1921e-10
1.1921e-10
14.193
1.1921e-10
1.1921e-10
1.1921e-10
1.1921e-10
14.393
1.1921e-10
1.1921e-10
1.1921e-10
1.1921e-10
14.191
1.1921e-10
1.1921e-10
1.1921e-10
1.1921e-10
13.624
1.1921e-10
1.1921e-10
1.1921e-10
1.1921e-10
14.063
1.1921e-10
1.1921e-10
1.1921e-10
1.1921e-10
13.482
1.1921e-10
1.1921e-10
1.1921e-10
1.1921e-10
14.229
1.1921e-10
1.1921e-10
1.1921e-10
1.1921e-10
13.329
1.1921e-10
1.1921e-10
1.1921e-10
1.1921e-10
14.188
1.1921e-10
1.1921e-10
1.1921e-10
1.1921e-10
14.473
1.1921e-10
1.1921e-10
1.1921e-10
1.1921e-10
13.751
1.1921e-10
1.1921e-10
1.1921e-10
1.1921e-10
14.307
1.1921e-10
1.1921e-10
1.1921e-10
1.1921e-10
11.302
1.1921e-10
1.1921e-10
1.1921e-10
1.1921e-10
14.093
1.1921e-10
1.1921e-10
1.1921e-10
1.1921e-10
14.133
1.1921e-10
1.1921e-10
1.1921e-10
1.1921e-10
14.22
1.1921e-10
1.1921e-10
1.1921e-10
1.1921e-10
13.202
1.1921e-10
1.1921e-10
1.1921e-10
1.1921e-10
14.37
1.1921e-10
1.1921e-10
1.1921e-10
1.1921e-10
14.108
1.1921e-10
1.1921e-10
1.1921e-10
1.1921e-10
13.98
1.1921e-10
1.1921e-10
1.1921e-10
1.1921e-10
14.25
1.1921e-10
1.1921e-10
1.1921e-10
1.1921e-10
14.416
1.1921e-10
1.1921e-10
1.1921e-10
1.1921e-10
13.937
1.1921e-10
1.1921e-10
1.1921e-10
1.1921e-10
14.417
1.1921e-10
1.1921e-10
1.1921e-10
1.1921e-10
13.626
1.1921e-10
1.1921e-10
1.1921e-10
1.1921e-10
14.444
1.1921e-10
1.1921e-10
1.1921e-10
1.1921e-10
13.634
1.1921e-10
1.1921e-10
1.1921e-10
1.1921e-10
13.809
2.38419e-10
2.38419e-10
2.38419e-10
2.38419e-10
27.265
2.38419e-10
2.38419e-10
2.38419e-10
2.38419e-10
27.659
2.38419e-10
2.38419e-10
2.38419e-10
2.38419e-10
28.213
2.38419e-10
2.38419e-10
2.38419e-10
2.38419e-10
28.194
2.38419e-10
2.38419e-10
2.38419e-10
2.38419e-10
27.274
2.38419e-10
2.38419e-10
2.38419e-10
2.38419e-10
28.065
2.38419e-10
2.38419e-10
2.38419e-10
2.38419e-10
27.846
2.38419e-10
2.38419e-10
2.38419e-10
2.38419e-10
27.868
2.38419e-10
2.38419e-10
2.38419e-10
2.38419e-10
27.902
2.38419e-10
2.38419e-10
2.38419e-10
2.38419e-10
27.809
2.38419e-10
2.38419e-10
2.38419e-10
2.38419e-10
27.029
2.38419e-10
2.38419e-10
2.38419e-10
2.38419e-10
27.808
2.38419e-10
2.38419e-10
2.38419e-10
2.38419e-10
28.376
2.38419e-10
2.38419e-10
2.38419e-10
2.38419e-10
26.78
2.38419e-10
2.38419e-10
2.38419e-10
2.38419e-10
27.226
2.38419e-10
2.38419e-10
2.38419e-10
2.38419e-10
28.116
2.38419e-10
2.38419e-10
2.38419e-10
2.38419e-10
28.33
2.38419e-10
2.38419e-10
2.38419e-10
2.38419e-10
26.837
2.38419e-10
2.38419e-10
2.38419e-10
2.38419e-10
28.244
2.38419e-10
2.38419e-10
2.38419e-10
2.38419e-10
27.211
2.38419e-10
2.38419e-10
2.38419e-10
2.38419e-10
28
2.38419e-10
2.38419e-10
2.38419e-10
2.38419e-10
26.891
2.38419e-10
2.38419e-10
2.38419e-10
2.38419e-10
27.895
2.38419e-10
2.38419e-10
2.38419e-10
2.38419e-10
27.36
2.38419e-10
2.38419e-10
2.38419e-10
2.38419e-10
27.601
2.38419e-10
2.38419e-10
2.38419e-10
2.38419e-10
28.377
2.38419e-10
2.38419e-10
2.38419e-10
2.38419e-10
28.069
2.38419e-10
2.38419e-10
2.38419e-10
2.38419e-10
27.749
2.38419e-10
2.38419e-10
2.38419e-10
2.38419e-10
26.57
2.38419e-10
2.38419e-10
2.38419e-10
2.38419e-10
27.635
4.43741e-06
4.62643e-06
4.75212e-06
3.60065e-06
83.213
2.05493e-06
2.63896e-06
3.90907e-06
1.56185e-05
81.956
4.73114e-06
1.8869e-06
5.06092e-06
3.63842e-06
83.737
3.33706e-06
6.77887e-06
3.67996e-05
3.87016e-06
83.616
2.77935e-06
5.72983e-06
5.43762e-06
4.73286e-06
83.296
9.68167e-06
4.81392e-06
1.36549e-05
9.19854e-06
82.297
1.8943e-05
1.2665e-05
1.60375e-05
1.4237e-05
83.168
9.11958e-06
4.02599e-06
8.63263e-06
9.17184e-06
80.342
1.76315e-05
1.21269e-05
5.82787e-06
3.15452e-06
83.745
5.66136e-06
3.6985e-06
7.80121e-06
3.96e-06
83.784
3.67439e-05
1.56072e-05
2.31891e-06
3.75e-06
83.609
5.51087e-06
1.81384e-06
2.50869e-06
2.23918e-06
82.987
7.47048e-06
1.40177e-05
1.96567e-06
3.99376e-06
81.812
7.97764e-06
6.72718e-06
1.84837e-06
5.10994e-06
84.163
4.0752e-06
5.191e-06
1.00057e-05
4.00577e-06
84.346
5.29228e-06
1.18377e-05
2.79365e-06
7.11399e-06
81.802
8.60974e-06
5.60223e-06
5.94479e-06
9.22524e-06
83.412
2.04887e-05
6.72833e-06
7.39171e-06
5.37487e-06
83.392
7.54639e-06
1.40758e-06
1.82777e-06
2.71507e-06
84.155
6.40293e-06
2.90218e-06
7.82963e-06
1.9979e-06
83
9.94927e-06
5.71571e-06
5.57076e-06
3.07899e-06
83.693
8.44895e-06
7.59522e-06
1.78713e-05
1.75681e-06
84.462
5.66078e-06
3.81828e-06
5.96138e-06
5.8519e-06
84.144
5.35179e-06
9.77265e-06
2.87242e-06
8.33756e-06
79.121
7.3425e-06
4.8288e-06
7.188e-06
3.46027e-06
83.067
3.66703e-06
3.95275e-06
2.49343e-06
4.19117e-06
83.159
4.65923e-06
1.04351e-05
3.06087e-06
7.95743e-06
83.619
5.02602e-06
4.24839e-06
1.88041e-06
3.92719e-06
83.662
9.16631e-06
5.01209e-06
5.39795e-06
6.35105e-06
83.777
6.6343e-06
4.02847e-06
5.33901e-06
4.5919e-06
84.268