1.1921e-10
1.1921e-10
1.1921e-10
1.1921e-10
10.655
1.1921e-10
1.1921e-10
1.1921e-10
1.1921e-10
10.584
1.1921e-10
1.1921e-10
1.1921e-10
1.1921e-10
10.046
1.1921e-10
1.1921e-10
1.1921e-10
1.1921e-10
10.185
1.1921e-10
1.1921e-10
1.1921e-10
1.1921e-10
10.635
1.1921e-10
1.1921e-10
1.1921e-10
1.1921e-10
9.803
1.1921e-10
1.1921e-10
1.1921e-10
1.1921e-10
10.194
1.1921e-10
1.1921e-10
1.1921e-10
1.1921e-10
10.389
1.1921e-10
1.1921e-10
1.1921e-10
1.1921e-10
10.986
1.1921e-10
1.1921e-10
1.1921e-10
1.1921e-10
10.385
1.1921e-10
1.1921e-10
1.1921e-10
1.1921e-10
10.519
1.1921e-10
1.1921e-10
1.1921e-10
1.1921e-10
10.431
1.1921e-10
1.1921e-10
1.1921e-10
1.1921e-10
10.296
1.1921e-10
1.1921e-10
1.1921e-10
1.1921e-10
10.307
1.1921e-10
1.1921e-10
1.1921e-10
1.1921e-10
10.094
1.1921e-10
1.1921e-10
1.1921e-10
1.1921e-10
11.088
1.1921e-10
1.1921e-10
1.1921e-10
1.1921e-10
9.604
1.1921e-10
1.1921e-10
1.1921e-10
1.1921e-10
10.512
1.1921e-10
1.1921e-10
1.1921e-10
1.1921e-10
10.616
1.1921e-10
1.1921e-10
1.1921e-10
1.1921e-10
10.65
1.1921e-10
1.1921e-10
1.1921e-10
1.1921e-10
9.856
1.1921e-10
1.1921e-10
1.1921e-10
1.1921e-10
10.221
1.1921e-10
1.1921e-10
1.1921e-10
1.1921e-10
11.006
1.1921e-10
1.1921e-10
1.1921e-10
1.1921e-10
9.78
1.1921e-10
1.1921e-10
1.1921e-10
1.1921e-10
9.736
1.1921e-10
1.1921e-10
1.1921e-10
1.1921e-10
9.733
1.1921e-10
1.1921e-10
1.1921e-10
1.1921e-10
10.38
1.1921e-10
1.1921e-10
1.1921e-10
1.1921e-10
9.808
1.1921e-10
1.1921e-10
1.1921e-10
1.1921e-10
9.767
1.1921e-10
1.1921e-10
1.1921e-10
1.1921e-10
9.412
7.67709e-09
1.4925e-08
1.35899e-08
1.64509e-08
19.04
2.10286e-08
1.7643e-09
4.05312e-09
1.35899e-08
19.64
7.10489e-09
4.05312e-09
8.8215e-09
3.67165e-09
18.15
2.71798e-09
5.57901e-09
1.26362e-08
2.10286e-08
19.497
9.20297e-09
5.76974e-09
1.43528e-08
9.58445e-09
19.812
1.74046e-08
7.67709e-09
2.52724e-09
1.72139e-08
19.454
6.34195e-09
1.16825e-08
6.72342e-09
1.70231e-08
20.331
5.97478e-08
7.67709e-09
2.92302e-08
4.27724e-08
19.107
5.96048e-09
2.35081e-08
1.03474e-08
5.0068e-09
19.217
1.74046e-08
2.08378e-08
2.33651e-09
3.01838e-08
18.189
8.8215e-09
1.2064e-08
2.52724e-09
1.64509e-08
18.143
4.43459e-09
1.18733e-08
4.43459e-09
3.59059e-08
19.756
1.54972e-08
3.48092e-09
2.38896e-08
1.79768e-08
20.092
2.14577e-09
3.53337e-08
1.11103e-08
1.26362e-08
19.492
2.02656e-08
1.38283e-09
5.0068e-09
1.70231e-08
17.91
2.19822e-08
3.57152e-08
1.66416e-08
1.8549e-08
18.889
3.59059e-08
8.05856e-09
3.30449e-08
2.52724e-09
17.673
2.52724e-09
1.03474e-08
1.87397e-08
1.43528e-08
19.073
8.63077e-09
3.438e-08
9.77518e-09
8.2493e-09
18.543
1.58787e-08
3.48092e-09
9.01224e-09
4.05312e-09
19.646
7.86783e-09
1.57357e-09
4.96388e-08
2.33651e-09
18.777
4.05312e-09
5.72683e-08
1.32084e-08
9.39371e-09
18.789
5.19753e-09
3.01838e-08
2.00749e-08
1.7643e-09
18.887
4.81606e-09
4.43459e-09
9.20297e-09
6.15121e-09
20.327
5.0068e-09
1.83583e-08
9.39371e-09
9.39371e-09
18.256
1.16825e-08
8.2493e-09
4.62533e-09
2.16008e-08
20.17
1.11103e-08
3.29018e-09
9.58445e-09
2.90871e-09
19.193
8.63077e-09
1.68324e-08
4.05312e-09
1.32084e-08
20.043
2.14577e-09
3.67165e-09
3.29018e-09
1.26362e-08
18.651
2.42711e-08
1.37806e-08
7.10489e-09
1.33991e-08
19.383
0.34901
0.181414
0.258129
0.165227
56.635
0.186301
0.215852
0.201604
0.205168
54.909
0.161974
0.231413
0.19294
0.192782
53.684
0.246113
0.365398
0.202347
0.218225
54.742
0.262992
0.334721
0.205379
0.102846
54.979
0.281785
0.130693
0.125427
0.185092
56.373
0.187931
0.250167
0.179403
0.180125
55.818
0.160648
0.138764
0.206139
0.252022
54.287
0.231891
0.245751
0.275521
0.25489
55.724
0.11713
0.297504
0.177616
0.2347
56.666
0.263803
0.200584
0.178652
0.181369
55.088
0.319636
0.410642
0.234771
0.270177
55.327
0.154074
0.301241
0.216549
0.149409
54.951
0.213421
0.150217
0.174924
0.210264
56.162
0.267249
0.188773
0.290187
0.192877
55.966
0.182883
0.108706
0.167418
0.21839
55.537
0.255435
0.176511
0.285409
0.231698
54.552
0.20598
0.253061
0.159989
0.209353
55.747
0.26191
0.343731
0.328116
0.199608
55.356
0.296716
0.139328
0.228667
0.147561
56.266
0.205165
0.280451
0.268615
0.257838
54.557
0.243782
0.275147
0.237678
0.31039
55.399
0.187552
0.255519
0.186667
0.250847
55.285
0.257996
0.230523
0.189004
0.265404
56.338
0.419095
0.179897
0.174568
0.25489
57.447
0.260158
0.306319
0.129873
0.287315
54.56
0.157814
0.427917
0.214459
0.277145
55.174
0.126565
0.291485
0.194342
0.199696
56.625
0.237436
0.188451
0.281523
0.173528
54.975
0.190809
0.16153
0.267886
0.204561
57.299