1.1921e-10
1.1921e-10
1.1921e-10
1.1921e-10
9.368
1.1921e-10
1.1921e-10
1.1921e-10
1.1921e-10
9.344
1.1921e-10
1.1921e-10
1.1921e-10
1.1921e-10
9.512
1.1921e-10
1.1921e-10
1.1921e-10
1.1921e-10
9.602
1.1921e-10
1.1921e-10
1.1921e-10
1.1921e-10
9.844
1.1921e-10
1.1921e-10
1.1921e-10
1.1921e-10
9.55
1.1921e-10
1.1921e-10
1.1921e-10
1.1921e-10
8.354
1.1921e-10
1.1921e-10
1.1921e-10
1.1921e-10
9.351
1.1921e-10
1.1921e-10
1.1921e-10
1.1921e-10
9.823
1.1921e-10
1.1921e-10
1.1921e-10
1.1921e-10
9.646
1.1921e-10
1.1921e-10
1.1921e-10
1.1921e-10
9.584
1.1921e-10
1.1921e-10
1.1921e-10
1.1921e-10
8.57
1.1921e-10
1.1921e-10
1.1921e-10
1.1921e-10
9.664
1.1921e-10
1.1921e-10
1.1921e-10
1.1921e-10
8.767
1.1921e-10
1.1921e-10
1.1921e-10
1.1921e-10
9.548
1.1921e-10
1.1921e-10
1.1921e-10
1.1921e-10
8.53
1.1921e-10
1.1921e-10
1.1921e-10
1.1921e-10
9.501
1.1921e-10
1.1921e-10
1.1921e-10
1.1921e-10
9.623
1.1921e-10
1.1921e-10
1.1921e-10
1.1921e-10
9.744
1.1921e-10
1.1921e-10
1.1921e-10
1.1921e-10
9.822
1.1921e-10
1.1921e-10
1.1921e-10
1.1921e-10
9.999
1.1921e-10
1.1921e-10
1.1921e-10
1.1921e-10
9.634
1.1921e-10
1.1921e-10
1.1921e-10
1.1921e-10
9.936
1.1921e-10
1.1921e-10
1.1921e-10
1.1921e-10
9.357
1.1921e-10
1.1921e-10
1.1921e-10
1.1921e-10
9.461
1.1921e-10
1.1921e-10
1.1921e-10
1.1921e-10
9.201
1.1921e-10
1.1921e-10
1.1921e-10
1.1921e-10
9.601
1.1921e-10
1.1921e-10
1.1921e-10
1.1921e-10
9.579
1.1921e-10
1.1921e-10
1.1921e-10
1.1921e-10
8.674
1.1921e-10
1.1921e-10
1.1921e-10
1.1921e-10
9.183
2.38419e-10
2.38419e-10
2.38419e-10
2.38419e-10
18.795
2.38419e-10
2.38419e-10
2.38419e-10
2.38419e-10
16.877
2.38419e-10
2.38419e-10
2.38419e-10
2.38419e-10
18.402
2.38419e-10
2.38419e-10
2.38419e-10
2.38419e-10
18.899
2.38419e-10
2.38419e-10
2.38419e-10
2.38419e-10
18.218
2.38419e-10
2.38419e-10
2.38419e-10
2.38419e-10
18.505
2.38419e-10
2.38419e-10
2.38419e-10
2.38419e-10
18.408
2.38419e-10
2.38419e-10
2.38419e-10
2.38419e-10
18.888
2.38419e-10
2.38419e-10
2.38419e-10
2.38419e-10
19.043
2.38419e-10
2.38419e-10
2.38419e-10
2.38419e-10
18.228
2.38419e-10
2.38419e-10
2.38419e-10
2.38419e-10
18.196
2.38419e-10
2.38419e-10
2.38419e-10
2.38419e-10
18.695
2.38419e-10
2.38419e-10
2.38419e-10
2.38419e-10
17.417
2.38419e-10
2.38419e-10
2.38419e-10
2.38419e-10
17.291
2.38419e-10
2.38419e-10
2.38419e-10
2.38419e-10
19.232
2.38419e-10
2.38419e-10
2.38419e-10
2.38419e-10
18.853
2.38419e-10
2.38419e-10
2.38419e-10
2.38419e-10
17.978
2.38419e-10
2.38419e-10
2.38419e-10
2.38419e-10
18.837
2.38419e-10
2.38419e-10
2.38419e-10
2.38419e-10
18.4
2.38419e-10
2.38419e-10
2.38419e-10
2.38419e-10
18.297
2.38419e-10
2.38419e-10
2.38419e-10
2.38419e-10
19.093
2.38419e-10
2.38419e-10
2.38419e-10
2.38419e-10
19.039
2.38419e-10
2.38419e-10
2.38419e-10
2.38419e-10
18.931
2.38419e-10
2.38419e-10
2.38419e-10
2.38419e-10
16.494
2.38419e-10
2.38419e-10
2.38419e-10
2.38419e-10
17.961
2.38419e-10
2.38419e-10
2.38419e-10
2.38419e-10
19.162
2.38419e-10
2.38419e-10
2.38419e-10
2.38419e-10
18.376
2.38419e-10
2.38419e-10
2.38419e-10
2.38419e-10
18.325
2.38419e-10
2.38419e-10
2.38419e-10
2.38419e-10
18.709
2.38419e-10
2.38419e-10
2.38419e-10
2.38419e-10
19.249
0.0521144
0.0718675
0.103859
0.0715494
56.531
0.101298
0.0743728
0.0739857
0.0544639
54.867
0.0906787
0.0624878
0.0725283
0.0859776
54.658
0.0789374
0.0805596
0.089795
0.087049
54.616
0.093635
0.0964299
0.0799059
0.0815551
54.968
0.0728451
0.110857
0.0342499
0.0479967
54.145
0.0653015
0.0847132
0.107038
0.0823124
55.573
0.0659128
0.0708315
0.10553
0.0752609
56.422
0.0909086
0.0716667
0.102762
0.0995582
54.744
0.0827787
0.0909036
0.0790966
0.0868419
55.835
0.0499887
0.125153
0.0866161
0.0552515
55.345
0.0673138
0.0763014
0.0770925
0.0866019
55.996
0.0935549
0.0955065
0.0917274
0.0986311
54.702
0.0437991
0.0483247
0.0884959
0.0906588
54.18
0.0843818
0.0846083
0.076988
0.125313
55.899
0.0877015
0.109283
0.0773322
0.108803
54.998
0.0780317
0.11135
0.0894821
0.0946729
55.535
0.0785318
0.0770736
0.0803389
0.10189
54.254
0.0701607
0.0596587
0.0700583
0.100599
53.648
0.0659609
0.0798391
0.105477
0.0794303
55.242
0.0855598
0.132546
0.0688186
0.056782
56.385
0.0783163
0.0692935
0.0700327
0.11828
55.095
0.0804202
0.110525
0.0946818
0.0970761
55.177
0.121082
0.0957607
0.105875
0.100321
56.443
0.0662837
0.101101
0.0817885
0.109621
55.405
0.09314
0.0805575
0.126113
0.0861877
54.609
0.0685126
0.0949807
0.073465
0.0861134
55.103
0.0933199
0.0995457
0.077261
0.0940477
56.498
0.102123
0.0987069
0.066391
0.0781973
56.489
0.103353
0.0961053
0.0557045
0.0906668
54.177