1.1921e-10
1.1921e-10
1.1921e-10
1.1921e-10
1.098
1.1921e-10
1.1921e-10
1.1921e-10
1.1921e-10
1.089
1.1921e-10
1.1921e-10
1.1921e-10
1.1921e-10
0.962
1.1921e-10
1.1921e-10
1.1921e-10
1.1921e-10
1.057
1.1921e-10
1.1921e-10
1.1921e-10
1.1921e-10
1.162
1.1921e-10
1.1921e-10
1.1921e-10
1.1921e-10
1.113
1.1921e-10
1.1921e-10
1.1921e-10
1.1921e-10
1.025
1.1921e-10
1.1921e-10
1.1921e-10
1.1921e-10
1.111
1.1921e-10
1.1921e-10
1.1921e-10
1.1921e-10
1.016
1.1921e-10
1.1921e-10
1.1921e-10
1.1921e-10
1.074
1.1921e-10
1.1921e-10
1.1921e-10
1.1921e-10
1.104
1.1921e-10
1.1921e-10
1.1921e-10
1.1921e-10
1.071
1.1921e-10
1.1921e-10
1.1921e-10
1.1921e-10
1.1
1.1921e-10
1.1921e-10
1.1921e-10
1.1921e-10
1.129
1.1921e-10
1.1921e-10
1.1921e-10
1.1921e-10
1.085
1.1921e-10
1.1921e-10
1.1921e-10
1.1921e-10
1.081
1.1921e-10
1.1921e-10
1.1921e-10
1.1921e-10
1.123
1.1921e-10
1.1921e-10
1.1921e-10
1.1921e-10
1.133
1.1921e-10
1.1921e-10
1.1921e-10
1.1921e-10
1.049
1.1921e-10
1.1921e-10
1.1921e-10
1.1921e-10
1.106
1.1921e-10
1.1921e-10
1.1921e-10
1.1921e-10
1.112
1.1921e-10
1.1921e-10
1.1921e-10
1.1921e-10
1.086
1.1921e-10
1.1921e-10
1.1921e-10
1.1921e-10
1.073
1.1921e-10
1.1921e-10
1.1921e-10
1.1921e-10
1.089
1.1921e-10
1.1921e-10
1.1921e-10
1.1921e-10
0.928
1.1921e-10
1.1921e-10
1.1921e-10
1.1921e-10
0.891
1.1921e-10
1.1921e-10
1.1921e-10
1.1921e-10
0.97
1.1921e-10
1.1921e-10
1.1921e-10
1.1921e-10
1.133
1.1921e-10
1.1921e-10
1.1921e-10
1.1921e-10
1.145
1.1921e-10
1.1921e-10
1.1921e-10
1.1921e-10
1.091
2.14577e-09
5.76974e-09
4.29154e-10
4.62533e-09
1.835
5.0068e-09
1.7643e-09
1.95504e-09
8.10625e-10
1.727
5.0068e-09
1.57357e-09
2.52724e-09
1.38283e-09
1.862
2.90871e-09
5.96048e-09
6.19889e-10
2.38419e-10
1.993
6.15121e-09
5.57901e-09
2.14577e-09
3.29018e-09
2.053
5.19753e-09
2.38419e-10
1.1921e-09
1.1921e-09
1.815
2.33651e-09
1.57357e-09
1.00136e-09
1.2064e-08
1.913
2.90871e-09
3.48092e-09
1.57357e-09
1.00136e-09
2.034
1.1921e-09
1.00136e-09
4.43459e-09
3.67165e-09
1.761
3.67165e-09
7.48636e-09
2.38419e-10
1.38283e-09
1.802
9.39371e-09
1.1921e-09
2.38419e-10
6.19889e-10
1.932
2.52724e-09
1.7643e-09
6.19889e-10
4.29154e-10
2.021
3.29018e-09
1.95504e-09
1.00136e-09
2.33651e-09
1.879
1.00136e-09
2.33651e-09
2.38419e-10
1.54972e-08
1.868
1.1921e-09
2.52724e-09
1.7643e-09
5.76974e-09
2.05
6.15121e-09
1.00136e-09
4.29154e-10
1.1921e-09
1.837
1.51158e-08
1.38283e-09
1.7643e-09
1.57357e-09
1.906
3.09945e-09
3.09945e-09
6.19889e-10
2.33651e-09
1.968
2.52724e-09
4.29154e-10
1.1921e-09
3.48092e-09
1.986
3.29018e-09
4.29154e-10
6.19889e-10
2.71798e-09
1.897
9.01224e-09
8.2493e-09
2.52724e-09
4.29154e-10
1.838
3.29018e-09
1.57357e-09
1.00136e-09
4.62533e-09
1.979
4.05312e-09
8.10625e-10
1.00136e-09
9.20297e-09
1.973
3.48092e-09
2.52724e-09
1.57357e-09
3.67165e-09
1.983
5.57901e-09
2.52724e-09
1.00136e-09
2.14577e-09
1.883
3.29018e-09
1.7643e-09
5.19753e-09
6.19889e-10
1.781
1.1921e-09
3.09945e-09
1.79768e-08
6.34195e-09
2.021
2.33651e-09
8.10625e-10
1.1921e-09
6.19889e-10
1.862
1.11103e-08
6.19889e-10
8.63077e-09
3.86239e-09
2.056
1.1921e-09
2.33651e-09
8.10625e-10
1.00136e-09
1.9
0.115911
0.15563
0.141906
0.136885
5.235
0.153819
0.13226
0.0577653
0.0864974
5.087
0.186109
0.115579
0.125545
0.138453
5.413
0.0918942
0.0852633
0.0674169
0.110709
5.649
0.0968522
0.089134
0.117244
0.174961
5.846
0.143978
0.122102
0.0948269
0.120839
5.581
0.116712
0.212544
0.0986716
0.121597
5.646
0.10788
0.198132
0.117378
0.0890719
5.544
0.117167
0.0866229
0.11317
0.172485
5.657
0.129903
0.0700189
0.120088
0.163098
5.842
0.0998232
0.0828651
0.102021
0.0936464
5.787
0.153404
0.105089
0.113813
0.0934987
5.199
0.092742
0.120905
0.0978626
0.114876
5.633
0.13893
0.0803411
0.131365
0.122368
5.217
0.14265
0.0953361
0.129291
0.144763
5.543
0.110123
0.106797
0.161246
0.132478
5.642
0.132876
0.0797034
0.0647492
0.144101
5.481
0.125835
0.118574
0.1219
0.189121
5.845
0.0998192
0.173034
0.122419
0.115359
5.539
0.132032
0.094115
0.189719
0.111975
5.461
0.0966471
0.0958816
0.0858138
0.0979214
5.058
0.137399
0.118953
0.150085
0.114374
5.512
0.136411
0.117569
0.0876379
0.0763859
5.047
0.0921048
0.116619
0.0736338
0.122
5.783
0.137998
0.141907
0.0998367
0.0785249
5.795
0.0651733
0.136715
0.0810277
0.113103
5.657
0.132313
0.0700332
0.076946
0.12054
5.616
0.0610128
0.145883
0.0628553
0.13122
5.412
0.0962832
0.157873
0.132633
0.0886134
5.691
0.164401
0.243586
0.0940908
0.102638
5.661