7.93935e-09
6.41347e-09
1.23263e-08
4.47513e-08
16.749
7.74862e-09
1.5378e-08
1.42336e-08
3.55244e-09
19.215
3.7694e-08
8.51156e-09
1.82391e-08
3.88385e-08
16.748
2.09093e-08
3.55244e-09
3.21627e-08
3.15905e-08
18.494
5.84127e-09
5.65053e-09
2.43426e-08
4.93289e-08
18.307
1.46151e-08
8.32082e-09
7.93935e-09
2.40803e-09
18.776
4.95196e-08
4.12465e-09
2.22445e-08
2.77758e-08
19.21
2.02656e-09
1.15633e-08
3.74318e-09
1.26577e-07
19.536
6.93561e-08
1.27077e-08
3.57867e-08
1.19448e-08
18.225
1.13726e-08
1.30892e-08
1.72854e-08
1.82391e-08
19.417
5.96286e-08
3.57867e-08
3.36171e-09
1.02282e-08
18.241
1.02282e-08
9.84671e-09
1.48058e-08
2.60592e-08
17.709
8.89303e-09
1.11819e-08
5.58139e-08
3.61682e-08
18.533
1.88113e-08
3.55244e-09
9.65597e-09
2.52963e-08
18.344
1.00374e-08
1.04189e-08
3.74318e-09
1.70946e-08
17.48
1.44244e-08
5.4598e-09
3.33071e-08
1.80483e-08
18.703
4.83752e-08
2.58685e-08
3.74318e-09
1.84298e-08
18.293
1.82391e-08
1.27077e-08
1.32799e-08
1.27077e-08
18.617
9.2745e-09
3.02554e-08
2.93017e-08
2.24352e-08
18.018
3.40701e-08
4.7803e-08
1.42336e-08
3.10183e-08
19.311
2.64407e-08
1.74761e-08
7.93935e-09
3.74318e-09
18.844
2.45333e-08
2.11001e-08
4.69685e-09
3.12091e-08
18.655
7.17641e-09
1.5378e-08
2.94924e-08
8.32082e-09
18.612
3.13998e-08
1.59502e-08
1.95742e-08
2.35796e-08
19.971
6.45877e-08
3.86477e-08
7.74862e-09
2.2173e-09
19.461
1.46151e-08
1.80483e-08
1.45436e-09
2.51055e-08
19.602
6.79494e-09
1.00374e-08
7.17641e-09
1.86205e-08
19.428
3.36171e-09
1.82391e-08
3.38793e-08
1.80483e-08
19.775
5.4598e-09
2.09093e-08
1.42336e-08
6.60421e-09
19.561
1.28985e-08
1.84298e-08
1.15633e-08
1.78576e-08
19.797
0.00326162
0.00250102
0.00347326
0.000819252
37.625
0.0024125
0.00162258
0.00334814
0.00230528
36.153
0.00181987
0.00161734
0.00116666
0.00187232
38.031
0.00235684
0.000875505
0.0022246
0.00128531
36.141
0.0016539
0.00210912
0.00498929
0.00245193
37.597
0.00656377
0.0032469
0.0018975
0.00253132
36.936
0.00112106
0.00324471
0.00322907
0.00193571
37.213
0.00373382
0.00336127
0.00366703
0.000947556
35.932
0.000845746
0.00286875
0.00467379
0.00181049
36.251
0.00167132
0.00224771
0.00182408
0.00529285
36.235
0.00480001
0.00227075
0.00127356
0.0015324
37.397
0.000682087
0.00200845
0.00101956
0.00472355
38.192
0.00299863
0.00676609
0.002381
0.000905622
35.061
0.00121978
0.00414998
0.00364346
0.00215344
37.948
0.00283807
0.00587709
0.00318679
0.00218035
37.427
0.00166143
0.00517197
0.00260566
0.00188129
37.004
0.00189192
0.00269293
0.0048401
0.00299668
37.281
0.00249076
0.00443586
0.00201579
0.00174166
35.079
0.00399622
0.00457376
0.00124729
0.00319987
38.163
0.0038844
0.00220875
0.00683001
0.00145078
38.241
0.000835987
0.000875137
0.00367455
0.00188196
37.297
0.00530121
0.000790553
0.00266382
0.00321998
36.026
0.00137407
0.00191819
0.00248866
0.0032484
36.272
0.0049258
0.00363676
0.00275677
0.00299341
38.23
0.000701511
0.00157663
0.00263585
0.00124716
37.578
0.00189763
0.00240835
0.00097279
0.00587386
37.149
0.00450288
0.00747149
0.00456741
0.001349
37.333
0.00344568
0.00173055
0.00145666
0.00102882
36.339
0.00329177
0.00420317
0.00181326
0.00411057
36.437
0.00242058
0.00187764
0.00332753
0.00179989
37.88
6.40371
11.4762
12.7078
11.4926
110.554
8.9523
7.2384
8.9618
12.3098
109.874
10.7387
14.3337
10.3927
12.4366
106.79
12.1166
10.6699
9.03963
11.804
111.96
10.5148
10.5039
12.8296
14.421
109.585
9.60819
6.97513
15.3123
8.37259
107.639
11.2979
10.1754
10.913
9.7243
107.591
10.3958
13.6756
8.24409
16.4262
109.146
12.1273
8.78385
9.90786
7.73584
109.426
10.0109
12.1329
13.2275
12.3607
110.071
10.7581
8.88253
14.2716
9.79626
105.4
12.2262
8.83167
9.1571
9.51183
108.482
7.57823
14.7159
7.14941
10.7491
110.928
12.8445
9.48437
9.65983
9.24555
113.058
10.7078
9.09946
6.84498
9.97577
112.248
8.56697
12.9351
11.4276
13.8976
103.744
10.3345
12.2368
14.7565
14.5393
111.864
12.3289
11.1321
12.0618
13.9761
113.236
14.9592
10.9712
12.4731
11.7038
107.906
11.919
9.40479
9.0205
12.6099
112.739
8.90165
9.71598
6.72345
13.5334
111.479
13.9474
14.3191
9.8024
10.8552
113.326
14.7682
9.11356
13.2892
9.15866
110.306
12.3015
11.4812
13.2643
11.5996
109.547
10.0261
12.7078
12.8418
5.93929
107.195
9.10469
14.451
11.3856
8.86756
111.496
9.31372
5.9133
7.35494
11.421
104.393
9.40012
11.6973
11.5536
9.46991
109.327
9.68698
11.8512
9.51386
6.5415
107.495
12.1428
11.4689
10.2696
10.8435
112.719