1.1921e-10
1.1921e-10
1.1921e-10
1.1921e-10
1.006
1.1921e-10
1.1921e-10
1.1921e-10
1.1921e-10
0.939
1.1921e-10
1.1921e-10
1.1921e-10
1.1921e-10
0.943
1.1921e-10
1.1921e-10
1.1921e-10
1.1921e-10
0.918
1.1921e-10
1.1921e-10
1.1921e-10
1.1921e-10
0.907
1.1921e-10
1.1921e-10
1.1921e-10
1.1921e-10
0.843
1.1921e-10
1.1921e-10
1.1921e-10
1.1921e-10
0.928
1.1921e-10
1.1921e-10
1.1921e-10
1.1921e-10
0.912
1.1921e-10
1.1921e-10
1.1921e-10
1.1921e-10
0.85
1.1921e-10
1.1921e-10
1.1921e-10
1.1921e-10
0.889
1.1921e-10
1.1921e-10
1.1921e-10
1.1921e-10
0.96
1.1921e-10
1.1921e-10
1.1921e-10
1.1921e-10
0.931
1.1921e-10
1.1921e-10
1.1921e-10
1.1921e-10
0.834
1.1921e-10
1.1921e-10
1.1921e-10
1.1921e-10
0.909
1.1921e-10
1.1921e-10
1.1921e-10
1.1921e-10
0.944
1.1921e-10
1.1921e-10
1.1921e-10
1.1921e-10
0.949
1.1921e-10
1.1921e-10
1.1921e-10
1.1921e-10
0.931
1.1921e-10
1.1921e-10
1.1921e-10
1.1921e-10
0.979
1.1921e-10
1.1921e-10
1.1921e-10
1.1921e-10
0.898
1.1921e-10
1.1921e-10
1.1921e-10
1.1921e-10
0.88
1.1921e-10
1.1921e-10
1.1921e-10
1.1921e-10
0.899
1.1921e-10
1.1921e-10
1.1921e-10
1.1921e-10
0.923
1.1921e-10
1.1921e-10
1.1921e-10
1.1921e-10
0.899
1.1921e-10
1.1921e-10
1.1921e-10
1.1921e-10
0.902
1.1921e-10
1.1921e-10
1.1921e-10
1.1921e-10
0.963
1.1921e-10
1.1921e-10
1.1921e-10
1.1921e-10
1.013
1.1921e-10
1.1921e-10
1.1921e-10
1.1921e-10
0.92
1.1921e-10
1.1921e-10
1.1921e-10
1.1921e-10
0.851
1.1921e-10
1.1921e-10
1.1921e-10
1.1921e-10
0.965
1.1921e-10
1.1921e-10
1.1921e-10
1.1921e-10
0.807
1.83583e-08
8.10625e-10
2.38419e-10
4.29154e-10
1.763
2.54155e-08
4.29154e-10
2.38419e-10
2.38419e-10
1.89
4.71593e-08
8.10625e-10
2.38419e-10
2.38419e-10
1.921
1.5688e-08
2.38419e-10
2.38419e-10
2.38419e-10
1.748
1.8549e-08
3.86239e-09
2.38419e-10
2.38419e-10
1.817
1.81675e-08
2.38419e-10
2.38419e-10
2.38419e-10
1.683
1.64509e-08
2.52724e-09
2.38419e-10
2.38419e-10
1.855
2.12193e-08
6.19889e-10
2.38419e-10
2.38419e-10
1.904
6.29903e-08
1.00136e-09
4.29154e-10
2.38419e-10
1.745
7.19549e-08
2.71798e-09
2.38419e-10
2.38419e-10
1.903
2.16341e-07
2.38419e-10
2.38419e-10
2.38419e-10
1.85
3.16668e-07
7.86783e-09
4.29154e-10
2.38419e-10
1.644
4.65871e-08
2.71798e-09
4.29154e-10
2.38419e-10
1.924
4.71593e-08
2.33651e-09
2.38419e-10
2.38419e-10
1.953
1.2269e-07
4.29154e-10
4.29154e-10
2.38419e-10
1.579
1.13726e-07
1.00136e-09
8.10625e-10
2.38419e-10
1.932
1.58787e-08
6.19889e-10
2.38419e-10
2.38419e-10
1.915
3.39986e-08
2.33651e-09
4.29154e-10
2.38419e-10
1.844
9.42709e-08
2.33651e-09
4.29154e-10
2.38419e-10
1.888
1.57023e-07
2.71798e-09
4.29154e-10
2.38419e-10
1.872
4.52519e-08
2.90871e-09
2.38419e-10
2.38419e-10
1.788
1.58358e-07
8.10625e-10
4.29154e-10
2.38419e-10
1.931
3.60966e-08
1.00136e-09
2.38419e-10
2.38419e-10
1.875
1.08957e-07
2.38419e-10
2.38419e-10
2.38419e-10
1.701
1.70565e-07
4.29154e-10
2.38419e-10
2.38419e-10
1.809
2.90537e-07
4.29154e-10
2.38419e-10
2.38419e-10
1.995
4.39168e-08
8.10625e-10
2.38419e-10
2.38419e-10
1.862
1.10483e-07
2.38419e-10
8.10625e-10
2.38419e-10
1.922
1.47295e-07
1.1921e-09
4.29154e-10
2.38419e-10
1.786
8.35897e-08
2.33651e-09
8.10625e-10
2.38419e-10
1.605
0.202516
0.0749761
0.0744242
0.0959743
5.311
0.158398
0.0912752
0.0813255
0.0693901
5.337
0.159673
0.0653603
0.0917249
0.0731986
5.483
0.222315
0.147536
0.10219
0.0885412
5.794
0.239534
0.06838
0.0852683
0.0964077
5.244
0.263794
0.107665
0.164162
0.0760871
5.112
0.289783
0.0999111
0.116178
0.0731253
5.161
0.313231
0.081886
0.0466129
0.0783873
5.127
0.156527
0.113818
0.071671
0.110216
5.1
0.234326
0.0956255
0.117359
0.109749
5.749
0.423513
0.125856
0.0974551
0.0792716
5.222
0.173973
0.0846835
0.0530851
0.0836024
5.826
0.213015
0.0798645
0.0659787
0.0732849
5.077
0.177157
0.0991624
0.0728732
0.0831787
5.349
0.205516
0.14532
0.125366
0.0941538
5.523
0.185429
0.115265
0.0689029
0.0953511
5.571
0.317754
0.069769
0.0709827
0.0870561
5.866
0.165178
0.0855205
0.0728635
0.112219
5.322
0.244437
0.0930316
0.125187
0.0936953
5.849
0.344499
0.110901
0.0813395
0.0477209
5.343
0.302832
0.172225
0.100206
0.100527
5.875
0.205928
0.0947772
0.0575141
0.0548723
5.866
0.165634
0.107706
0.113084
0.0938586
5.856
0.109072
0.125197
0.084717
0.0781715
5.195
0.265753
0.120432
0.114127
0.0984906
5.801
0.169042
0.0956917
0.0624939
0.122096
5.217
0.283964
0.123755
0.127986
0.130813
5.249
0.268276
0.111127
0.0970767
0.114498
5.175
0.305962
0.119785
0.0854734
0.0894124
5.658
0.164554
0.120693
0.0989306
0.11375
5.072