1.1921e-10
1.1921e-10
1.1921e-10
1.1921e-10
0.84
3.09945e-10
1.1921e-10
1.1921e-10
1.1921e-10
0.99
1.1921e-10
1.1921e-10
1.1921e-10
1.1921e-10
0.867
6.91415e-10
1.1921e-10
1.1921e-10
1.1921e-10
0.933
1.1921e-10
1.1921e-10
1.1921e-10
1.1921e-10
0.945
1.1921e-10
1.1921e-10
1.1921e-10
1.1921e-10
0.967
1.1921e-10
1.1921e-10
1.1921e-10
1.1921e-10
0.895
1.1921e-10
1.1921e-10
1.1921e-10
1.1921e-10
0.976
1.1921e-10
1.1921e-10
1.1921e-10
1.1921e-10
0.844
1.1921e-10
1.1921e-10
1.1921e-10
1.1921e-10
0.972
1.1921e-10
1.1921e-10
1.1921e-10
1.1921e-10
0.941
3.09945e-10
1.1921e-10
1.1921e-10
1.1921e-10
0.992
1.1921e-10
1.1921e-10
1.1921e-10
1.1921e-10
0.819
1.1921e-10
1.1921e-10
1.1921e-10
1.1921e-10
0.937
3.09945e-10
1.1921e-10
1.1921e-10
1.1921e-10
0.935
1.1921e-10
1.1921e-10
1.1921e-10
1.1921e-10
0.876
1.1921e-10
3.09945e-10
1.1921e-10
1.1921e-10
0.929
1.1921e-10
1.1921e-10
1.1921e-10
1.1921e-10
0.896
1.1921e-10
1.1921e-10
1.1921e-10
1.1921e-10
0.977
1.1921e-10
1.1921e-10
1.1921e-10
1.1921e-10
0.993
1.1921e-10
1.1921e-10
1.1921e-10
1.1921e-10
0.823
3.09945e-10
1.1921e-10
1.1921e-10
1.1921e-10
0.907
1.1921e-10
1.1921e-10
1.1921e-10
1.1921e-10
0.962
3.09945e-10
1.1921e-10
1.1921e-10
1.1921e-10
0.974
1.1921e-10
1.1921e-10
1.1921e-10
1.1921e-10
1.017
6.91415e-10
1.1921e-10
1.1921e-10
1.1921e-10
0.815
1.1921e-10
1.1921e-10
1.1921e-10
1.1921e-10
0.861
1.1921e-10
1.1921e-10
1.1921e-10
1.1921e-10
0.906
1.1921e-10
1.1921e-10
1.1921e-10
1.1921e-10
0.759
1.1921e-10
1.1921e-10
1.1921e-10
1.1921e-10
0.958
1.9815e-05
8.98749e-06
2.99688e-06
2.85326e-06
1.894
4.12944e-05
1.73632e-05
8.52896e-06
1.66326e-06
1.821
7.8286e-05
5.11461e-06
2.90181e-05
5.35704e-06
1.925
1.6771e-05
1.94459e-06
1.70141e-06
9.63466e-06
1.739
2.01142e-05
4.18459e-06
3.31827e-06
2.89102e-06
1.847
7.95523e-06
2.07563e-06
3.51396e-06
2.09871e-06
1.796
2.17755e-05
3.83898e-06
2.89102e-06
3.2292e-06
1.7
4.01573e-05
3.15068e-05
3.10739e-05
3.02419e-05
1.806
9.26527e-05
7.23978e-06
2.23718e-06
1.49999e-06
1.835
1.71603e-05
3.16949e-06
1.31936e-06
5.98003e-07
1.755
8.48917e-05
2.6568e-06
3.20192e-06
7.87398e-06
1.864
1.82383e-05
9.33864e-06
3.46246e-06
3.46304e-06
1.853
2.9182e-05
8.98635e-06
3.85252e-06
1.43686e-06
1.793
2.09256e-05
4.93036e-06
4.24925e-06
2.42601e-06
1.917
3.17052e-05
2.84619e-05
1.05477e-05
2.25416e-06
1.898
3.99143e-05
3.97287e-06
3.03693e-06
2.63372e-06
1.952
0.000119128
1.01233e-05
8.11946e-06
1.50171e-06
1.692
0.000120286
9.35981e-06
9.60814e-06
3.59884e-06
1.868
2.43255e-05
3.11189e-06
2.42963e-06
2.50936e-06
1.854
6.39738e-05
9.81662e-06
8.2894e-06
7.92471e-06
1.733
3.68598e-05
3.09348e-05
2.72666e-05
5.09745e-06
1.67
2.31811e-05
6.2184e-06
8.67812e-06
1.19367e-06
1.667
1.8961e-05
5.37497e-06
2.49486e-06
6.14325e-06
1.854
1.29945e-05
9.44735e-06
2.9635e-06
6.13834e-07
1.824
0.000129858
4.52848e-06
8.32621e-06
7.96801e-06
1.696
1.53004e-05
3.2086e-06
9.24441e-06
3.76554e-06
1.784
1.63895e-05
6.03892e-06
6.02232e-06
2.93508e-06
1.965
1.29676e-05
6.84821e-06
4.22216e-06
3.17865e-06
1.691
6.18778e-05
1.05632e-05
8.72046e-06
8.93389e-06
1.661
5.80639e-05
2.29033e-05
1.47958e-06
1.03091e-05
1.972
2.33641
1.29733
1.52539
1.73569
5.927
2.98791
1.50138
2.01902
1.67266
5.566
2.23232
1.28914
1.73086
1.38994
5.121
1.62305
1.5891
1.81102
1.52458
5.336
2.02536
1.50587
1.14846
1.9896
5.523
1.72351
1.72827
1.88862
1.68282
5.624
1.77899
1.79045
1.77701
2.19555
5.107
3.39472
1.95362
2.02793
1.23722
5.272
2.52255
1.39678
1.70502
1.42644
5.364
2.35598
1.60599
1.64886
1.35008
5.91
1.84132
1.5804
1.66968
2.01472
5.182
1.9321
1.32678
1.49664
1.42815
5.445
2.30035
2.03131
1.49722
1.43935
4.995
2.25689
1.79718
1.73158
1.79931
5.47
2.79298
2.17885
1.36399
1.19331
5.321
2.19782
1.37734
1.63226
1.30083
5.132
2.05839
1.79372
1.57433
1.95394
4.964
2.35637
2.20206
1.63631
1.61015
5.674
1.95805
1.29815
1.56868
1.11611
5.769
2.40175
1.77186
1.39874
1.3936
5.403
2.36247
1.38547
1.66414
1.73928
5.037
1.95709
1.78412
1.82899
1.74453
5.146
1.97524
1.56354
1.93598
1.90046
5.256
2.26225
1.4603
1.64986
1.68747
5.071
1.7836
1.64702
1.40346
1.37557
5.735
2.53174
1.59253
1.60587
1.53675
5.601
2.20345
1.68551
1.66557
1.57417
5.631
2.05919
1.53619
1.71442
1.76346
5.713
1.9993
1.5031
1.49471
1.47291
5.437
1.81335
1.34268
1.57485
1.48132
5.551