6.16575e-07
2.32003e-06
1.18757e-07
1.81229e-06
1.997
1.97328e-06
2.78447e-06
1.1884e-06
1.23875e-06
2.001
2.21093e-06
3.48962e-06
3.68703e-06
1.40546e-06
1.83
1.83213e-06
5.4505e-07
1.14205e-06
2.29943e-06
1.936
5.6336e-07
1.30627e-06
3.1159e-07
8.08837e-07
1.923
2.33815e-06
2.73061e-07
8.7464e-07
1.08903e-06
1.956
1.84949e-06
5.7614e-07
1.6702e-06
8.25431e-07
1.997
2.02077e-06
1.26164e-06
6.80662e-07
1.75088e-06
1.702
1.423e-06
4.15624e-06
6.01152e-06
1.36731e-06
2.023
1.42224e-06
9.20607e-07
2.40548e-06
2.39919e-06
1.956
1.1016e-05
3.46113e-07
1.24238e-06
3.52789e-07
2.016
1.99006e-06
4.24124e-07
4.38619e-07
1.21052e-06
2.053
3.57621e-06
3.49477e-06
2.45927e-06
3.78156e-07
2.046
7.54477e-07
1.64674e-06
2.64669e-07
4.2251e-06
1.84
6.90683e-06
8.11507e-07
7.81561e-07
1.27938e-06
1.784
1.22063e-06
8.43741e-07
8.78073e-07
6.00101e-08
2.006
2.81644e-07
6.06276e-07
3.00909e-07
4.73906e-07
1.724
2.27235e-06
4.37253e-06
2.73622e-06
9.88318e-07
1.867
1.63033e-06
2.68484e-07
1.23341e-06
1.56141e-07
1.873
1.46039e-06
2.93725e-06
1.53153e-06
1.46821e-06
1.899
1.55766e-06
3.75837e-06
2.08066e-06
3.22462e-07
1.7
2.67721e-07
4.67039e-07
1.82832e-06
1.20251e-06
1.831
9.55321e-07
1.08407e-06
1.34824e-06
2.47262e-06
1.855
3.58194e-06
9.98237e-07
6.4366e-07
6.07229e-07
2.027
2.74957e-06
1.64063e-06
4.21098e-06
2.80691e-07
2.019
1.92273e-06
2.17748e-07
8.30962e-07
3.39063e-06
1.966
6.85171e-06
4.51399e-07
3.28839e-06
2.22199e-06
1.997
4.4396e-07
5.17584e-07
1.68946e-06
1.05088e-06
1.926
1.69232e-06
3.9533e-06
3.27581e-06
1.7463e-06
2.03
1.70637e-07
6.24396e-07
1.83385e-06
2.73812e-06
1.743
0.0138802
0.028246
0.0103148
0.0226993
3.57
0.0228133
0.0430589
0.0204668
0.0258897
3.551
0.0345224
0.0228418
0.0233527
0.0134294
3.496
0.0218176
0.0190576
0.0161542
0.022454
3.445
0.0343999
0.0341283
0.00523472
0.0270548
3.704
0.0242926
0.0243364
0.0184138
0.0315863
3.667
0.0143987
0.0196329
0.0310581
0.0181041
3.676
0.0259896
0.00813885
0.00428776
0.0216322
3.644
0.0133904
0.0136737
0.0259171
0.016778
4.004
0.0159515
0.0135793
0.0236735
0.00314036
3.733
0.0179008
0.0442585
0.011387
0.0131004
3.818
0.0295255
0.0220216
0.0124558
0.0288158
3.644
0.00715381
0.0134684
0.0136388
0.0144008
3.337
0.0259744
0.0105265
0.0183653
0.014529
3.723
0.0115808
0.029182
0.0340263
0.0301677
3.576
0.0219848
0.0140419
0.029274
0.0206371
3.661
0.0220037
0.0178855
0.0217736
0.0167338
3.583
0.00996767
0.0299082
0.0121253
0.0244289
3.822
0.0179051
0.0174143
0.00968782
0.0180648
3.627
0.00719785
0.0191785
0.0163732
0.0208852
3.611
0.0219942
0.0266949
0.0179366
0.0215675
3.71
0.0116698
0.0132365
0.0232461
0.0409956
3.753
0.0191798
0.0296365
0.00801146
0.00746434
3.932
0.0111954
0.0163128
0.0287113
0.0372831
3.59
0.020545
0.0369349
0.0174038
0.0176617
3.676
0.0146088
0.0419692
0.0111483
0.0223552
3.528
0.0192189
0.0138932
0.0150857
0.0237755
4.023
0.0100439
0.0132183
0.0307577
0.0211101
3.622
0.0415074
0.020896
0.0103903
0.0174301
3.642
0.0308185
0.0222585
0.024009
0.0170961
3.604
16.4466
16.7698
14.3739
15.2133
11.37
16.3236
14.3575
14.759
17.0695
11.546
20.6684
16.518
19.5344
18.8204
10.648
18.4123
18.8282
23.7633
13.9647
10.963
19.4774
18.1368
17.0057
15.6703
11.364
19.1193
19.5871
12.8677
14.6739
10.292
14.4538
21.0975
16.9506
11.879
11.177
20.1681
14.8378
23.3412
21.2378
11.152
14.4867
21.5226
22.6258
20.8161
10.929
13.6281
20.7235
18.8492
19.481
10.88
15.1917
17.8743
18.788
18.2063
10.646
10.5683
13.328
19.2881
12.5501
10.611
18.514
20.4879
21.8321
19.856
10.622
16.5345
17.3164
14.9322
17.8481
10.588
17.632
18.2528
28.5036
20.2105
10.945
10.2269
15.226
15.8112
20.8054
10.181
20.1264
21.2152
16.5958
13.9921
10.86
19.9104
10.1572
15.7206
17.9339
10.572
20.7411
18.5973
16.206
20.8327
11.127
16.3714
14.9074
21.6741
20.2922
10.203
16.9004
13.5437
16.953
17.2885
10.686
16.5653
16.9279
17.8363
17.9117
10.697
21.0217
18.199
21.86
23.3753
11.125
14.0509
14.7004
17.5935
16.3843
10.996
20.2013
13.6446
16.5039
16.4839
11.154
23.5054
19.0358
24.298
17.2522
10.692
15.2429
18.2726
15.2489
16.7369
10.535
14.3502
15.618
20.758
22.4112
11.336
20.1155
17.2288
20.0273
20.4214
11.013
22.2864
19.1579
19.6024
26.4213
11.532