1.1921e-10
1.1921e-10
1.1921e-10
1.1921e-10
1.239
1.1921e-10
1.1921e-10
1.1921e-10
1.1921e-10
1.366
1.1921e-10
1.1921e-10
1.1921e-10
1.1921e-10
1.439
1.1921e-10
1.1921e-10
1.1921e-10
1.1921e-10
1.408
1.1921e-10
1.1921e-10
1.1921e-10
1.1921e-10
1.374
1.1921e-10
1.1921e-10
1.1921e-10
1.1921e-10
1.158
1.1921e-10
1.1921e-10
1.1921e-10
1.1921e-10
1.418
1.1921e-10
1.1921e-10
1.1921e-10
1.1921e-10
1.335
1.1921e-10
1.1921e-10
1.1921e-10
1.1921e-10
1.325
1.1921e-10
1.1921e-10
1.1921e-10
1.1921e-10
1.358
1.1921e-10
1.1921e-10
1.1921e-10
1.1921e-10
1.433
1.1921e-10
1.1921e-10
1.1921e-10
1.1921e-10
1.182
1.1921e-10
1.1921e-10
1.1921e-10
1.1921e-10
1.366
1.1921e-10
1.1921e-10
1.1921e-10
1.1921e-10
1.332
1.1921e-10
1.1921e-10
1.1921e-10
1.1921e-10
1.339
1.1921e-10
1.1921e-10
1.1921e-10
1.1921e-10
1.366
1.1921e-10
1.1921e-10
1.1921e-10
1.1921e-10
1.191
1.1921e-10
1.1921e-10
1.1921e-10
1.1921e-10
1.409
1.1921e-10
1.1921e-10
1.1921e-10
1.1921e-10
1.397
1.1921e-10
1.1921e-10
1.1921e-10
1.1921e-10
1.421
1.1921e-10
1.1921e-10
1.1921e-10
1.1921e-10
1.364
1.1921e-10
1.1921e-10
1.1921e-10
1.1921e-10
1.297
1.1921e-10
1.1921e-10
1.1921e-10
1.1921e-10
1.363
1.1921e-10
1.1921e-10
1.1921e-10
1.1921e-10
1.401
1.1921e-10
1.1921e-10
1.1921e-10
1.1921e-10
1.33
1.1921e-10
1.1921e-10
1.1921e-10
1.1921e-10
1.415
1.1921e-10
1.1921e-10
1.1921e-10
1.1921e-10
1.077
1.1921e-10
1.1921e-10
1.1921e-10
1.1921e-10
1.27
1.1921e-10
1.1921e-10
1.1921e-10
1.1921e-10
1.326
1.1921e-10
1.1921e-10
1.1921e-10
1.1921e-10
1.364
2.38419e-10
2.38419e-10
2.38419e-10
2.38419e-10
2.472
2.38419e-10
2.38419e-10
2.38419e-10
2.38419e-10
2.515
2.38419e-10
2.38419e-10
2.38419e-10
2.38419e-10
2.598
2.38419e-10
2.38419e-10
2.38419e-10
2.38419e-10
2.496
2.38419e-10
2.38419e-10
2.38419e-10
2.38419e-10
2.288
2.38419e-10
2.38419e-10
2.38419e-10
2.38419e-10
2.188
2.38419e-10
2.38419e-10
2.38419e-10
2.38419e-10
2.516
2.38419e-10
2.38419e-10
2.38419e-10
2.38419e-10
2.296
2.38419e-10
2.38419e-10
2.38419e-10
2.38419e-10
2.329
2.38419e-10
2.38419e-10
2.38419e-10
2.38419e-10
2.552
2.38419e-10
2.38419e-10
2.38419e-10
2.38419e-10
2.597
2.38419e-10
2.38419e-10
2.38419e-10
2.38419e-10
2.548
2.38419e-10
2.38419e-10
2.38419e-10
2.38419e-10
2.229
2.38419e-10
2.38419e-10
2.38419e-10
2.38419e-10
2.832
2.38419e-10
2.38419e-10
2.38419e-10
2.38419e-10
2.517
2.38419e-10
2.38419e-10
2.38419e-10
2.38419e-10
2.804
2.38419e-10
2.38419e-10
2.38419e-10
2.38419e-10
2.608
2.38419e-10
2.38419e-10
2.38419e-10
2.38419e-10
2.794
2.38419e-10
2.38419e-10
2.38419e-10
2.38419e-10
2.609
2.38419e-10
2.38419e-10
2.38419e-10
2.38419e-10
2.218
2.38419e-10
2.38419e-10
2.38419e-10
2.38419e-10
2.553
2.38419e-10
2.38419e-10
2.38419e-10
2.38419e-10
2.555
2.38419e-10
2.38419e-10
2.38419e-10
2.38419e-10
2.621
2.38419e-10
2.38419e-10
2.38419e-10
2.38419e-10
2.474
2.38419e-10
2.38419e-10
2.38419e-10
2.38419e-10
2.648
2.38419e-10
2.38419e-10
2.38419e-10
2.38419e-10
2.52
2.38419e-10
2.38419e-10
2.38419e-10
2.38419e-10
2.747
2.38419e-10
2.38419e-10
2.38419e-10
2.38419e-10
2.82
2.38419e-10
2.38419e-10
2.38419e-10
2.38419e-10
2.658
2.38419e-10
2.38419e-10
2.38419e-10
2.38419e-10
2.811
0.000236471
1.52096e-05
7.73522e-06
1.56036e-06
7.476
0.000109077
7.48631e-06
5.23029e-06
2.86785e-06
8.362
0.000313561
7.18876e-06
2.76866e-06
2.76199e-06
7.337
0.000279581
5.30716e-06
6.81359e-06
1.10267e-05
7.527
0.000194571
5.20321e-06
5.89119e-06
6.76514e-06
7.678
0.000395784
8.49969e-06
2.76275e-06
8.1947e-06
7.924
0.000155335
6.47122e-06
7.2971e-06
7.62841e-06
7.641
8.58405e-05
2.10853e-06
4.13643e-06
5.71915e-06
6.907
0.000107523
9.65459e-06
4.59343e-06
4.09675e-06
7.717
0.000270789
5.51983e-06
3.73893e-06
4.30923e-06
6.96
0.000146583
4.97719e-06
4.02561e-06
3.38684e-06
7.501
0.000105827
6.79909e-06
8.09647e-06
2.59643e-06
7.549
9.80186e-05
5.80441e-06
3.05e-06
3.20888e-06
6.55
0.000135493
3.83793e-06
2.7351e-06
6.26351e-06
8.377
0.000161627
6.14125e-06
5.62855e-06
3.93768e-06
7.418
0.000116684
9.65058e-06
5.3579e-06
1.36642e-05
7.999
0.000103096
1.21032e-05
1.44553e-06
1.96527e-05
7.449
8.48125e-05
8.87467e-06
5.11013e-06
6.2946e-06
7.535
0.000364051
1.45553e-05
4.30408e-06
9.92658e-06
7.45
8.80733e-05
8.57751e-06
5.1334e-06
6.3007e-06
6.699
0.000137186
5.85667e-06
4.61937e-06
4.6846e-06
8.017
0.000131309
7.78615e-06
4.26308e-06
4.70863e-06
7.732
6.96158e-05
5.6049e-06
8.37228e-06
2.06809e-06
7.452
0.000120966
8.52429e-06
1.70799e-06
4.10591e-06
7.328
0.000214732
5.40062e-06
1.84512e-06
5.94155e-06
7.011
4.34327e-05
3.10989e-06
7.09797e-06
3.9991e-06
6.551
0.000117689
8.75928e-06
2.62046e-06
1.58763e-06
7.599
0.000162169
1.48824e-05
7.68906e-06
4.03038e-06
8.311
7.94532e-05
7.45179e-06
4.49062e-06
6.90094e-06
7.432
0.000173456
6.37146e-06
7.97536e-06
6.67263e-06
7.945