5.89956e-06
3.73548e-06
1.32043e-05
1.02832e-05
0.986
8.69955e-06
1.79036e-06
6.38136e-06
4.74535e-05
0.924
1.09558e-05
3.95711e-06
1.17867e-06
5.52629e-06
1.025
3.89512e-06
1.07488e-05
1.56567e-06
1.35129e-06
0.911
8.19899e-07
5.73896e-06
8.42978e-07
1.66132e-05
1.007
2.45622e-06
1.60706e-06
1.88325e-06
1.75584e-06
0.972
2.46194e-06
1.75946e-06
3.38934e-05
3.63401e-06
0.992
1.26546e-06
2.86267e-06
3.0433e-06
8.4556e-06
1.034
2.4566e-06
5.16249e-07
1.4211e-06
1.13824e-06
0.981
2.30325e-06
5.34814e-06
6.76493e-06
1.03238e-06
1.014
1.24085e-06
2.00742e-06
1.16666e-06
4.45817e-06
0.971
3.56229e-06
3.18235e-06
2.44534e-06
1.62709e-06
0.939
5.04697e-06
3.86499e-06
3.83714e-06
1.69908e-05
1.024
1.40565e-05
5.73457e-06
1.27658e-05
3.87502e-07
0.936
7.55972e-06
3.45548e-06
7.99498e-06
6.2797e-06
1.022
8.29055e-07
1.55289e-06
4.93425e-06
2.34406e-06
0.898
2.78657e-06
4.49682e-07
8.59572e-07
6.34722e-06
0.895
4.30609e-07
9.79189e-06
1.42339e-06
9.3204e-06
1.014
9.47432e-06
2.17698e-06
1.47298e-06
5.50264e-06
0.974
8.22119e-06
3.66834e-06
5.45622e-07
4.59028e-07
0.93
2.48647e-07
5.48795e-06
2.72096e-06
2.76979e-06
0.988
4.79616e-06
6.18864e-07
3.82207e-06
9.95154e-06
0.956
5.60468e-06
4.05477e-06
3.49496e-06
2.43463e-05
1.023
5.54968e-07
3.15297e-06
7.53683e-06
4.63231e-06
0.995
2.69769e-06
1.47277e-05
9.97576e-06
6.71991e-06
0.994
8.6904e-06
4.48728e-07
8.79988e-06
3.23041e-06
1.032
3.30098e-06
2.81327e-06
1.25366e-05
6.63732e-06
1.033
7.57231e-06
2.64047e-06
7.77175e-07
2.60079e-06
1.008
2.65827e-05
3.77076e-06
8.91806e-07
1.76908e-05
1.017
1.53328e-05
4.48736e-06
8.29825e-06
2.79744e-06
0.859
0.0258571
0.0295063
0.0651675
0.0540303
1.845
0.026819
0.0320459
0.0650851
0.0174243
1.946
0.0601112
0.018902
0.037285
0.0490176
1.909
0.0253482
0.0672944
0.0813012
0.0295646
1.796
0.0548597
0.0316206
0.0137467
0.0485289
1.886
0.0275097
0.0363397
0.028048
0.0257683
1.863
0.0168547
0.0470159
0.0432683
0.0271557
1.873
0.0205188
0.037778
0.0300254
0.0378862
2
0.123025
0.0305755
0.0411018
0.0168521
1.787
0.0315604
0.0675873
0.0353861
0.0372465
1.923
0.0349225
0.0482136
0.0255514
0.0209531
1.968
0.0173604
0.0370599
0.0162578
0.0723849
1.867
0.0337829
0.0609196
0.00813936
0.0442178
1.941
0.0215185
0.0320205
0.025724
0.0368348
1.934
0.00680238
0.0379774
0.0434426
0.0404457
1.784
0.00987202
0.030341
0.0351828
0.0333142
1.847
0.0396833
0.0364112
0.0530636
0.0280072
1.798
0.0114324
0.0145344
0.0717121
0.0268206
1.9
0.0321552
0.0719488
0.0283547
0.0447936
1.732
0.0372292
0.0679865
0.0689117
0.0354336
1.924
0.0419848
0.0136665
0.0232185
0.0373123
1.792
0.0167318
0.0389844
0.0244721
0.0281373
1.745
0.0219003
0.0399047
0.043747
0.052369
1.851
0.0427039
0.0752438
0.0227368
0.0288348
1.751
0.0256631
0.0283306
0.0718776
0.067827
1.954
0.043166
0.0979282
0.0481069
0.0775682
1.774
0.0605143
0.0341425
0.0249028
0.0421652
1.734
0.0240397
0.046217
0.0334372
0.0280349
1.974
0.0413119
0.0343879
0.0202256
0.0394104
1.914
0.0373514
0.0468006
0.0493872
0.0912283
1.88
23.2923
16.1731
22.3057
17.3474
5.358
18.4721
17.5534
23.9234
20.761
5.22
29.4419
18.3485
19.6876
20.0972
5.506
21.3242
14.7142
29.4016
24.5636
5.77
29.6382
26.3852
20.6747
19.9467
5.269
24.181
19.774
18.2218
20.7213
5.462
18.303
21.3396
29.4947
22.3129
5.227
27.1199
18.0632
26.2447
30.4552
5.713
16.9001
20.5356
24.7149
23.4853
5.836
22.3569
16.466
26.633
21.0998
5.393
17.5945
29.9538
23.3897
25.2669
5.768
32.693
18.59
22.2081
18.2265
5.371
24.1086
23.2972
20.4564
22.098
5.706
17.7414
21.829
16.2295
16.4859
5.036
23.4586
22.3299
24.9436
26.7075
5.188
18.2142
17.3019
21.5897
23.0747
5.387
23.3344
17.3867
25.8728
26.3802
5.438
15.2469
20.5738
28.7549
22.5461
4.93
30.3397
21.113
33.418
16.3334
5.219
16.2536
23.5683
27.8662
25.2081
5.712
22.4885
18.119
27.8704
30.3627
5.796
30.5144
20.4796
22.2536
14.5845
5.117
25.4741
24.8519
23.651
19.6026
5.549
18.9593
18.0701
29.1572
16.2452
5.479
15.4188
23.8647
18.8415
18.957
5.538
24.801
13.3568
24.2058
19.4827
5.682
17.7655
21.9921
22.7702
25.9837
5.38
27.4174
32.6825
19.5392
24.1275
5.085
33.0337
18.6262
28.9911
16.7917
5.437
20.6083
21.4299
24.7829
21.3252
5.721