1.1921e-10
1.1921e-10
1.1921e-10
1.1921e-10
1.033
1.1921e-10
1.1921e-10
1.1921e-10
1.1921e-10
0.972
1.1921e-10
1.1921e-10
1.1921e-10
1.1921e-10
1.018
1.1921e-10
1.1921e-10
1.1921e-10
1.1921e-10
0.945
1.1921e-10
1.1921e-10
1.1921e-10
1.1921e-10
0.936
1.1921e-10
1.1921e-10
1.1921e-10
1.1921e-10
0.711
1.1921e-10
1.1921e-10
1.1921e-10
1.1921e-10
1.021
1.1921e-10
1.1921e-10
1.1921e-10
1.1921e-10
0.957
1.1921e-10
1.1921e-10
1.1921e-10
1.1921e-10
0.943
1.1921e-10
1.1921e-10
1.1921e-10
1.1921e-10
0.787
1.1921e-10
1.1921e-10
1.1921e-10
1.1921e-10
1.026
1.1921e-10
1.1921e-10
1.1921e-10
1.1921e-10
0.987
1.1921e-10
1.1921e-10
1.1921e-10
1.1921e-10
1.05
1.1921e-10
1.1921e-10
1.1921e-10
1.1921e-10
0.954
1.1921e-10
1.1921e-10
1.1921e-10
1.1921e-10
1.026
1.1921e-10
1.1921e-10
1.1921e-10
1.1921e-10
1.003
1.1921e-10
1.1921e-10
1.1921e-10
1.1921e-10
0.919
1.1921e-10
1.1921e-10
1.1921e-10
1.1921e-10
0.982
1.1921e-10
1.1921e-10
1.1921e-10
1.1921e-10
0.899
1.1921e-10
1.1921e-10
1.1921e-10
1.1921e-10
0.951
1.1921e-10
1.1921e-10
1.1921e-10
1.1921e-10
1.019
1.1921e-10
1.1921e-10
1.1921e-10
1.1921e-10
1.029
1.1921e-10
1.1921e-10
1.1921e-10
1.1921e-10
1.031
1.1921e-10
1.1921e-10
1.1921e-10
1.1921e-10
1.036
1.1921e-10
1.1921e-10
1.1921e-10
1.1921e-10
0.992
1.1921e-10
1.1921e-10
1.1921e-10
1.1921e-10
0.928
1.1921e-10
1.1921e-10
1.1921e-10
1.1921e-10
0.927
1.1921e-10
1.1921e-10
1.1921e-10
1.1921e-10
0.792
1.1921e-10
1.1921e-10
1.1921e-10
1.1921e-10
0.969
1.1921e-10
1.1921e-10
1.1921e-10
1.1921e-10
1.048
1.31083e-07
3.67165e-09
4.29154e-10
4.29154e-10
1.803
6.8288e-07
6.34195e-09
1.1921e-09
2.38419e-10
1.637
1.70045e-06
3.95299e-08
8.8215e-09
1.57357e-09
1.698
4.22145e-07
1.05381e-08
2.52724e-09
3.29018e-09
1.678
3.04652e-07
6.91415e-09
2.14577e-09
2.38419e-10
1.704
3.02744e-07
3.09945e-09
2.52724e-09
8.10625e-10
1.81
1.01328e-07
5.38827e-09
9.01224e-09
9.96592e-09
1.786
2.06266e-06
8.44003e-09
2.52724e-09
4.29154e-10
1.893
1.83511e-06
4.06743e-08
6.19889e-10
2.38419e-10
1.886
4.97104e-07
9.77518e-09
1.00136e-09
2.38419e-10
1.847
5.51272e-07
1.37806e-08
9.96592e-09
8.10625e-10
1.904
4.46797e-08
2.90871e-09
2.71798e-09
6.19889e-10
1.819
4.49992e-07
8.49249e-08
1.00136e-09
1.00136e-09
1.667
1.38331e-07
4.12465e-08
3.57152e-08
3.59059e-08
1.83
7.05768e-07
2.59877e-08
1.07289e-08
1.00136e-09
1.794
5.24999e-08
1.22547e-08
4.29154e-10
8.10625e-10
1.732
6.00673e-07
1.24455e-08
9.58445e-09
2.14577e-09
1.799
1.01857e-06
2.141e-08
1.57357e-09
4.29154e-10
1.831
1.45197e-07
3.95299e-08
3.49522e-08
4.24386e-09
1.86
1.78385e-07
5.76974e-09
8.10625e-10
4.29154e-10
1.701
1.42145e-07
5.21184e-08
5.57901e-09
8.10625e-10
1.703
8.62743e-07
2.71798e-09
8.10625e-10
2.38419e-10
1.856
1.28222e-07
2.52724e-09
2.38419e-10
2.38419e-10
1.913
3.75224e-07
4.05312e-09
4.29154e-10
2.38419e-10
1.831
5.6696e-08
2.71798e-09
4.29154e-10
4.29154e-10
1.723
3.64924e-07
8.66415e-08
1.16825e-08
1.38283e-09
1.662
2.92445e-07
5.57901e-09
2.90871e-09
2.38419e-10
1.688
5.07594e-07
2.90871e-09
1.00136e-09
8.10625e-10
1.843
1.87922e-07
1.26362e-08
8.8215e-09
8.10625e-10
1.792
2.61355e-07
2.71798e-09
2.38419e-10
2.38419e-10
1.837
0.252203
0.234794
0.207203
0.167855
5.736
0.519587
0.19473
0.161083
0.198708
5.488
0.543049
0.235188
0.260201
0.213723
5.61
0.439878
0.226527
0.189478
0.316139
5.462
0.90245
0.210989
0.131296
0.17812
5.329
0.358567
0.203947
0.177738
0.195689
5.16
0.386233
0.219016
0.224361
0.197885
5.696
0.590188
0.250894
0.298705
0.255574
4.987
0.564409
0.2619
0.152733
0.225314
5.344
0.558616
0.249469
0.140002
0.189717
5.44
0.373666
0.253659
0.211005
0.250155
5.667
0.461921
0.28337
0.161824
0.159188
4.906
0.341993
0.213883
0.223885
0.19503
5.031
0.445597
0.279069
0.184569
0.234577
5.657
0.342608
0.323963
0.231631
0.195994
5.601
0.569625
0.213063
0.125401
0.114967
5.16
0.434728
0.196062
0.180082
0.222797
5.11
0.566184
0.210068
0.228904
0.210817
4.765
0.329471
0.264245
0.229395
0.181991
5.542
0.285544
0.206558
0.133979
0.166268
5.068
0.479842
0.26652
0.153361
0.218944
5.53
0.280625
0.192355
0.215195
0.171122
5.486
0.44063
0.194839
0.271172
0.219629
5.72
0.368451
0.224488
0.192242
0.197771
5.722
0.39705
0.258874
0.136861
0.1658
5.325
0.444862
0.21481
0.204964
0.165844
5.263
0.531181
0.340976
0.164313
0.13561
5.464
0.496588
0.160028
0.159044
0.192577
5.217
0.40318
0.243495
0.158989
0.154912
4.962
0.428194
0.188581
0.256069
0.196371
5.506