1.1921e-10
1.1921e-10
1.1921e-10
1.1921e-10
9.704
1.1921e-10
1.1921e-10
1.1921e-10
1.1921e-10
9.383
1.1921e-10
1.1921e-10
1.1921e-10
1.1921e-10
8.725
1.1921e-10
1.1921e-10
1.1921e-10
1.1921e-10
9.67
1.1921e-10
1.1921e-10
1.1921e-10
1.1921e-10
8.833
1.1921e-10
1.1921e-10
1.1921e-10
1.1921e-10
9.443
1.1921e-10
1.1921e-10
1.1921e-10
1.1921e-10
9.564
1.1921e-10
1.1921e-10
1.1921e-10
1.1921e-10
9.251
1.1921e-10
1.1921e-10
1.1921e-10
1.1921e-10
9.361
1.1921e-10
1.1921e-10
1.1921e-10
1.1921e-10
9.371
1.1921e-10
1.1921e-10
1.1921e-10
1.1921e-10
9.839
1.1921e-10
1.1921e-10
1.1921e-10
1.1921e-10
10.026
1.1921e-10
1.1921e-10
1.1921e-10
1.1921e-10
9.671
1.1921e-10
1.1921e-10
1.1921e-10
1.1921e-10
9.403
1.1921e-10
1.1921e-10
1.1921e-10
1.1921e-10
9.827
1.1921e-10
1.1921e-10
1.1921e-10
1.1921e-10
9.555
1.1921e-10
1.1921e-10
1.1921e-10
1.1921e-10
9.793
1.1921e-10
1.1921e-10
1.1921e-10
1.1921e-10
9.525
1.1921e-10
1.1921e-10
1.1921e-10
1.1921e-10
9.562
1.1921e-10
1.1921e-10
1.1921e-10
1.1921e-10
9.337
1.1921e-10
1.1921e-10
1.1921e-10
1.1921e-10
9.649
1.1921e-10
1.1921e-10
1.1921e-10
1.1921e-10
9.288
1.1921e-10
1.1921e-10
1.1921e-10
1.1921e-10
10.017
1.1921e-10
1.1921e-10
1.1921e-10
1.1921e-10
9.606
1.1921e-10
1.1921e-10
1.1921e-10
1.1921e-10
9.019
1.1921e-10
1.1921e-10
1.1921e-10
1.1921e-10
9.387
1.1921e-10
1.1921e-10
1.1921e-10
1.1921e-10
9.475
1.1921e-10
1.1921e-10
1.1921e-10
1.1921e-10
10.03
1.1921e-10
1.1921e-10
1.1921e-10
1.1921e-10
9.095
1.1921e-10
1.1921e-10
1.1921e-10
1.1921e-10
9.455
1.48549e-06
3.56723e-07
3.21246e-07
2.60973e-07
18.797
2.17119e-06
9.79092e-07
4.0021e-07
3.73698e-07
17.199
1.07656e-06
8.48819e-07
4.7288e-07
3.57676e-07
18.016
5.00728e-07
3.62826e-07
3.82853e-07
3.0942e-07
18.984
2.04168e-06
2.65551e-07
4.46559e-07
2.80428e-07
18.874
7.45059e-07
8.96122e-07
2.07568e-07
3.76178e-07
18.622
4.86041e-07
9.72797e-07
7.17403e-07
9.91108e-07
18.965
2.53726e-07
3.51382e-07
3.07513e-07
3.97731e-07
18.976
8.42144e-07
6.89556e-07
2.71655e-07
1.57595e-07
18.394
7.41817e-07
2.77567e-07
5.96286e-07
4.12417e-07
18.553
9.2683e-07
8.94787e-07
6.21272e-07
2.29884e-07
18.794
2.43688e-06
7.26558e-07
7.66994e-07
4.70591e-07
18.726
1.27855e-06
7.88166e-07
1.04432e-06
1.86587e-07
18.494
3.09969e-06
2.17677e-07
1.41764e-07
1.63317e-07
18.589
8.00563e-07
8.1792e-07
2.01273e-07
2.35987e-07
18.809
2.61927e-07
5.37158e-07
3.68167e-07
4.07077e-07
18.484
2.09222e-06
9.03179e-07
3.4833e-07
3.23344e-07
18.302
2.45424e-06
5.61e-07
2.04516e-07
4.30919e-07
19.05
6.48547e-07
4.91572e-07
4.61627e-07
1.76478e-07
18.795
2.35563e-06
2.36612e-06
5.52989e-07
6.4149e-07
17.987
1.76435e-06
6.96041e-07
9.21299e-07
4.04406e-07
18.349
8.98792e-07
8.16204e-07
7.12253e-07
7.09773e-07
18.574
2.59233e-06
2.10805e-06
3.20864e-07
4.59529e-07
18.821
9.4495e-07
3.23916e-07
2.87295e-07
1.9002e-07
18.196
2.51623e-06
9.26067e-07
3.08657e-07
2.1844e-07
18.454
3.30167e-06
8.14487e-07
3.67022e-07
1.98412e-07
18.543
4.35305e-07
2.68794e-07
3.65115e-07
3.2754e-07
18.495
4.1833e-07
4.16613e-07
1.57023e-07
1.46914e-07
18.863
2.74683e-06
8.0743e-07
6.19174e-07
4.33017e-07
18.556
2.5126e-06
2.70772e-06
2.30074e-07
1.92118e-07
16.927
1.76588
1.30732
1.85097
1.59836
54.801
1.60762
1.55111
1.67753
1.35197
55.18
1.59063
1.33188
1.54003
1.83395
55.719
1.54927
1.38522
0.978706
1.77353
55.767
1.50205
1.42621
1.6318
1.89327
53.854
1.15946
1.52402
1.64751
1.93155
54.94
2.0327
1.70219
1.78424
1.66695
56.374
1.5852
1.58938
1.42427
1.31811
54.234
1.52952
1.8352
1.54141
1.52181
56.402
1.78335
1.56921
1.94927
1.67423
56.157
1.8999
1.4901
1.59191
1.3432
54.964
1.74135
1.56547
1.22996
1.48775
54.249
1.52017
1.48031
1.44305
1.40879
55.493
1.92682
1.57736
1.95822
1.60433
56.711
1.41657
2.4754
1.95274
2.11041
56.369
1.79963
1.7504
1.71744
1.97726
55.777
1.09783
1.50296
1.65379
1.22564
55.479
1.42331
1.57068
1.56031
1.38271
55.924
1.65594
1.29873
1.28583
1.80732
56.839
1.55918
1.29883
1.44488
1.72801
54.242
1.64637
1.59521
1.60318
1.62729
53.156
1.4
1.16704
1.27881
1.84358
54.333
1.27606
1.61716
1.40203
1.44373
54.183
1.95065
2.12537
1.78988
2.02145
56.068
1.36992
1.42299
1.42634
2.07266
55.654
2.00242
1.42346
1.40117
2.05008
54.218
1.14271
1.30576
1.13241
1.77223
56.585
1.15493
1.27978
1.18249
1.10619
54.88
1.65994
1.40097
1.92026
1.43358
55.64
1.77688
1.74835
1.87393
2.22242
55.409