1.1921e-10
1.1921e-10
1.1921e-10
1.1921e-10
1.038
1.1921e-10
1.1921e-10
1.1921e-10
1.1921e-10
0.962
1.1921e-10
1.1921e-10
1.1921e-10
1.1921e-10
0.836
1.1921e-10
1.1921e-10
1.1921e-10
1.1921e-10
0.813
1.1921e-10
1.1921e-10
1.1921e-10
1.1921e-10
1.006
1.1921e-10
1.1921e-10
1.1921e-10
1.1921e-10
0.921
1.1921e-10
1.1921e-10
1.1921e-10
1.1921e-10
0.863
1.1921e-10
1.1921e-10
1.1921e-10
1.1921e-10
0.976
1.1921e-10
1.1921e-10
1.1921e-10
1.1921e-10
0.962
1.1921e-10
1.1921e-10
1.1921e-10
1.1921e-10
0.922
1.1921e-10
1.1921e-10
1.1921e-10
1.1921e-10
0.939
1.1921e-10
1.1921e-10
1.1921e-10
1.1921e-10
0.888
1.1921e-10
1.1921e-10
1.1921e-10
1.1921e-10
0.935
1.1921e-10
1.1921e-10
1.1921e-10
1.1921e-10
0.946
1.1921e-10
1.1921e-10
1.1921e-10
1.1921e-10
0.998
1.1921e-10
1.1921e-10
1.1921e-10
1.1921e-10
1.024
1.1921e-10
1.1921e-10
1.1921e-10
1.1921e-10
0.946
1.1921e-10
1.1921e-10
1.1921e-10
1.1921e-10
0.976
1.1921e-10
1.1921e-10
1.1921e-10
1.1921e-10
0.782
1.1921e-10
1.1921e-10
1.1921e-10
1.1921e-10
0.94
1.1921e-10
1.1921e-10
1.1921e-10
1.1921e-10
0.976
1.1921e-10
1.1921e-10
1.1921e-10
1.1921e-10
1.005
1.1921e-10
1.1921e-10
1.1921e-10
1.1921e-10
0.907
1.1921e-10
1.1921e-10
1.1921e-10
1.1921e-10
1.003
1.1921e-10
1.1921e-10
1.1921e-10
1.1921e-10
0.953
1.1921e-10
1.1921e-10
1.1921e-10
1.1921e-10
0.955
1.1921e-10
1.1921e-10
1.1921e-10
1.1921e-10
0.827
1.1921e-10
1.1921e-10
1.1921e-10
1.1921e-10
0.934
1.1921e-10
1.1921e-10
1.1921e-10
1.1921e-10
0.797
1.1921e-10
1.1921e-10
1.1921e-10
1.1921e-10
0.75
9.51201e-06
2.08078e-06
1.62936e-07
1.63126e-07
1.919
7.32581e-06
5.89229e-07
1.97893e-06
3.56913e-07
1.8
7.99948e-06
3.26205e-07
9.36987e-08
8.79766e-08
1.948
2.49811e-06
6.73152e-07
3.16859e-07
1.82391e-07
1.752
2.6574e-05
6.11354e-07
2.08521e-07
2.07377e-07
1.742
1.43247e-06
6.41347e-08
3.64781e-08
2.12193e-08
1.728
1.09318e-05
1.91656e-06
2.06995e-07
6.48977e-08
1.801
5.30516e-06
1.23372e-06
4.46368e-07
1.31083e-07
1.864
1.08189e-05
7.77675e-07
1.36996e-07
1.36614e-07
1.948
6.33227e-06
2.60783e-07
1.03045e-07
6.52791e-08
1.793
1.50132e-06
2.00506e-06
4.88521e-07
1.75906e-07
1.811
2.78869e-05
3.22962e-07
3.53289e-07
5.23997e-07
1.947
1.94631e-06
1.8229e-06
1.36233e-07
6.45162e-08
1.882
1.88342e-05
5.8446e-07
2.86341e-07
2.22254e-07
1.789
9.42275e-06
4.13943e-07
9.59875e-08
1.15633e-07
1.888
7.41488e-06
4.52662e-07
2.13099e-07
1.76859e-07
1.874
3.23358e-06
1.8754e-07
1.81818e-07
1.9517e-07
1.801
9.61444e-06
8.53969e-07
1.21165e-07
9.10284e-08
1.941
6.3563e-06
4.76504e-07
2.4438e-07
2.25306e-07
1.909
3.53399e-06
5.74733e-07
1.81055e-07
9.08377e-08
1.838
6.35916e-06
3.60537e-07
1.84679e-07
6.83309e-08
1.938
3.57023e-06
7.34951e-07
6.04678e-07
4.58194e-07
1.925
3.27612e-06
7.14923e-07
1.80483e-07
2.98358e-07
1.924
1.16296e-06
3.34979e-07
5.27049e-07
2.13862e-07
1.894
1.13442e-05
5.95523e-07
2.03181e-07
5.53752e-07
1.817
9.94708e-06
3.68739e-07
1.73807e-07
9.54153e-08
1.957
1.6186e-05
9.21299e-07
5.03589e-07
8.58785e-08
1.857
1.84897e-05
2.58413e-06
2.28868e-06
3.51954e-07
1.774
3.2538e-06
1.95775e-06
2.83099e-07
4.69256e-07
1.917
8.67221e-06
9.36367e-07
2.9893e-07
5.15605e-07
1.919
1.04132
0.873029
0.667517
0.754869
5.543
1.30246
1.03994
1.06036
0.867252
5.014
1.23035
0.977401
0.768939
0.828626
5.719
1.45813
0.829564
0.922431
0.935874
5.41
1.00894
0.669208
0.881736
0.609663
5.445
1.1638
0.701065
0.902714
0.849438
5.413
1.02704
0.639246
0.616679
0.940127
5.329
0.869965
0.666699
1.02247
0.828484
5.577
1.39418
0.756287
0.89546
0.730786
5.077
1.10313
0.583714
0.80862
0.749962
5.235
1.13379
1.08844
0.880467
0.761235
5.259
1.16575
0.621
0.911004
0.975611
5.795
1.22007
0.78575
0.642141
0.762419
5.535
0.973655
0.794162
0.70983
0.745414
5.602
1.55982
1.11553
0.711352
0.813795
5.84
1.33172
0.779437
0.766491
0.84625
5.213
1.12988
0.841699
0.896553
0.886122
5.657
1.26702
0.778447
0.826775
0.786974
5.023
1.50005
0.941173
1.10623
0.698092
5.696
0.787183
0.856989
0.903332
0.940779
5.542
1.02947
0.667077
0.773772
0.621623
5.613
1.28516
0.795497
0.80324
0.710397
5.371
1.66023
1.11029
0.855101
0.88475
5.626
1.38382
0.766948
0.713994
0.793172
5.305
0.890834
0.890169
0.590247
0.553777
5.35
0.901894
0.943704
0.772606
0.913016
5.078
0.953325
0.625194
0.498867
0.768137
5.581
1.14307
0.873961
0.753043
0.807045
5.27
0.97314
0.644983
0.845051
0.887545
5.363
1.12953
0.806095
0.548237
0.81241
5.575