1.5862e-07
3.74318e-09
3.4833e-08
5.6069e-07
1.072
3.8457e-08
2.15269e-07
9.46524e-09
8.8215e-10
1.05
4.01736e-08
4.87567e-08
7.3743e-08
9.84671e-09
0.922
1.57094e-07
1.34707e-08
1.02735e-07
3.82663e-08
0.845
1.00064e-07
3.90292e-08
3.34979e-08
5.04733e-08
1.021
1.1189e-07
6.22274e-09
2.05279e-08
2.61999e-07
1.004
7.52689e-08
1.03879e-07
1.74761e-08
3.4833e-08
1.086
2.94924e-08
1.48893e-07
8.90018e-08
1.48058e-08
1.068
2.17939e-07
1.4832e-07
3.90292e-08
3.13998e-08
0.935
1.11706e-06
1.48058e-08
1.50037e-07
7.16449e-08
1.004
5.82935e-08
1.72854e-08
1.15895e-07
1.34588e-07
0.959
7.31708e-08
1.74761e-08
3.17097e-09
1.92571e-07
0.98
1.43552e-07
8.11817e-08
3.78848e-08
4.03643e-08
0.834
1.70255e-07
4.7803e-08
8.51156e-09
1.93835e-08
1.07
4.22717e-08
1.36614e-08
1.75023e-07
4.43698e-08
0.993
2.19465e-07
5.5051e-08
5.00918e-08
1.17541e-08
1.001
1.16277e-07
1.98293e-07
1.02735e-07
1.18757e-07
1.066
1.07312e-07
1.70637e-07
2.72036e-08
1.78576e-08
1.057
9.26258e-08
8.51156e-09
5.5051e-08
8.49964e-08
0.921
1.5378e-08
3.40701e-08
4.50612e-09
1.33443e-07
1.056
2.30074e-08
1.46151e-08
4.16995e-08
1.15133e-07
0.978
6.11545e-08
1.34707e-08
1.01972e-07
2.76685e-07
0.914
6.51599e-08
5.04733e-08
1.29819e-07
2.00773e-07
0.864
1.96386e-07
7.0882e-08
1.37449e-07
4.4942e-08
1.048
2.34533e-07
1.22762e-07
1.34707e-08
8.32082e-09
0.974
1.28985e-08
6.74487e-08
5.65768e-08
5.07833e-09
0.992
2.11001e-08
1.26577e-07
3.23535e-08
1.57595e-08
0.95
2.58947e-07
4.8566e-08
1.9002e-08
9.64405e-08
0.985
2.80119e-07
1.38593e-07
3.7694e-08
9.39609e-08
0.915
1.54233e-07
4.91382e-08
1.6892e-07
1.53802e-06
0.912
0.00679178
0.00333304
0.00402874
0.00527302
1.95
0.004896
0.00557696
0.00860151
0.0030326
1.89
0.00460142
0.00339246
0.0045129
0.00338707
1.708
0.00382288
0.00453369
0.0072122
0.00220971
1.806
0.00305268
0.00389182
0.00940624
0.00291113
1.827
0.0051707
0.00398357
0.00483095
0.00805997
1.786
0.00305815
0.00686382
0.00342357
0.00410958
1.838
0.0057478
0.00445374
0.00356729
0.00349216
1.935
0.00507168
0.00234112
0.0051638
0.00210235
1.897
0.00713939
0.0037188
0.00633694
0.0033899
1.69
0.00381834
0.00641659
0.00217226
0.00296763
1.827
0.00824155
0.00133982
0.00794209
0.00258244
1.746
0.0017335
0.00389091
0.00687974
0.00455391
1.663
0.00392483
0.00563294
0.00181337
0.0106435
1.954
0.00169081
0.00164804
0.00696781
0.00517045
1.884
0.0115575
0.00232898
0.00159675
0.00705139
1.748
0.0052341
0.00653565
0.00201787
0.00283654
1.924
0.00470525
0.00354103
0.00610614
0.00326858
1.958
0.00564949
0.00251239
0.0123756
0.00430255
1.712
0.00644619
0.0112032
0.00162181
0.00260142
1.921
0.00511986
0.00851049
0.00683698
0.000794776
1.934
0.00796794
0.00550373
0.00403903
0.0038874
1.942
0.00435696
0.00255063
0.00493254
0.00969372
1.842
0.00812656
0.00239884
0.00145882
0.00243006
1.713
0.00337474
0.00572609
0.00488085
0.00604328
1.902
0.00187056
0.0063429
0.00295988
0.00454509
1.838
0.00357581
0.0127781
0.00777097
0.00397882
1.802
0.00510793
0.00476596
0.00233434
0.00474648
1.817
0.00564156
0.0033364
0.00749451
0.00444563
1.97
0.00373384
0.00749772
0.00229681
0.0044048
1.868
9.52858
16.7866
22.4536
20.4181
5.571
12.8297
18.2727
13.3907
12.9794
5.584
12.4465
16.1242
14.1358
7.91003
5.454
14.7997
22.2639
17.0394
9.81379
5.673
11.428
10.0807
12.0202
15.3372
5.549
9.44504
13.43
17.2919
17.0069
5.917
19.4315
15.0568
16.1481
17.5496
5.529
9.41432
14.7063
20.7717
13.8551
5.476
15.9632
17.68
12.6201
13.3851
5.737
14.2061
14.6281
14.8405
10.6965
5.009
14.4964
16.4235
12.3426
10.6656
5.849
14.2744
15.6956
20.7151
12.1982
5.471
16.6675
15.3181
16.8033
15.4175
5.617
13.3151
15.1244
16.9999
12.4437
5.439
10.8569
16.8272
15.6966
10.0254
5.526
17.767
9.85295
15.4147
12.5738
5.591
17.2875
11.2557
13.4241
18.3996
5.148
10.6277
13.6709
13.9892
14.0513
5.534
15.6464
17.3108
12.1352
16.5323
5.475
17.9662
16.599
12.8494
14.9729
5.398
16.4046
11.3435
15.8302
13.8076
5.496
18.7238
13.921
13.4927
21.1193
5.755
16.7506
11.4105
15.562
17.2094
5.213
12.6782
18.0752
15.4271
13.2419
5.513
10.6698
12.4119
13.9389
20.4278
5.758
15.7785
17.7912
11.9751
15.0217
5.35
8.67621
12.6961
12.6519
18.38
5.085
16.5155
17.6026
16.0832
18.7701
5.454
11.6266
11.9955
12.3916
12.0877
5.525
16.5271
12.9287
10.067
17.4287
5.388