1.1921e-10
1.1921e-10
1.1921e-10
1.1921e-10
0.73
1.1921e-10
1.1921e-10
1.1921e-10
1.1921e-10
0.674
1.1921e-10
1.1921e-10
1.1921e-10
1.1921e-10
0.729
1.1921e-10
1.1921e-10
1.1921e-10
1.1921e-10
0.729
1.1921e-10
1.1921e-10
1.1921e-10
1.1921e-10
0.716
1.1921e-10
1.1921e-10
1.1921e-10
1.1921e-10
0.685
1.1921e-10
1.1921e-10
1.1921e-10
1.1921e-10
0.737
1.1921e-10
1.1921e-10
1.1921e-10
1.1921e-10
0.726
1.1921e-10
1.1921e-10
1.1921e-10
1.1921e-10
0.733
1.1921e-10
1.1921e-10
1.1921e-10
1.1921e-10
0.726
1.1921e-10
1.1921e-10
1.1921e-10
1.1921e-10
0.707
1.1921e-10
1.1921e-10
1.1921e-10
1.1921e-10
0.72
1.1921e-10
1.1921e-10
1.1921e-10
1.1921e-10
0.707
1.1921e-10
1.1921e-10
1.1921e-10
1.1921e-10
0.719
1.1921e-10
1.1921e-10
1.1921e-10
1.1921e-10
0.733
1.1921e-10
1.1921e-10
1.1921e-10
1.1921e-10
0.71
1.1921e-10
1.1921e-10
1.1921e-10
1.1921e-10
0.728
1.1921e-10
1.1921e-10
1.1921e-10
1.1921e-10
0.702
1.1921e-10
1.1921e-10
1.1921e-10
1.1921e-10
0.688
1.1921e-10
1.1921e-10
1.1921e-10
1.1921e-10
0.719
1.1921e-10
1.1921e-10
1.1921e-10
1.1921e-10
0.714
1.1921e-10
1.1921e-10
1.1921e-10
1.1921e-10
0.721
1.1921e-10
1.1921e-10
1.1921e-10
1.1921e-10
0.722
1.1921e-10
1.1921e-10
1.1921e-10
1.1921e-10
0.733
1.1921e-10
1.1921e-10
1.1921e-10
1.1921e-10
0.713
1.1921e-10
1.1921e-10
1.1921e-10
1.1921e-10
0.723
1.1921e-10
1.1921e-10
1.1921e-10
1.1921e-10
0.737
1.1921e-10
1.1921e-10
1.1921e-10
1.1921e-10
0.723
1.1921e-10
1.1921e-10
1.1921e-10
1.1921e-10
0.711
1.1921e-10
1.1921e-10
1.1921e-10
1.1921e-10
0.729
2.38419e-10
2.38419e-10
2.38419e-10
2.38419e-10
1.305
2.38419e-10
2.38419e-10
2.38419e-10
2.38419e-10
1.429
2.38419e-10
2.38419e-10
2.38419e-10
2.38419e-10
1.432
2.38419e-10
2.38419e-10
2.38419e-10
2.38419e-10
1.237
2.38419e-10
2.38419e-10
2.38419e-10
2.38419e-10
1.437
2.38419e-10
2.38419e-10
2.38419e-10
2.38419e-10
1.417
2.38419e-10
2.38419e-10
2.38419e-10
2.38419e-10
1.441
2.38419e-10
2.38419e-10
2.38419e-10
2.38419e-10
1.408
2.38419e-10
2.38419e-10
2.38419e-10
2.38419e-10
1.392
2.38419e-10
2.38419e-10
2.38419e-10
2.38419e-10
1.427
2.38419e-10
2.38419e-10
2.38419e-10
2.38419e-10
1.403
2.38419e-10
2.38419e-10
2.38419e-10
2.38419e-10
1.408
2.38419e-10
2.38419e-10
2.38419e-10
2.38419e-10
1.414
2.38419e-10
2.38419e-10
2.38419e-10
2.38419e-10
1.398
2.38419e-10
2.38419e-10
2.38419e-10
2.38419e-10
1.437
2.38419e-10
2.38419e-10
2.38419e-10
2.38419e-10
1.419
2.38419e-10
2.38419e-10
2.38419e-10
2.38419e-10
1.401
2.38419e-10
2.38419e-10
2.38419e-10
2.38419e-10
1.321
2.38419e-10
2.38419e-10
2.38419e-10
2.38419e-10
1.404
2.38419e-10
2.38419e-10
2.38419e-10
2.38419e-10
1.394
2.38419e-10
2.38419e-10
2.38419e-10
2.38419e-10
1.398
2.38419e-10
2.38419e-10
2.38419e-10
2.38419e-10
1.39
2.38419e-10
2.38419e-10
2.38419e-10
2.38419e-10
1.409
2.38419e-10
2.38419e-10
2.38419e-10
2.38419e-10
1.41
2.38419e-10
2.38419e-10
2.38419e-10
2.38419e-10
1.393
2.38419e-10
2.38419e-10
2.38419e-10
2.38419e-10
1.438
2.38419e-10
2.38419e-10
2.38419e-10
2.38419e-10
1.412
2.38419e-10
2.38419e-10
2.38419e-10
2.38419e-10
1.423
2.38419e-10
2.38419e-10
2.38419e-10
2.38419e-10
1.338
2.38419e-10
2.38419e-10
2.38419e-10
2.38419e-10
1.403
0.00200871
0.000127706
0.000456215
0.000349071
4.176
0.00486453
0.000245901
0.000144174
0.000141804
4.176
0.00556627
0.000406461
0.000111352
9.20558e-05
4.222
0.0031463
0.000198991
0.000145468
0.000133471
4.208
0.00111789
0.000513127
0.000403347
0.000299745
4.109
0.00103592
0.000173803
0.000248935
0.000209007
4.172
0.00151869
0.000133079
0.000202731
0.000201264
4.107
0.0030637
0.000549943
0.000262268
0.000124999
4.157
0.00188257
0.000140987
8.93409e-05
7.53476e-05
4.132
0.00322355
0.000129669
0.000100055
0.000403649
4.227
0.0014025
0.000212175
0.000218696
0.000126276
4.206
0.000983135
0.000131416
0.00025663
9.09309e-05
4.224
0.00120334
0.000207851
0.000212824
0.000124411
4.113
0.00239979
0.000280946
5.36202e-05
0.000226325
4.15
0.00555867
0.000230909
0.000135359
0.000256792
4.197
0.0023057
0.0001982
0.000132649
7.56814e-05
4.129
0.00212695
7.15478e-05
8.41266e-05
8.10504e-05
4.216
0.000579404
0.000206762
7.18154e-05
0.000150806
4.145
0.00125708
6.64862e-05
0.000122525
0.000172337
4.212
0.00300601
0.000156311
0.000157771
0.000224948
4.173
0.00238566
0.000234387
0.000231103
9.71372e-05
4.239
0.00244468
0.000240906
0.00023852
0.000101805
4.148
0.00141667
0.000227549
0.000257373
0.000164361
4.2
0.00080241
0.000120103
0.000161361
0.000140275
4.224
0.00182897
0.000104344
8.48781e-05
0.000353369
4.182
0.00255102
0.000174484
9.08737e-05
9.33782e-05
4.183
0.00153731
0.000623525
0.000154337
0.000150488
4.247
0.00160389
0.000176932
0.000135415
8.86478e-05
4.222
0.00104843
9.11973e-05
8.26699e-05
5.61345e-05
4.201
0.0024278
0.000120553
0.000146847
0.00024458
4.184