1.1921e-10
1.1921e-10
1.1921e-10
1.1921e-10
1.911
1.1921e-10
1.1921e-10
1.1921e-10
1.1921e-10
2.067
1.1921e-10
1.1921e-10
1.1921e-10
1.1921e-10
1.875
1.1921e-10
1.1921e-10
1.1921e-10
1.1921e-10
1.855
1.1921e-10
1.1921e-10
1.1921e-10
1.1921e-10
2.101
1.1921e-10
1.1921e-10
1.1921e-10
1.1921e-10
2.039
1.1921e-10
1.1921e-10
1.1921e-10
1.1921e-10
1.755
1.1921e-10
1.1921e-10
1.1921e-10
1.1921e-10
1.891
1.1921e-10
1.1921e-10
1.1921e-10
1.1921e-10
1.917
1.1921e-10
1.1921e-10
1.1921e-10
1.1921e-10
1.867
1.1921e-10
1.1921e-10
1.1921e-10
1.1921e-10
1.881
1.1921e-10
1.1921e-10
1.1921e-10
1.1921e-10
1.892
1.1921e-10
1.1921e-10
1.1921e-10
1.1921e-10
1.979
1.1921e-10
1.1921e-10
1.1921e-10
1.1921e-10
1.776
1.1921e-10
1.1921e-10
1.1921e-10
1.1921e-10
1.703
1.1921e-10
1.1921e-10
1.1921e-10
1.1921e-10
1.677
1.1921e-10
1.1921e-10
1.1921e-10
1.1921e-10
2.001
1.1921e-10
1.1921e-10
1.1921e-10
1.1921e-10
1.822
1.1921e-10
1.1921e-10
1.1921e-10
1.1921e-10
1.947
1.1921e-10
1.1921e-10
1.1921e-10
1.1921e-10
1.935
1.1921e-10
1.1921e-10
1.1921e-10
1.1921e-10
1.892
1.1921e-10
1.1921e-10
1.1921e-10
1.1921e-10
1.861
1.1921e-10
1.1921e-10
1.1921e-10
1.1921e-10
1.802
1.1921e-10
1.1921e-10
1.1921e-10
1.1921e-10
1.714
1.1921e-10
1.1921e-10
1.1921e-10
1.1921e-10
1.83
1.1921e-10
1.1921e-10
1.1921e-10
1.1921e-10
2.08
1.1921e-10
1.1921e-10
1.1921e-10
1.1921e-10
1.897
1.1921e-10
1.1921e-10
1.1921e-10
1.1921e-10
1.883
1.1921e-10
1.1921e-10
1.1921e-10
1.1921e-10
1.978
1.1921e-10
1.1921e-10
1.1921e-10
1.1921e-10
1.797
1.07656e-06
8.0476e-07
2.10429e-07
4.99202e-07
3.775
1.64285e-06
5.40019e-07
1.71628e-06
1.13726e-07
3.844
6.08641e-06
3.09611e-07
1.81966e-06
6.72199e-07
3.61
5.98723e-06
6.70863e-07
4.84324e-07
2.15769e-07
3.79
2.20113e-06
2.89965e-07
2.95115e-07
3.3002e-07
3.682
1.62931e-06
1.28007e-06
2.13476e-06
2.07582e-06
3.477
9.96139e-06
6.71889e-06
3.10755e-07
4.32826e-07
3.922
5.263e-06
4.85469e-07
4.68684e-07
3.04652e-07
3.735
1.62092e-06
7.2106e-06
8.82389e-07
2.01655e-07
3.884
4.58399e-06
8.31653e-07
5.82553e-07
5.07022e-07
3.699
1.65582e-06
9.69936e-07
3.51954e-07
2.99121e-07
3.947
4.84091e-06
1.83587e-06
1.83726e-07
1.83726e-07
3.537
2.80538e-06
2.1462e-06
2.10405e-06
1.05252e-06
3.678
1.59517e-06
4.32254e-07
3.65115e-07
1.24326e-06
3.683
2.12198e-06
4.94052e-07
1.08648e-06
2.7833e-07
3.603
2.14239e-06
3.49284e-07
3.66641e-07
1.91546e-07
3.897
2.52424e-06
2.3675e-07
1.49393e-07
5.07594e-07
3.363
8.09104e-06
2.4705e-07
2.48576e-07
2.19012e-07
3.791
9.96463e-06
2.91873e-07
1.69492e-06
2.48003e-07
3.483
1.47405e-06
8.83581e-08
4.60149e-08
4.34161e-07
3.936
4.90957e-06
1.88413e-06
1.03021e-06
3.03889e-07
3.448
1.7365e-06
5.46504e-07
2.20728e-07
1.90974e-07
3.822
3.3732e-06
8.89828e-07
6.38438e-07
8.53397e-07
3.091
4.91968e-06
2.1586e-06
4.99393e-07
2.1596e-07
3.671
3.38541e-06
1.61481e-06
2.24233e-06
7.32471e-07
3.613
2.17901e-06
2.76614e-07
2.59257e-07
5.32771e-07
3.365
1.35961e-06
4.19093e-07
4.40265e-07
4.47513e-07
3.819
6.54112e-06
1.87002e-06
5.67676e-07
5.28766e-07
3.918
3.28146e-06
1.68348e-06
1.68023e-06
1.70732e-06
3.642
5.23592e-06
6.16504e-07
1.68138e-06
5.81409e-07
3.449
0.871424
0.615647
0.466996
0.38837
10.971
0.489471
0.537226
0.471414
0.449315
10.617
0.735197
0.553447
0.462118
0.501179
10.661
0.676176
0.462214
0.512122
0.375227
10.138
0.93809
0.416735
0.358719
0.378877
10.64
0.95829
0.444874
0.405725
0.295017
10.296
0.804737
0.5456
0.461715
0.379813
10.83
0.729708
0.365048
0.419168
0.388727
11.009
0.769331
0.402301
0.37359
0.448974
11.432
0.826436
0.466031
0.427245
0.357127
10.8
1.01212
0.585243
0.448563
0.394757
11.293
1.03276
0.55523
0.532626
0.349925
11.106
0.748542
0.399499
0.350404
0.339128
11.462
0.699278
0.764562
0.621213
0.428098
11.096
0.877146
0.634578
0.389665
0.387722
11.05
0.676403
0.493347
0.515162
0.486496
10.675
0.736612
0.421812
0.50453
0.431454
10.653
0.70182
0.525185
0.389977
0.398964
10.672
0.697062
0.536101
0.363948
0.398613
11.067
0.507143
0.612615
0.456008
0.57863
10.987
0.745231
0.568055
0.522376
0.424269
11.225
1.02029
0.579818
0.521878
0.61002
10.223
0.803366
0.628623
0.38753
0.434761
11.442
0.565581
0.458809
0.345025
0.395543
11.32
0.860129
0.479519
0.495141
0.38927
10.827
0.855035
0.538845
0.300584
0.365496
10.798
0.550341
0.403443
0.373537
0.347662
10.74
0.77294
0.477981
0.472677
0.408315
11.114
0.833806
0.705119
0.506487
0.454717
10.902
0.861943
0.403596
0.237774
0.359257
10.775