1.19241e-06
7.08975e-06
1.57235e-06
8.19899e-07
18.903
1.20518e-06
2.01154e-07
6.43381e-06
2.49093e-06
19.076
8.94667e-07
1.02246e-06
2.21627e-06
2.18308e-06
19.098
3.35057e-06
2.02134e-06
1.28625e-06
1.93379e-06
19.103
3.47551e-06
1.05717e-06
1.58837e-06
2.24984e-06
19.595
3.93384e-06
1.13442e-06
9.9683e-08
1.01254e-06
19.686
4.25459e-07
9.41207e-07
2.82071e-06
1.44124e-07
18.475
7.71834e-07
1.7159e-07
1.42339e-06
1.27023e-06
18.097
1.37322e-06
3.49954e-06
2.96949e-06
9.58945e-07
19.385
1.39058e-06
5.74804e-07
7.1366e-07
1.85311e-06
18.3
5.76712e-07
4.12107e-07
3.11425e-06
9.04776e-07
19.683
5.86249e-07
8.3821e-07
1.06137e-06
9.80117e-07
18.85
2.3063e-06
2.78504e-06
1.58048e-07
3.07584e-07
18.865
4.2584e-07
4.01808e-07
8.2524e-07
1.67229e-06
19.105
1.36113e-07
4.56358e-07
7.18237e-07
3.67635e-06
18.165
1.62652e-06
2.9609e-06
8.10744e-07
1.24161e-06
18.152
9.24351e-08
1.382e-06
3.10255e-07
1.73905e-06
19.407
9.60471e-07
4.52543e-07
5.79764e-07
5.47708e-06
19.19
2.79546e-07
4.89164e-07
1.09532e-06
2.17832e-06
18.505
1.21281e-06
3.41535e-07
1.3551e-06
2.71791e-06
18.208
1.03352e-06
1.3305e-06
9.22706e-07
3.84134e-06
19.225
1.36254e-06
1.75202e-06
1.87085e-06
4.03989e-06
18.913
1.98644e-06
1.90938e-06
5.2426e-07
3.8941e-07
17.839
4.52925e-07
1.02589e-06
8.88564e-07
1.90175e-06
18.955
3.96848e-07
1.40164e-06
4.28511e-07
6.42706e-07
18.466
8.64722e-07
5.17393e-07
1.82908e-06
1.06499e-06
18.021
1.20461e-06
7.91411e-06
3.6588e-06
1.05157e-05
19.108
7.65921e-07
2.79737e-07
3.05303e-06
2.95995e-06
18.567
2.01295e-06
1.2933e-06
6.27829e-07
5.62025e-07
19.602
1.10867e-06
4.78292e-07
1.41213e-06
5.5821e-07
19.029
0.010872
0.0243178
0.021914
0.0149158
34.074
0.0264063
0.0214218
0.00614194
0.0152927
34.935
0.0193462
0.0203832
0.0167572
0.0181979
36.017
0.00965946
0.0110209
0.0154899
0.0261588
38.081
0.0229157
0.0161207
0.0210739
0.0149173
34.842
0.0244739
0.0179805
0.00699698
0.0168804
35.802
0.0252543
0.0140419
0.032682
0.0158481
37.73
0.0132983
0.00924231
0.0200903
0.00556933
37.93
0.0140552
0.0243997
0.00965641
0.0141805
37.584
0.017393
0.017528
0.0239795
0.0186895
37.356
0.0215635
0.0287777
0.0207814
0.021803
34.866
0.0153227
0.0292085
0.0297346
0.0101443
35.745
0.0127664
0.025499
0.0182981
0.0185329
37.348
0.0168885
0.0259225
0.0371714
0.0107208
37.595
0.0274625
0.0264198
0.0147531
0.0217766
35.91
0.0422675
0.0209891
0.0321999
0.0198718
36.045
0.0258319
0.0289306
0.0266532
0.0192514
36.996
0.0170329
0.0268915
0.0164318
0.0206004
37.833
0.0130006
0.0295974
0.0166367
0.038477
37.751
0.0266832
0.0167455
0.0373279
0.0141262
36.111
0.0278873
0.0123422
0.0257946
0.00841167
36.719
0.0219379
0.0161474
0.0222203
0.0203002
33.977
0.023124
0.0255011
0.0252888
0.0266966
37.926
0.0242338
0.016923
0.0042347
0.00615114
37.517
0.0274142
0.016801
0.0104729
0.0102013
37.612
0.0266981
0.0288394
0.0484195
0.0218839
37.268
0.0227435
0.0145595
0.0374718
0.0234437
37.824
0.0108064
0.0124416
0.0352916
0.0129152
37.319
0.0284729
0.0306719
0.0626685
0.0289024
35.18
0.0363654
0.0323635
0.0203115
0.0168315
35.976
23.0515
13.7956
16.5694
20.4995
108.803
21.2254
22.9561
15.3897
14.0881
110.354
19.0977
23.2086
12.4237
14.8514
107.912
19.9068
19.5998
19.6386
16.6684
111.022
17.6098
11.6033
18.1805
20.8246
112.963
15.3561
18.0149
16.7799
17.1083
107.527
20.2664
17.0865
17.2124
20.684
111.167
25.6153
20.3554
17.1786
19.3458
112.308
17.8601
19.2088
19.3868
15.9628
109.345
17.0312
16.8303
24.7145
17.2678
107.087
18.8892
16.3026
23.5199
16.9766
105.617
13.3717
18.4389
16.8366
26.6056
109.31
16.0735
19.1395
19.4301
21.6451
106.165
16.3567
19.4987
19.0994
21.4072
106.476
19.1391
17.3592
18.0139
14.0919
112.985
13.9322
18.7682
18.237
23.3513
109.211
19.8306
17.5396
16.5789
19.7793
112.731
16.5187
16.051
17.0507
18.148
105.917
18.7331
21.9743
20.0224
22.0915
104.829
18.0177
18.6249
14.3971
15.1871
108.891
9.81275
16.7646
23.1044
24.6652
103.794
16.9047
15.7746
17.1733
18.9291
102.01
19.3374
17.1885
14.9657
16.8485
112.491
21.0863
20.1257
14.0506
19.263
112.056
14.8393
24.9201
21.2497
19.5002
108.921
17.5778
12.1824
22.4414
11.0076
112.249
23.2268
25.3919
14.8779
13.4487
110.908
13.8717
17.4244
22.9518
19.1352
108.767
21.0112
20.4003
16.9448
12.1276
110.896
20.3438
16.1358
18.4824
12.3193
105.545