1.1921e-10
1.1921e-10
1.1921e-10
1.1921e-10
1.803
1.1921e-10
1.1921e-10
1.1921e-10
1.1921e-10
2.077
1.1921e-10
1.1921e-10
1.1921e-10
1.1921e-10
1.866
1.1921e-10
1.1921e-10
1.1921e-10
1.1921e-10
1.897
1.1921e-10
1.1921e-10
1.1921e-10
1.1921e-10
1.958
1.1921e-10
1.1921e-10
1.1921e-10
1.1921e-10
1.793
1.1921e-10
1.1921e-10
1.1921e-10
1.1921e-10
1.795
1.1921e-10
1.1921e-10
1.1921e-10
1.1921e-10
1.794
1.1921e-10
1.1921e-10
1.1921e-10
1.1921e-10
1.838
1.1921e-10
1.1921e-10
1.1921e-10
1.1921e-10
1.9
1.1921e-10
1.1921e-10
1.1921e-10
1.1921e-10
2.071
1.1921e-10
1.1921e-10
1.1921e-10
1.1921e-10
1.854
1.1921e-10
1.1921e-10
1.1921e-10
1.1921e-10
2.081
1.1921e-10
1.1921e-10
1.1921e-10
1.1921e-10
1.757
1.1921e-10
1.1921e-10
1.1921e-10
1.1921e-10
1.917
1.1921e-10
1.1921e-10
1.1921e-10
1.1921e-10
1.952
1.1921e-10
1.1921e-10
1.1921e-10
1.1921e-10
1.734
1.1921e-10
1.1921e-10
1.1921e-10
1.1921e-10
1.765
1.1921e-10
1.1921e-10
1.1921e-10
1.1921e-10
1.679
1.1921e-10
1.1921e-10
1.1921e-10
1.1921e-10
1.945
1.1921e-10
1.1921e-10
1.1921e-10
1.1921e-10
2.054
1.1921e-10
1.1921e-10
1.1921e-10
1.1921e-10
2
1.1921e-10
1.1921e-10
1.1921e-10
1.1921e-10
1.98
1.1921e-10
1.1921e-10
1.1921e-10
1.1921e-10
1.728
1.1921e-10
1.1921e-10
1.1921e-10
1.1921e-10
1.815
1.1921e-10
1.1921e-10
1.1921e-10
1.1921e-10
2.066
1.1921e-10
1.1921e-10
1.1921e-10
1.1921e-10
1.748
1.1921e-10
1.1921e-10
1.1921e-10
1.1921e-10
2.025
1.1921e-10
1.1921e-10
1.1921e-10
1.1921e-10
1.726
1.1921e-10
1.1921e-10
1.1921e-10
1.1921e-10
1.977
5.37349e-07
4.20047e-07
1.10674e-07
3.22819e-08
3.729
1.33181e-07
2.84672e-08
2.73228e-08
2.77043e-08
3.68
1.87159e-07
1.03617e-07
1.03998e-07
4.62533e-09
3.78
6.56606e-08
5.96048e-09
3.03746e-08
2.80858e-08
3.493
4.48275e-07
1.13011e-08
1.00136e-09
7.29562e-09
3.458
4.61627e-07
6.15121e-09
2.71798e-09
2.14577e-09
3.684
2.90919e-07
1.10483e-07
4.24386e-09
1.00136e-09
3.572
5.7459e-08
1.05906e-07
5.57901e-09
4.81606e-09
3.813
2.40946e-07
5.57901e-09
2.90871e-09
1.00136e-09
3.449
8.47341e-08
5.65053e-08
4.05312e-09
2.14577e-09
3.708
5.17369e-08
1.38283e-09
7.86783e-09
7.29562e-09
3.859
1.64509e-08
1.05143e-07
6.15121e-09
1.05524e-07
3.383
5.36443e-08
9.77518e-09
7.86783e-09
7.10489e-09
3.716
4.41075e-08
6.34195e-09
5.0068e-09
2.90871e-09
3.276
5.44072e-08
2.80858e-08
3.48092e-09
3.48092e-09
3.093
5.86034e-08
1.18733e-08
6.53268e-09
3.09945e-09
3.483
4.2863e-07
1.01567e-08
7.86783e-09
1.00136e-09
3.596
4.55333e-07
1.45436e-08
1.1921e-09
7.48636e-09
3.758
2.40183e-07
2.31266e-08
4.62533e-09
2.71798e-09
3.68
1.93453e-07
1.75953e-08
8.8215e-09
7.48636e-09
3.836
6.4912e-07
1.06859e-07
1.02473e-07
4.24386e-09
3.152
6.64235e-08
2.92302e-08
3.07561e-08
2.14577e-09
3.661
2.92302e-08
2.75136e-08
4.81606e-09
2.52724e-09
3.41
2.01402e-06
8.63077e-09
8.05856e-09
1.1921e-09
3.233
1.33562e-07
4.43459e-09
2.14577e-09
2.33651e-09
3.062
8.33751e-07
3.5143e-08
2.88487e-08
3.86239e-09
3.765
4.06743e-08
1.05381e-08
3.09468e-08
3.09945e-09
3.732
1.02473e-07
1.06096e-07
1.05334e-07
5.57901e-09
3.544
3.78133e-08
1.05381e-08
7.48636e-09
8.10625e-10
3.456
5.1961e-07
2.61784e-08
1.01567e-08
4.29154e-10
3.266
0.310575
0.124909
0.0872693
0.0871367
10.007
0.201443
0.106648
0.22136
0.197962
11.497
0.213676
0.110632
0.104428
0.116235
10.605
0.286609
0.100875
0.116684
0.100411
10.822
0.296499
0.145858
0.196107
0.0778514
11.228
0.243195
0.12746
0.113651
0.120783
11.373
0.190211
0.0843851
0.093175
0.0945752
9.739
0.276929
0.115926
0.0836414
0.0662199
11.302
0.298096
0.112006
0.0714402
0.0778424
10.857
0.278353
0.230813
0.178412
0.198416
11.097
0.278692
0.12693
0.0866299
0.0882783
10.962
0.237306
0.100202
0.0786925
0.0547473
11.205
0.211433
0.131501
0.117769
0.0984164
10.891
0.162567
0.11112
0.102552
0.0873712
11.114
0.23123
0.0865986
0.0979585
0.0988976
11.449
0.163686
0.0988206
0.0833226
0.0884161
11.582
0.180827
0.102024
0.0782222
0.0868444
10.627
0.288029
0.121107
0.0957012
0.0748339
11.577
0.134767
0.0905841
0.0815233
0.0951757
11.209
0.307248
0.0954739
0.0846008
0.0970613
11.494
0.218711
0.0804408
0.087098
0.0800195
10.359
0.203887
0.118024
0.0783589
0.0657649
10.981
0.175385
0.10432
0.102846
0.0917017
11.361
0.301642
0.123252
0.0981815
0.0935983
10.837
0.18492
0.0808887
0.10344
0.0800877
11.274
0.187451
0.0869394
0.0798609
0.0761611
10.919
0.220918
0.128181
0.141025
0.110593
10.714
0.147054
0.110794
0.101416
0.105354
10.071
0.26062
0.154519
0.129773
0.107064
11.017
0.239569
0.0901172
0.088817
0.0929626
10.878