1.1921e-10
1.1921e-10
1.1921e-10
1.1921e-10
9.765
1.1921e-10
1.1921e-10
1.1921e-10
1.1921e-10
9.814
1.1921e-10
1.1921e-10
1.1921e-10
1.1921e-10
9.126
1.1921e-10
1.1921e-10
1.1921e-10
1.1921e-10
9.364
1.1921e-10
1.1921e-10
1.1921e-10
1.1921e-10
9.252
1.1921e-10
1.1921e-10
1.1921e-10
1.1921e-10
8.918
1.1921e-10
1.1921e-10
1.1921e-10
1.1921e-10
9.043
1.1921e-10
1.1921e-10
1.1921e-10
1.1921e-10
8.314
1.1921e-10
1.1921e-10
1.1921e-10
1.1921e-10
9.364
1.1921e-10
1.1921e-10
1.1921e-10
1.1921e-10
9.509
1.1921e-10
1.1921e-10
1.1921e-10
1.1921e-10
9.02
1.1921e-10
1.1921e-10
1.1921e-10
1.1921e-10
8.955
1.1921e-10
1.1921e-10
1.1921e-10
1.1921e-10
9.58
1.1921e-10
1.1921e-10
1.1921e-10
1.1921e-10
9.694
1.1921e-10
1.1921e-10
1.1921e-10
1.1921e-10
9.294
1.1921e-10
1.1921e-10
1.1921e-10
1.1921e-10
9.702
1.1921e-10
1.1921e-10
1.1921e-10
1.1921e-10
9.382
1.1921e-10
1.1921e-10
1.1921e-10
1.1921e-10
9.722
1.1921e-10
1.1921e-10
1.1921e-10
1.1921e-10
9.866
1.1921e-10
1.1921e-10
1.1921e-10
1.1921e-10
9.569
1.1921e-10
1.1921e-10
1.1921e-10
1.1921e-10
9.457
1.1921e-10
1.1921e-10
1.1921e-10
1.1921e-10
9.408
1.1921e-10
1.1921e-10
1.1921e-10
1.1921e-10
8.722
1.1921e-10
1.1921e-10
1.1921e-10
1.1921e-10
9.618
1.1921e-10
1.1921e-10
1.1921e-10
1.1921e-10
9.428
1.1921e-10
1.1921e-10
1.1921e-10
1.1921e-10
9.155
1.1921e-10
1.1921e-10
1.1921e-10
1.1921e-10
8.337
1.1921e-10
1.1921e-10
1.1921e-10
1.1921e-10
9.773
1.1921e-10
1.1921e-10
1.1921e-10
1.1921e-10
9.815
1.1921e-10
1.1921e-10
1.1921e-10
1.1921e-10
9.472
2.62499e-07
3.13283e-08
2.84672e-08
9.77518e-09
19.548
1.6408e-07
1.49203e-07
3.76225e-08
3.24727e-08
18.744
1.43481e-07
1.68085e-07
4.75408e-08
4.69685e-08
18.959
7.00475e-08
2.80858e-08
9.20297e-09
1.11103e-08
18.251
5.61238e-08
2.48433e-08
1.35899e-08
1.2064e-08
18.328
4.54427e-08
1.60694e-08
2.31266e-08
1.70231e-08
18.363
3.24727e-08
1.41621e-08
1.8549e-08
2.38896e-08
18.85
4.90666e-08
5.49794e-08
5.3835e-08
2.8658e-08
18.903
6.73772e-08
5.00203e-08
4.735e-08
1.93119e-08
18.816
1.26362e-08
1.62602e-08
6.53268e-09
8.44003e-09
18.521
1.50729e-07
2.06471e-08
4.20094e-08
2.29359e-08
19.676
4.06743e-08
2.33174e-08
1.47343e-08
1.22547e-08
18.777
5.61238e-08
1.87397e-08
9.01224e-09
7.48636e-09
18.569
4.41075e-08
1.70231e-08
1.89305e-08
1.72139e-08
18.269
2.71321e-08
5.59331e-08
2.27452e-08
8.8215e-09
18.526
2.56062e-08
1.18733e-08
1.37806e-08
1.05381e-08
17.954
3.66688e-08
2.59877e-08
1.45436e-08
1.33991e-08
18.566
1.39714e-08
2.46525e-08
2.2173e-08
7.10489e-09
19.377
3.47615e-08
3.438e-08
2.17915e-08
1.30177e-08
19.544
4.48705e-08
1.51158e-08
1.14918e-08
6.53268e-09
19.333
8.09194e-08
5.78405e-08
1.64509e-08
2.46525e-08
19.093
8.9121e-08
3.53337e-08
2.2173e-08
1.5688e-08
18.879
9.38894e-08
6.52791e-08
2.25544e-08
2.29359e-08
18.95
8.05379e-08
5.15462e-08
1.75953e-08
4.75408e-08
19.142
2.92302e-08
1.79768e-08
2.65599e-08
2.56062e-08
18.542
5.53609e-08
2.12193e-08
1.81675e-08
2.25544e-08
18.792
7.44344e-08
3.20912e-08
1.87397e-08
1.37806e-08
18.391
1.62602e-08
1.16825e-08
1.28269e-08
1.72139e-08
18.558
3.24727e-08
1.68324e-08
1.66416e-08
5.49794e-08
17.559
5.78405e-08
9.58445e-09
1.05381e-08
1.2064e-08
18.343
0.975955
0.633705
0.62811
0.926649
55.63
0.618847
0.725587
0.605102
0.713026
54.886
0.608493
0.775675
0.828596
0.754938
55.788
0.836667
0.695266
0.696508
0.716508
54.366
0.707228
0.952874
0.644091
0.616774
56.292
0.936459
0.504054
0.831891
0.899262
55.88
0.561434
0.760922
0.866876
0.709752
56.244
0.833145
0.839636
0.492349
0.917356
55.397
0.908194
0.710648
0.678168
1.03441
54.792
1.06966
0.71254
0.637787
0.693236
55.658
0.826949
0.787805
1.0436
0.839592
56.124
0.730784
0.625442
0.894784
0.842811
55.605
0.65713
0.655645
0.849923
0.936278
56.521
0.834846
0.899076
0.775261
0.883772
56.435
0.704003
0.783793
0.689744
0.68271
55.258
0.60659
0.806095
1.0866
0.671166
55.582
0.746666
0.797736
0.990683
0.611176
55.094
0.689819
0.737452
0.811424
0.902285
56.534
0.620011
0.600102
0.812938
0.659418
56.666
0.896293
0.703394
0.743055
0.701991
55.91
0.99421
0.495259
0.750083
0.606347
53.507
0.680256
0.862577
0.908817
0.839505
55.794
0.618014
0.673077
0.670632
0.760424
55.156
0.883885
0.568049
0.958208
1.00653
57.143
0.924788
0.736038
0.6805
0.633421
55.939
0.600415
0.646118
0.864124
0.918351
57.274
0.731566
0.845283
0.556692
0.774732
55.689
0.802978
0.717202
0.953685
0.977437
54.307
0.857437
0.975243
0.747906
0.620793
55.951
0.952234
0.578558
0.65486
0.712771
56.422