1.1921e-10
1.1921e-10
1.1921e-10
1.1921e-10
7.292
1.1921e-10
1.1921e-10
1.1921e-10
1.1921e-10
7.248
1.1921e-10
1.1921e-10
1.1921e-10
1.1921e-10
7.3
1.1921e-10
1.1921e-10
1.1921e-10
1.1921e-10
7.272
1.1921e-10
1.1921e-10
1.1921e-10
1.1921e-10
6.969
1.1921e-10
1.1921e-10
1.1921e-10
1.1921e-10
7.249
1.1921e-10
1.1921e-10
1.1921e-10
1.1921e-10
7.303
1.1921e-10
1.1921e-10
1.1921e-10
1.1921e-10
7.217
1.1921e-10
1.1921e-10
1.1921e-10
1.1921e-10
7.158
1.1921e-10
1.1921e-10
1.1921e-10
1.1921e-10
7.301
1.1921e-10
1.1921e-10
1.1921e-10
1.1921e-10
7.228
1.1921e-10
1.1921e-10
1.1921e-10
1.1921e-10
7.161
1.1921e-10
1.1921e-10
1.1921e-10
1.1921e-10
7.209
1.1921e-10
1.1921e-10
1.1921e-10
1.1921e-10
7.288
1.1921e-10
1.1921e-10
1.1921e-10
1.1921e-10
7.294
1.1921e-10
1.1921e-10
1.1921e-10
1.1921e-10
7.201
1.1921e-10
1.1921e-10
1.1921e-10
1.1921e-10
7.221
1.1921e-10
1.1921e-10
1.1921e-10
1.1921e-10
7.248
1.1921e-10
1.1921e-10
1.1921e-10
1.1921e-10
7.227
1.1921e-10
1.1921e-10
1.1921e-10
1.1921e-10
7.236
1.1921e-10
1.1921e-10
1.1921e-10
1.1921e-10
7.239
1.1921e-10
1.1921e-10
1.1921e-10
1.1921e-10
7.24
1.1921e-10
1.1921e-10
1.1921e-10
1.1921e-10
7.197
1.1921e-10
1.1921e-10
1.1921e-10
1.1921e-10
7.278
1.1921e-10
1.1921e-10
1.1921e-10
1.1921e-10
7.253
1.1921e-10
1.1921e-10
1.1921e-10
1.1921e-10
7.214
1.1921e-10
1.1921e-10
1.1921e-10
1.1921e-10
7.23
1.1921e-10
1.1921e-10
1.1921e-10
1.1921e-10
7.198
1.1921e-10
1.1921e-10
1.1921e-10
1.1921e-10
7.219
1.1921e-10
1.1921e-10
1.1921e-10
1.1921e-10
7.204
2.38419e-10
2.38419e-10
2.38419e-10
2.38419e-10
14.232
2.38419e-10
2.38419e-10
2.38419e-10
2.38419e-10
14.169
2.38419e-10
2.38419e-10
2.38419e-10
2.38419e-10
14.139
2.38419e-10
2.38419e-10
2.38419e-10
2.38419e-10
13.705
2.38419e-10
2.38419e-10
2.38419e-10
2.38419e-10
14.247
2.38419e-10
2.38419e-10
2.38419e-10
2.38419e-10
14.37
2.38419e-10
2.38419e-10
2.38419e-10
2.38419e-10
14.131
2.38419e-10
2.38419e-10
2.38419e-10
2.38419e-10
14.22
2.38419e-10
2.38419e-10
2.38419e-10
2.38419e-10
14.282
2.38419e-10
2.38419e-10
2.38419e-10
2.38419e-10
14.244
2.38419e-10
2.38419e-10
2.38419e-10
2.38419e-10
14.356
2.38419e-10
2.38419e-10
2.38419e-10
2.38419e-10
14.261
2.38419e-10
2.38419e-10
2.38419e-10
2.38419e-10
14.141
2.38419e-10
2.38419e-10
2.38419e-10
2.38419e-10
14.253
2.38419e-10
2.38419e-10
2.38419e-10
2.38419e-10
14.236
2.38419e-10
2.38419e-10
2.38419e-10
2.38419e-10
14.195
2.38419e-10
2.38419e-10
2.38419e-10
2.38419e-10
14.257
2.38419e-10
2.38419e-10
2.38419e-10
2.38419e-10
14.268
2.38419e-10
2.38419e-10
2.38419e-10
2.38419e-10
14.013
2.38419e-10
2.38419e-10
2.38419e-10
2.38419e-10
14.13
2.38419e-10
2.38419e-10
2.38419e-10
2.38419e-10
14.123
2.38419e-10
2.38419e-10
2.38419e-10
2.38419e-10
14.023
2.38419e-10
2.38419e-10
2.38419e-10
2.38419e-10
14.143
2.38419e-10
2.38419e-10
2.38419e-10
2.38419e-10
14.076
2.38419e-10
2.38419e-10
2.38419e-10
2.38419e-10
14.087
2.38419e-10
2.38419e-10
2.38419e-10
2.38419e-10
13.922
2.38419e-10
2.38419e-10
2.38419e-10
2.38419e-10
13.782
2.38419e-10
2.38419e-10
2.38419e-10
2.38419e-10
14.209
2.38419e-10
2.38419e-10
2.38419e-10
2.38419e-10
14.314
2.38419e-10
2.38419e-10
2.38419e-10
2.38419e-10
14.345
0.000329112
0.000176378
0.000103356
0.000294113
36.977
0.000103506
0.000225274
0.000105382
9.97886e-05
39.218
0.000365585
0.000268691
0.000142655
0.000246387
38.931
0.000183441
0.000281181
0.000177692
0.000529805
40.154
0.000181576
0.000547576
0.000486316
0.000109675
40.306
0.000337924
0.000297055
0.000160862
0.000132134
38.789
0.000236928
0.000386003
0.000407045
0.000167016
40.564
0.000343428
0.00014236
0.000238249
0.00011791
38.064
0.000143706
0.000132821
9.90091e-05
0.000226293
40.269
0.000114512
0.00123953
0.000120558
0.000200853
39.423
0.000288397
0.00044394
0.000428045
0.000227808
39.801
0.000257733
0.000132785
0.000119116
0.000210299
35.687
0.000233199
0.000331063
0.000292952
0.000251641
39.17
0.000197401
0.000168484
0.000265305
0.000502976
38.133
0.000594429
0.000612337
0.000151338
0.00220456
37.789
0.000133608
0.00015173
0.000213336
0.000338104
39.938
0.000105926
0.000135645
8.04166e-05
0.00024434
39.265
7.01716e-05
8.47324e-05
0.000329342
0.000239377
38.977
0.000255309
0.000140338
0.000271088
0.000159617
39.936
0.000171204
0.000260709
9.68732e-05
0.000537128
38.595
0.000197609
0.000194241
0.000360471
0.000195682
39.912
0.000330456
0.00067787
0.000159932
0.000118002
40.69
0.000218092
0.000205488
0.000444591
0.000296678
40.159
0.000212285
0.000409902
0.000124874
0.00012264
40.194
0.000239876
0.000452789
0.00014023
6.78542e-05
38.046
0.000242854
0.000356644
0.000284761
0.000611149
40.854
0.00018635
0.000140121
0.000301765
0.000208682
40.012
0.000232324
0.000179969
0.000193343
0.00014847
39.45
4.90862e-05
0.000350024
0.00012024
0.000245239
39.687
0.000133731
0.000110551
0.000589708
0.000134384
38.93