3.99829e-08
5.07833e-09
6.60421e-09
6.26804e-08
1.721
3.33071e-08
1.83583e-09
6.99283e-08
3.17097e-09
1.882
9.46524e-09
2.12908e-08
6.91415e-10
2.94924e-08
1.968
2.60592e-08
3.33071e-08
5.10455e-08
4.57049e-08
1.94
3.38793e-08
1.15633e-08
1.65224e-08
2.03371e-08
1.992
6.41347e-09
1.55688e-08
9.33887e-08
7.46967e-08
1.819
3.73126e-08
1.15633e-08
1.13726e-08
1.55688e-08
1.743
2.49148e-08
4.43698e-08
1.26362e-09
6.45877e-08
2.007
1.07312e-07
4.68493e-08
2.28167e-08
1.19448e-08
1.951
8.89303e-09
1.2517e-08
1.03116e-07
9.08377e-09
1.928
7.74862e-09
8.13009e-09
2.35796e-08
3.31164e-08
1.967
1.23263e-08
1.00374e-08
2.208e-07
4.69685e-09
1.993
8.89303e-09
3.25442e-08
6.60421e-09
1.6141e-08
1.914
6.22274e-09
4.31538e-09
2.73943e-08
1.95742e-08
2.02
1.51873e-08
2.24352e-08
3.27349e-08
4.47513e-08
1.963
2.60592e-08
9.84671e-09
5.21899e-08
4.37976e-08
1.912
2.39611e-08
2.77758e-08
1.17541e-08
7.55788e-09
1.798
2.05279e-08
1.74761e-08
3.08276e-08
1.59502e-08
1.911
9.3198e-08
2.59877e-09
2.93017e-08
2.12908e-08
1.767
5.86749e-08
1.45436e-09
6.79494e-09
2.73943e-08
1.884
1.55688e-08
1.80483e-08
2.02656e-09
8.51156e-09
2.034
1.72854e-08
1.17541e-08
6.26804e-08
6.60421e-09
1.992
9.08377e-09
7.55788e-09
1.86205e-08
4.88759e-09
1.932
2.1863e-08
2.16723e-08
1.19448e-08
3.15905e-08
1.993
1.38521e-08
1.19448e-08
6.91654e-08
7.93935e-09
1.796
3.59774e-08
2.39611e-08
7.06912e-08
2.30074e-08
2.035
2.43426e-08
1.30892e-08
1.84298e-08
2.09093e-08
1.865
3.87502e-07
3.57867e-08
1.34707e-08
2.81573e-08
1.867
2.2173e-09
1.28985e-08
2.72036e-08
2.09093e-08
1.946
1.13726e-08
5.65053e-09
8.6713e-08
3.33071e-08
1.74
0.00496534
0.00162726
0.00328753
0.00410575
3.458
0.00168209
0.00167541
0.0032592
0.00349807
3.405
0.00228906
0.00157808
0.00181754
0.00365885
3.361
0.00205726
0.00209357
0.00591263
0.0017226
3.862
0.00520856
0.00528844
0.00444506
0.00215547
3.56
0.00574971
0.0020201
0.00099808
0.00221984
3.735
0.000782201
0.00168463
0.0030602
0.00165402
3.787
0.0013347
0.00119998
0.0015177
0.00149593
3.535
0.00278989
0.00203834
0.00234981
0.00315755
3.669
0.00215214
0.00106822
0.00295118
0.00146832
3.883
0.00223696
0.00287905
0.00328838
0.00126784
3.382
0.00290365
0.00363744
0.00195808
0.00174977
3.551
0.00311145
0.00126564
0.002492
0.00231641
3.762
0.00341479
0.00252228
0.00447544
0.0033057
3.559
0.00247417
0.00385692
0.00239863
0.00123122
3.71
0.00379406
0.00198188
0.00121174
0.00260783
3.727
0.00498815
0.00182225
0.00136709
0.00647162
3.874
0.00480327
0.00236058
0.00250847
0.00258365
3.685
0.00232475
0.00167753
0.00310812
0.00176033
3.712
0.000948872
0.0026684
0.0018683
0.00370293
3.948
0.00196496
0.00168493
0.00318665
0.00275006
3.534
0.00517362
0.00400021
0.000887117
0.00130371
3.792
0.00415137
0.00201337
0.00556166
0.00358801
3.913
0.00094331
0.00568872
0.00319455
0.00130763
3.817
0.00281426
0.00301203
0.00193031
0.00247501
3.469
0.0016082
0.00367061
0.00203552
0.00397361
3.79
0.00157044
0.00171178
0.00383839
0.00157909
3.678
0.00141947
0.00172773
0.000672936
0.00342362
3.352
0.00169237
0.00280358
0.0017447
0.00251356
3.523
0.00162737
0.001512
0.00344311
0.00114629
3.294
11.354
13.4582
12.8089
11.9063
9.283
13.9772
11.0856
10.2093
11.4703
10.568
11.798
12.1185
8.46048
8.52874
10.09
7.06844
10.077
10.2423
8.14041
10.918
18.6968
6.70576
12.0447
9.4945
11.364
6.28242
11.4569
11.1854
14.5311
9.616
9.34606
9.74315
9.27081
11.6736
10.739
13.2668
11.9534
10.2452
11.4747
10.714
11.5113
11.3062
10.3352
10.9486
10.887
12.4535
12.5325
9.81084
10.8741
10.893
13.0471
9.92681
9.98381
11.857
10.025
7.88715
12.3628
11.5693
10.8036
10.838
8.80278
11.298
11.7347
6.73668
10.781
9.72894
13.8091
4.84515
8.47032
10.581
13.913
11.5532
14.1349
9.25975
11.476
14.6171
15.5516
11.01
10.8965
11.093
8.82921
9.83086
10.5943
8.16144
10.764
16.7977
12.4828
10.0976
8.9773
11.069
11.0008
10.5336
8.66939
11.8633
11.067
11.682
12.1719
8.40858
8.50106
10.858
10.916
10.8571
8.47434
7.18216
11.095
13.2988
13.1597
8.53061
8.35882
10.968
12.8953
11.8265
11.9134
11.7928
10.606
11.1591
10.4895
12.3412
11.1135
10.758
11.884
8.95159
9.01201
11.9425
10.212
10.68
13.4731
8.09089
13.8434
9.415
9.27698
9.01325
11.7874
8.71854
10.635
9.85973
8.47876
10.3862
11.6577
10.507
6.20606
6.44343
8.93659
9.47024
10.842
11.2786
7.38477
7.46547
11.1408
10.611